,DATE,GEOGRAPHY_CODE,GEOGRAPHY_TYPE,GEOGRAPHY_TYPECODE,CELL_NAME,OBS_VALUE
0,2011,E01030253,2011 super output areas - lower layer,298,Age 85 to 89,0.0
1,2011,E01030253,2011 super output areas - lower layer,298,Age 90 and over,0.0
2,2011,E01030253,2011 super output areas - lower layer,298,Mean Age,
3,2011,E01030253,2011 super output areas - lower layer,298,Median Age,0.5
4,2011,E01030272,2011 super output areas - lower layer,298,All usual residents,1496.0
5,2011,E01030272,2011 super output areas - lower layer,298,Age 0 to 4,37.0
6,2011,E01030272,2011 super output areas - lower layer,298,Age 5 to 7,30.0
7,2011,E01030272,2011 super output areas - lower layer,298,Age 8 to 9,31.0
8,2011,E01030272,2011 super output areas - lower layer,298,Age 10 to 14,69.0
9,2011,E01030272,2011 super output areas - lower layer,298,Age 15,17.0
10,2011,E01030272,2011 super output areas - lower layer,298,Age 16 to 17,29.0
11,2011,E01030272,2011 super output areas - lower layer,298,Age 18 to 19,20.0
12,2011,E01030272,2011 super output areas - lower layer,298,Age 20 to 24,51.0
13,2011,E01030272,2011 super output areas - lower layer,298,Age 25 to 29,47.0
14,2011,E01030272,2011 super output areas - lower layer,298,Age 30 to 44,206.0
15,2011,E01030272,2011 super output areas - lower layer,298,Age 45 to 59,299.0
16,2011,E01030272,2011 super output areas - lower layer,298,Age 60 to 64,133.0
17,2011,E01030272,2011 super output areas - lower layer,298,Age 65 to 74,281.0
18,2011,E01030272,2011 super output areas - lower layer,298,Age 75 to 84,180.0
19,2011,E01030272,2011 super output areas - lower layer,298,Age 85 to 89,46.0
20,2011,E01030272,2011 super output areas - lower layer,298,Age 90 and over,20.0
21,2011,E01030272,2011 super output areas - lower layer,298,Mean Age,51.0
22,2011,E01030272,2011 super output areas - lower layer,298,Median Age,56.0
23,2011,E01030272,2011 super output areas - lower layer,298,All usual residents,0.0
24,2011,E01030272,2011 super output areas - lower layer,298,Age 0 to 4,0.0
25,2011,E01030272,2011 super output areas - lower layer,298,Age 5 to 7,0.0
26,2011,E01030272,2011 super output areas - lower layer,298,Age 8 to 9,0.0
27,2011,E01030272,2011 super output areas - lower layer,298,Age 10 to 14,0.0
28,2011,E01030272,2011 super output areas - lower layer,298,Age 15,0.0
29,2011,E01030272,2011 super output areas - lower layer,298,Age 16 to 17,0.0
30,2011,E01030272,2011 super output areas - lower layer,298,Age 18 to 19,0.0
31,2011,E01030272,2011 super output areas - lower layer,298,Age 20 to 24,0.0
32,2011,E01030272,2011 super output areas - lower layer,298,Age 25 to 29,0.0
33,2011,E01030272,2011 super output areas - lower layer,298,Age 30 to 44,0.0
34,2011,E01030272,2011 super output areas - lower layer,298,Age 45 to 59,0.0
35,2011,E01030272,2011 super output areas - lower layer,298,Age 60 to 64,0.0
36,2011,E01030272,2011 super output areas - lower layer,298,Age 65 to 74,0.0
37,2011,E01030272,2011 super output areas - lower layer,298,Age 75 to 84,0.0
38,2011,E01030272,2011 super output areas - lower layer,298,Age 85 to 89,0.0
39,2011,E01030272,2011 super output areas - lower layer,298,Age 90 and over,0.0
40,2011,E01030272,2011 super output areas - lower layer,298,Mean Age,
41,2011,E01030272,2011 super output areas - lower layer,298,Median Age,0.5
42,2011,E01030272,2011 super output areas - lower layer,298,All usual residents,0.0
43,2011,E01030272,2011 super output areas - lower layer,298,Age 0 to 4,0.0
44,2011,E01030272,2011 super output areas - lower layer,298,Age 5 to 7,0.0
45,2011,E01030272,2011 super output areas - lower layer,298,Age 8 to 9,0.0
46,2011,E01030272,2011 super output areas - lower layer,298,Age 10 to 14,0.0
47,2011,E01030272,2011 super output areas - lower layer,298,Age 15,0.0
48,2011,E01030272,2011 super output areas - lower layer,298,Age 16 to 17,0.0
49,2011,E01030272,2011 super output areas - lower layer,298,Age 18 to 19,0.0
50,2011,E01030272,2011 super output areas - lower layer,298,Age 20 to 24,0.0
51,2011,E01030272,2011 super output areas - lower layer,298,Age 25 to 29,0.0
52,2011,E01030272,2011 super output areas - lower layer,298,Age 30 to 44,0.0
53,2011,E01030272,2011 super output areas - lower layer,298,Age 45 to 59,0.0
54,2011,E01030272,2011 super output areas - lower layer,298,Age 60 to 64,0.0
55,2011,E01030272,2011 super output areas - lower layer,298,Age 65 to 74,0.0
56,2011,E01030272,2011 super output areas - lower layer,298,Age 75 to 84,0.0
57,2011,E01030272,2011 super output areas - lower layer,298,Age 85 to 89,0.0
58,2011,E01030272,2011 super output areas - lower layer,298,Age 90 and over,0.0
59,2011,E01030272,2011 super output areas - lower layer,298,Mean Age,
60,2011,E01030272,2011 super output areas - lower layer,298,Median Age,0.5
61,2011,E01030272,2011 super output areas - lower layer,298,All usual residents,0.0
62,2011,E01030272,2011 super output areas - lower layer,298,Age 0 to 4,0.0
63,2011,E01030272,2011 super output areas - lower layer,298,Age 5 to 7,0.0
64,2011,E01030272,2011 super output areas - lower layer,298,Age 8 to 9,0.0
65,2011,E01030272,2011 super output areas - lower layer,298,Age 10 to 14,0.0
66,2011,E01030272,2011 super output areas - lower layer,298,Age 15,0.0
67,2011,E01030272,2011 super output areas - lower layer,298,Age 16 to 17,0.0
68,2011,E01030272,2011 super output areas - lower layer,298,Age 18 to 19,0.0
69,2011,E01030272,2011 super output areas - lower layer,298,Age 20 to 24,0.0
70,2011,E01030272,2011 super output areas - lower layer,298,Age 25 to 29,0.0
71,2011,E01030272,2011 super output areas - lower layer,298,Age 30 to 44,0.0
72,2011,E01030272,2011 super output areas - lower layer,298,Age 45 to 59,0.0
73,2011,E01030272,2011 super output areas - lower layer,298,Age 60 to 64,0.0
74,2011,E01030272,2011 super output areas - lower layer,298,Age 65 to 74,0.0
75,2011,E01030272,2011 super output areas - lower layer,298,Age 75 to 84,0.0
76,2011,E01030272,2011 super output areas - lower layer,298,Age 85 to 89,0.0
77,2011,E01030272,2011 super output areas - lower layer,298,Age 90 and over,0.0
78,2011,E01030272,2011 super output areas - lower layer,298,Mean Age,
79,2011,E01030272,2011 super output areas - lower layer,298,Median Age,0.5
80,2011,E01030272,2011 super output areas - lower layer,298,All usual residents,0.0
81,2011,E01030272,2011 super output areas - lower layer,298,Age 0 to 4,0.0
82,2011,E01030272,2011 super output areas - lower layer,298,Age 5 to 7,0.0
83,2011,E01030272,2011 super output areas - lower layer,298,Age 8 to 9,0.0
84,2011,E01030272,2011 super output areas - lower layer,298,Age 10 to 14,0.0
85,2011,E01030272,2011 super output areas - lower layer,298,Age 15,0.0
86,2011,E01030272,2011 super output areas - lower layer,298,Age 16 to 17,0.0
87,2011,E01030272,2011 super output areas - lower layer,298,Age 18 to 19,0.0
88,2011,E01030272,2011 super output areas - lower layer,298,Age 20 to 24,0.0
89,2011,E01030272,2011 super output areas - lower layer,298,Age 25 to 29,0.0
90,2011,E01030272,2011 super output areas - lower layer,298,Age 30 to 44,0.0
91,2011,E01030272,2011 super output areas - lower layer,298,Age 45 to 59,0.0
92,2011,E01030272,2011 super output areas - lower layer,298,Age 60 to 64,0.0
93,2011,E01030272,2011 super output areas - lower layer,298,Age 65 to 74,0.0
94,2011,E01030272,2011 super output areas - lower layer,298,Age 75 to 84,0.0
95,2011,E01030272,2011 super output areas - lower layer,298,Age 85 to 89,0.0
96,2011,E01030272,2011 super output areas - lower layer,298,Age 90 and over,0.0
97,2011,E01030272,2011 super output areas - lower layer,298,Mean Age,
98,2011,E01030272,2011 super output areas - lower layer,298,Median Age,0.5
99,2011,E01030272,2011 super output areas - lower layer,298,All usual residents,0.0
100,2011,E01030272,2011 super output areas - lower layer,298,Age 0 to 4,0.0
101,2011,E01030272,2011 super output areas - lower layer,298,Age 5 to 7,0.0
102,2011,E01030272,2011 super output areas - lower layer,298,Age 8 to 9,0.0
103,2011,E01030272,2011 super output areas - lower layer,298,Age 10 to 14,0.0
104,2011,E01030272,2011 super output areas - lower layer,298,Age 15,0.0
105,2011,E01030272,2011 super output areas - lower layer,298,Age 16 to 17,0.0
106,2011,E01030272,2011 super output areas - lower layer,298,Age 18 to 19,0.0
107,2011,E01030272,2011 super output areas - lower layer,298,Age 20 to 24,0.0
108,2011,E01030272,2011 super output areas - lower layer,298,Age 25 to 29,0.0
109,2011,E01030272,2011 super output areas - lower layer,298,Age 30 to 44,0.0
110,2011,E01030272,2011 super output areas - lower layer,298,Age 45 to 59,0.0
111,2011,E01030272,2011 super output areas - lower layer,298,Age 60 to 64,0.0
112,2011,E01030272,2011 super output areas - lower layer,298,Age 65 to 74,0.0
113,2011,E01030272,2011 super output areas - lower layer,298,Age 75 to 84,0.0
114,2011,E01030272,2011 super output areas - lower layer,298,Age 85 to 89,0.0
115,2011,E01030272,2011 super output areas - lower layer,298,Age 90 and over,0.0
116,2011,E01030272,2011 super output areas - lower layer,298,Mean Age,
117,2011,E01030272,2011 super output areas - lower layer,298,Median Age,0.5
118,2011,E01030272,2011 super output areas - lower layer,298,All usual residents,0.0
119,2011,E01030272,2011 super output areas - lower layer,298,Age 0 to 4,0.0
120,2011,E01030272,2011 super output areas - lower layer,298,Age 5 to 7,0.0
121,2011,E01030272,2011 super output areas - lower layer,298,Age 8 to 9,0.0
122,2011,E01030272,2011 super output areas - lower layer,298,Age 10 to 14,0.0
123,2011,E01030272,2011 super output areas - lower layer,298,Age 15,0.0
124,2011,E01030272,2011 super output areas - lower layer,298,Age 16 to 17,0.0
125,2011,E01030272,2011 super output areas - lower layer,298,Age 18 to 19,0.0
126,2011,E01030272,2011 super output areas - lower layer,298,Age 20 to 24,0.0
127,2011,E01030272,2011 super output areas - lower layer,298,Age 25 to 29,0.0
128,2011,E01030272,2011 super output areas - lower layer,298,Age 30 to 44,0.0
129,2011,E01030272,2011 super output areas - lower layer,298,Age 45 to 59,0.0
130,2011,E01030272,2011 super output areas - lower layer,298,Age 60 to 64,0.0
131,2011,E01030272,2011 super output areas - lower layer,298,Age 65 to 74,0.0
132,2011,E01030272,2011 super output areas - lower layer,298,Age 75 to 84,0.0
133,2011,E01030272,2011 super output areas - lower layer,298,Age 85 to 89,0.0
134,2011,E01030272,2011 super output areas - lower layer,298,Age 90 and over,0.0
135,2011,E01030272,2011 super output areas - lower layer,298,Mean Age,
136,2011,E01030272,2011 super output areas - lower layer,298,Median Age,0.5
137,2011,E01030272,2011 super output areas - lower layer,298,All usual residents,0.0
138,2011,E01030272,2011 super output areas - lower layer,298,Age 0 to 4,0.0
139,2011,E01030272,2011 super output areas - lower layer,298,Age 5 to 7,0.0
140,2011,E01030272,2011 super output areas - lower layer,298,Age 8 to 9,0.0
141,2011,E01030272,2011 super output areas - lower layer,298,Age 10 to 14,0.0
142,2011,E01030272,2011 super output areas - lower layer,298,Age 15,0.0
143,2011,E01030272,2011 super output areas - lower layer,298,Age 16 to 17,0.0
144,2011,E01030272,2011 super output areas - lower layer,298,Age 18 to 19,0.0
145,2011,E01030272,2011 super output areas - lower layer,298,Age 20 to 24,0.0
146,2011,E01030272,2011 super output areas - lower layer,298,Age 25 to 29,0.0
147,2011,E01030272,2011 super output areas - lower layer,298,Age 30 to 44,0.0
148,2011,E01030272,2011 super output areas - lower layer,298,Age 45 to 59,0.0
149,2011,E01030272,2011 super output areas - lower layer,298,Age 60 to 64,0.0
150,2011,E01030272,2011 super output areas - lower layer,298,Age 65 to 74,0.0
151,2011,E01030272,2011 super output areas - lower layer,298,Age 75 to 84,0.0
152,2011,E01030272,2011 super output areas - lower layer,298,Age 85 to 89,0.0
153,2011,E01030272,2011 super output areas - lower layer,298,Age 90 and over,0.0
154,2011,E01030272,2011 super output areas - lower layer,298,Mean Age,
155,2011,E01030272,2011 super output areas - lower layer,298,Median Age,0.5
156,2011,E01030272,2011 super output areas - lower layer,298,All usual residents,0.0
157,2011,E01030272,2011 super output areas - lower layer,298,Age 0 to 4,0.0
158,2011,E01030272,2011 super output areas - lower layer,298,Age 5 to 7,0.0
159,2011,E01030272,2011 super output areas - lower layer,298,Age 8 to 9,0.0
160,2011,E01030272,2011 super output areas - lower layer,298,Age 10 to 14,0.0
161,2011,E01030272,2011 super output areas - lower layer,298,Age 15,0.0
162,2011,E01030272,2011 super output areas - lower layer,298,Age 16 to 17,0.0
163,2011,E01030272,2011 super output areas - lower layer,298,Age 18 to 19,0.0
164,2011,E01030272,2011 super output areas - lower layer,298,Age 20 to 24,0.0
165,2011,E01030272,2011 super output areas - lower layer,298,Age 25 to 29,0.0
166,2011,E01030272,2011 super output areas - lower layer,298,Age 30 to 44,0.0
167,2011,E01030272,2011 super output areas - lower layer,298,Age 45 to 59,0.0
168,2011,E01030272,2011 super output areas - lower layer,298,Age 60 to 64,0.0
169,2011,E01030272,2011 super output areas - lower layer,298,Age 65 to 74,0.0
170,2011,E01030272,2011 super output areas - lower layer,298,Age 75 to 84,0.0
171,2011,E01030272,2011 super output areas - lower layer,298,Age 85 to 89,0.0
172,2011,E01030272,2011 super output areas - lower layer,298,Age 90 and over,0.0
173,2011,E01030272,2011 super output areas - lower layer,298,Mean Age,
174,2011,E01030272,2011 super output areas - lower layer,298,Median Age,0.5
175,2011,E01030272,2011 super output areas - lower layer,298,All usual residents,0.0
176,2011,E01030272,2011 super output areas - lower layer,298,Age 0 to 4,0.0
177,2011,E01030272,2011 super output areas - lower layer,298,Age 5 to 7,0.0
178,2011,E01030272,2011 super output areas - lower layer,298,Age 8 to 9,0.0
179,2011,E01030272,2011 super output areas - lower layer,298,Age 10 to 14,0.0
180,2011,E01030272,2011 super output areas - lower layer,298,Age 15,0.0
181,2011,E01030272,2011 super output areas - lower layer,298,Age 16 to 17,0.0
182,2011,E01030272,2011 super output areas - lower layer,298,Age 18 to 19,0.0
183,2011,E01030272,2011 super output areas - lower layer,298,Age 20 to 24,0.0
184,2011,E01030272,2011 super output areas - lower layer,298,Age 25 to 29,0.0
185,2011,E01030272,2011 super output areas - lower layer,298,Age 30 to 44,0.0
186,2011,E01030272,2011 super output areas - lower layer,298,Age 45 to 59,0.0
187,2011,E01030272,2011 super output areas - lower layer,298,Age 60 to 64,0.0
188,2011,E01030272,2011 super output areas - lower layer,298,Age 65 to 74,0.0
189,2011,E01030272,2011 super output areas - lower layer,298,Age 75 to 84,0.0
190,2011,E01030272,2011 super output areas - lower layer,298,Age 85 to 89,0.0
191,2011,E01030272,2011 super output areas - lower layer,298,Age 90 and over,0.0
192,2011,E01030272,2011 super output areas - lower layer,298,Mean Age,
193,2011,E01030272,2011 super output areas - lower layer,298,Median Age,0.5
194,2011,E01030272,2011 super output areas - lower layer,298,All usual residents,0.0
195,2011,E01030272,2011 super output areas - lower layer,298,Age 0 to 4,0.0
196,2011,E01030272,2011 super output areas - lower layer,298,Age 5 to 7,0.0
197,2011,E01030272,2011 super output areas - lower layer,298,Age 8 to 9,0.0
198,2011,E01030272,2011 super output areas - lower layer,298,Age 10 to 14,0.0
199,2011,E01030272,2011 super output areas - lower layer,298,Age 15,0.0
200,2011,E01030272,2011 super output areas - lower layer,298,Age 16 to 17,0.0
201,2011,E01030272,2011 super output areas - lower layer,298,Age 18 to 19,0.0
202,2011,E01030272,2011 super output areas - lower layer,298,Age 20 to 24,0.0
203,2011,E01030272,2011 super output areas - lower layer,298,Age 25 to 29,0.0
204,2011,E01030272,2011 super output areas - lower layer,298,Age 30 to 44,0.0
205,2011,E01030272,2011 super output areas - lower layer,298,Age 45 to 59,0.0
206,2011,E01030272,2011 super output areas - lower layer,298,Age 60 to 64,0.0
207,2011,E01030272,2011 super output areas - lower layer,298,Age 65 to 74,0.0
208,2011,E01030272,2011 super output areas - lower layer,298,Age 75 to 84,0.0
209,2011,E01030272,2011 super output areas - lower layer,298,Age 85 to 89,0.0
210,2011,E01030272,2011 super output areas - lower layer,298,Age 90 and over,0.0
211,2011,E01030272,2011 super output areas - lower layer,298,Mean Age,
212,2011,E01030272,2011 super output areas - lower layer,298,Median Age,0.5
213,2011,E01030272,2011 super output areas - lower layer,298,All usual residents,0.0
214,2011,E01030272,2011 super output areas - lower layer,298,Age 0 to 4,0.0
215,2011,E01030272,2011 super output areas - lower layer,298,Age 5 to 7,0.0
216,2011,E01030272,2011 super output areas - lower layer,298,Age 8 to 9,0.0
217,2011,E01030272,2011 super output areas - lower layer,298,Age 10 to 14,0.0
218,2011,E01030272,2011 super output areas - lower layer,298,Age 15,0.0
219,2011,E01030272,2011 super output areas - lower layer,298,Age 16 to 17,0.0
220,2011,E01030272,2011 super output areas - lower layer,298,Age 18 to 19,0.0
221,2011,E01030272,2011 super output areas - lower layer,298,Age 20 to 24,0.0
222,2011,E01030272,2011 super output areas - lower layer,298,Age 25 to 29,0.0
223,2011,E01030272,2011 super output areas - lower layer,298,Age 30 to 44,0.0
224,2011,E01030272,2011 super output areas - lower layer,298,Age 45 to 59,0.0
225,2011,E01030272,2011 super output areas - lower layer,298,Age 60 to 64,0.0
226,2011,E01030272,2011 super output areas - lower layer,298,Age 65 to 74,0.0
227,2011,E01030272,2011 super output areas - lower layer,298,Age 75 to 84,0.0
228,2011,E01030272,2011 super output areas - lower layer,298,Age 85 to 89,0.0
229,2011,E01030272,2011 super output areas - lower layer,298,Age 90 and over,0.0
230,2011,E01030272,2011 super output areas - lower layer,298,Mean Age,
231,2011,E01030272,2011 super output areas - lower layer,298,Median Age,0.5
232,2011,E01030272,2011 super output areas - lower layer,298,All usual residents,0.0
233,2011,E01030272,2011 super output areas - lower layer,298,Age 0 to 4,0.0
234,2011,E01030272,2011 super output areas - lower layer,298,Age 5 to 7,0.0
235,2011,E01030272,2011 super output areas - lower layer,298,Age 8 to 9,0.0
236,2011,E01030272,2011 super output areas - lower layer,298,Age 10 to 14,0.0
237,2011,E01030272,2011 super output areas - lower layer,298,Age 15,0.0
238,2011,E01030272,2011 super output areas - lower layer,298,Age 16 to 17,0.0
239,2011,E01030272,2011 super output areas - lower layer,298,Age 18 to 19,0.0
240,2011,E01030272,2011 super output areas - lower layer,298,Age 20 to 24,0.0
241,2011,E01030272,2011 super output areas - lower layer,298,Age 25 to 29,0.0
242,2011,E01030272,2011 super output areas - lower layer,298,Age 30 to 44,0.0
243,2011,E01030272,2011 super output areas - lower layer,298,Age 45 to 59,0.0
244,2011,E01030272,2011 super output areas - lower layer,298,Age 60 to 64,0.0
245,2011,E01030272,2011 super output areas - lower layer,298,Age 65 to 74,0.0
246,2011,E01030272,2011 super output areas - lower layer,298,Age 75 to 84,0.0
247,2011,E01030272,2011 super output areas - lower layer,298,Age 85 to 89,0.0
248,2011,E01030272,2011 super output areas - lower layer,298,Age 90 and over,0.0
249,2011,E01030272,2011 super output areas - lower layer,298,Mean Age,
250,2011,E01030272,2011 super output areas - lower layer,298,Median Age,0.5
251,2011,E01030273,2011 super output areas - lower layer,298,All usual residents,1520.0
252,2011,E01030273,2011 super output areas - lower layer,298,Age 0 to 4,49.0
253,2011,E01030273,2011 super output areas - lower layer,298,Age 5 to 7,25.0
254,2011,E01030273,2011 super output areas - lower layer,298,Age 8 to 9,15.0
255,2011,E01030273,2011 super output areas - lower layer,298,Age 10 to 14,41.0
256,2011,E01030273,2011 super output areas - lower layer,298,Age 15,9.0
257,2011,E01030273,2011 super output areas - lower layer,298,Age 16 to 17,19.0
258,2011,E01030273,2011 super output areas - lower layer,298,Age 18 to 19,28.0
259,2011,E01030273,2011 super output areas - lower layer,298,Age 20 to 24,63.0
260,2011,E01030273,2011 super output areas - lower layer,298,Age 25 to 29,53.0
261,2011,E01030273,2011 super output areas - lower layer,298,Age 30 to 44,164.0
262,2011,E01030273,2011 super output areas - lower layer,298,Age 45 to 59,274.0
263,2011,E01030273,2011 super output areas - lower layer,298,Age 60 to 64,159.0
264,2011,E01030273,2011 super output areas - lower layer,298,Age 65 to 74,344.0
265,2011,E01030273,2011 super output areas - lower layer,298,Age 75 to 84,210.0
266,2011,E01030273,2011 super output areas - lower layer,298,Age 85 to 89,48.0
267,2011,E01030273,2011 super output areas - lower layer,298,Age 90 and over,19.0
268,2011,E01030273,2011 super output areas - lower layer,298,Mean Age,53.4
269,2011,E01030273,2011 super output areas - lower layer,298,Median Age,60.0
270,2011,E01030273,2011 super output areas - lower layer,298,All usual residents,0.0
271,2011,E01030273,2011 super output areas - lower layer,298,Age 0 to 4,0.0
272,2011,E01030273,2011 super output areas - lower layer,298,Age 5 to 7,0.0
273,2011,E01030273,2011 super output areas - lower layer,298,Age 8 to 9,0.0
274,2011,E01030273,2011 super output areas - lower layer,298,Age 10 to 14,0.0
275,2011,E01030273,2011 super output areas - lower layer,298,Age 15,0.0
276,2011,E01030273,2011 super output areas - lower layer,298,Age 16 to 17,0.0
277,2011,E01030273,2011 super output areas - lower layer,298,Age 18 to 19,0.0
278,2011,E01030273,2011 super output areas - lower layer,298,Age 20 to 24,0.0
279,2011,E01030273,2011 super output areas - lower layer,298,Age 25 to 29,0.0
280,2011,E01030273,2011 super output areas - lower layer,298,Age 30 to 44,0.0
281,2011,E01030273,2011 super output areas - lower layer,298,Age 45 to 59,0.0
282,2011,E01030273,2011 super output areas - lower layer,298,Age 60 to 64,0.0
283,2011,E01030273,2011 super output areas - lower layer,298,Age 65 to 74,0.0
284,2011,E01030273,2011 super output areas - lower layer,298,Age 75 to 84,0.0
285,2011,E01030273,2011 super output areas - lower layer,298,Age 85 to 89,0.0
286,2011,E01030273,2011 super output areas - lower layer,298,Age 90 and over,0.0
287,2011,E01030273,2011 super output areas - lower layer,298,Mean Age,
288,2011,E01030273,2011 super output areas - lower layer,298,Median Age,0.5
289,2011,E01030273,2011 super output areas - lower layer,298,All usual residents,0.0
290,2011,E01030273,2011 super output areas - lower layer,298,Age 0 to 4,0.0
291,2011,E01030273,2011 super output areas - lower layer,298,Age 5 to 7,0.0
292,2011,E01030273,2011 super output areas - lower layer,298,Age 8 to 9,0.0
293,2011,E01030273,2011 super output areas - lower layer,298,Age 10 to 14,0.0
294,2011,E01030273,2011 super output areas - lower layer,298,Age 15,0.0
295,2011,E01030273,2011 super output areas - lower layer,298,Age 16 to 17,0.0
296,2011,E01030273,2011 super output areas - lower layer,298,Age 18 to 19,0.0
297,2011,E01030273,2011 super output areas - lower layer,298,Age 20 to 24,0.0
298,2011,E01030273,2011 super output areas - lower layer,298,Age 25 to 29,0.0
299,2011,E01030273,2011 super output areas - lower layer,298,Age 30 to 44,0.0
300,2011,E01030273,2011 super output areas - lower layer,298,Age 45 to 59,0.0
301,2011,E01030273,2011 super output areas - lower layer,298,Age 60 to 64,0.0
302,2011,E01030273,2011 super output areas - lower layer,298,Age 65 to 74,0.0
303,2011,E01030273,2011 super output areas - lower layer,298,Age 75 to 84,0.0
304,2011,E01030273,2011 super output areas - lower layer,298,Age 85 to 89,0.0
305,2011,E01030273,2011 super output areas - lower layer,298,Age 90 and over,0.0
306,2011,E01030273,2011 super output areas - lower layer,298,Mean Age,
307,2011,E01030273,2011 super output areas - lower layer,298,Median Age,0.5
308,2011,E01030273,2011 super output areas - lower layer,298,All usual residents,0.0
309,2011,E01030273,2011 super output areas - lower layer,298,Age 0 to 4,0.0
310,2011,E01030273,2011 super output areas - lower layer,298,Age 5 to 7,0.0
311,2011,E01030273,2011 super output areas - lower layer,298,Age 8 to 9,0.0
312,2011,E01030273,2011 super output areas - lower layer,298,Age 10 to 14,0.0
313,2011,E01030273,2011 super output areas - lower layer,298,Age 15,0.0
314,2011,E01030273,2011 super output areas - lower layer,298,Age 16 to 17,0.0
315,2011,E01030273,2011 super output areas - lower layer,298,Age 18 to 19,0.0
316,2011,E01030273,2011 super output areas - lower layer,298,Age 20 to 24,0.0
317,2011,E01030273,2011 super output areas - lower layer,298,Age 25 to 29,0.0
318,2011,E01030273,2011 super output areas - lower layer,298,Age 30 to 44,0.0
319,2011,E01030273,2011 super output areas - lower layer,298,Age 45 to 59,0.0
320,2011,E01030273,2011 super output areas - lower layer,298,Age 60 to 64,0.0
321,2011,E01030273,2011 super output areas - lower layer,298,Age 65 to 74,0.0
322,2011,E01030273,2011 super output areas - lower layer,298,Age 75 to 84,0.0
323,2011,E01030273,2011 super output areas - lower layer,298,Age 85 to 89,0.0
324,2011,E01030273,2011 super output areas - lower layer,298,Age 90 and over,0.0
325,2011,E01030273,2011 super output areas - lower layer,298,Mean Age,
326,2011,E01030273,2011 super output areas - lower layer,298,Median Age,0.5
327,2011,E01030273,2011 super output areas - lower layer,298,All usual residents,0.0
328,2011,E01030273,2011 super output areas - lower layer,298,Age 0 to 4,0.0
329,2011,E01030273,2011 super output areas - lower layer,298,Age 5 to 7,0.0
330,2011,E01030273,2011 super output areas - lower layer,298,Age 8 to 9,0.0
331,2011,E01030273,2011 super output areas - lower layer,298,Age 10 to 14,0.0
332,2011,E01030273,2011 super output areas - lower layer,298,Age 15,0.0
333,2011,E01030273,2011 super output areas - lower layer,298,Age 16 to 17,0.0
334,2011,E01030273,2011 super output areas - lower layer,298,Age 18 to 19,0.0
335,2011,E01030273,2011 super output areas - lower layer,298,Age 20 to 24,0.0
336,2011,E01030273,2011 super output areas - lower layer,298,Age 25 to 29,0.0
337,2011,E01030273,2011 super output areas - lower layer,298,Age 30 to 44,0.0
338,2011,E01030273,2011 super output areas - lower layer,298,Age 45 to 59,0.0
339,2011,E01030273,2011 super output areas - lower layer,298,Age 60 to 64,0.0
340,2011,E01030273,2011 super output areas - lower layer,298,Age 65 to 74,0.0
341,2011,E01030273,2011 super output areas - lower layer,298,Age 75 to 84,0.0
342,2011,E01030273,2011 super output areas - lower layer,298,Age 85 to 89,0.0
343,2011,E01030273,2011 super output areas - lower layer,298,Age 90 and over,0.0
344,2011,E01030273,2011 super output areas - lower layer,298,Mean Age,
345,2011,E01030273,2011 super output areas - lower layer,298,Median Age,0.5
346,2011,E01030273,2011 super output areas - lower layer,298,All usual residents,0.0
347,2011,E01030273,2011 super output areas - lower layer,298,Age 0 to 4,0.0
348,2011,E01030273,2011 super output areas - lower layer,298,Age 5 to 7,0.0
349,2011,E01030273,2011 super output areas - lower layer,298,Age 8 to 9,0.0
350,2011,E01030273,2011 super output areas - lower layer,298,Age 10 to 14,0.0
351,2011,E01030273,2011 super output areas - lower layer,298,Age 15,0.0
352,2011,E01030273,2011 super output areas - lower layer,298,Age 16 to 17,0.0
353,2011,E01030273,2011 super output areas - lower layer,298,Age 18 to 19,0.0
354,2011,E01030273,2011 super output areas - lower layer,298,Age 20 to 24,0.0
355,2011,E01030273,2011 super output areas - lower layer,298,Age 25 to 29,0.0
356,2011,E01030273,2011 super output areas - lower layer,298,Age 30 to 44,0.0
357,2011,E01030273,2011 super output areas - lower layer,298,Age 45 to 59,0.0
358,2011,E01030273,2011 super output areas - lower layer,298,Age 60 to 64,0.0
359,2011,E01030273,2011 super output areas - lower layer,298,Age 65 to 74,0.0
360,2011,E01030273,2011 super output areas - lower layer,298,Age 75 to 84,0.0
361,2011,E01030273,2011 super output areas - lower layer,298,Age 85 to 89,0.0
362,2011,E01030273,2011 super output areas - lower layer,298,Age 90 and over,0.0
363,2011,E01030273,2011 super output areas - lower layer,298,Mean Age,
364,2011,E01030273,2011 super output areas - lower layer,298,Median Age,0.5
365,2011,E01030273,2011 super output areas - lower layer,298,All usual residents,0.0
366,2011,E01030273,2011 super output areas - lower layer,298,Age 0 to 4,0.0
367,2011,E01030273,2011 super output areas - lower layer,298,Age 5 to 7,0.0
368,2011,E01030273,2011 super output areas - lower layer,298,Age 8 to 9,0.0
369,2011,E01030273,2011 super output areas - lower layer,298,Age 10 to 14,0.0
370,2011,E01030273,2011 super output areas - lower layer,298,Age 15,0.0
371,2011,E01030273,2011 super output areas - lower layer,298,Age 16 to 17,0.0
372,2011,E01030273,2011 super output areas - lower layer,298,Age 18 to 19,0.0
373,2011,E01030273,2011 super output areas - lower layer,298,Age 20 to 24,0.0
374,2011,E01030273,2011 super output areas - lower layer,298,Age 25 to 29,0.0
375,2011,E01030273,2011 super output areas - lower layer,298,Age 30 to 44,0.0
376,2011,E01030273,2011 super output areas - lower layer,298,Age 45 to 59,0.0
377,2011,E01030273,2011 super output areas - lower layer,298,Age 60 to 64,0.0
378,2011,E01030273,2011 super output areas - lower layer,298,Age 65 to 74,0.0
379,2011,E01030273,2011 super output areas - lower layer,298,Age 75 to 84,0.0
380,2011,E01030273,2011 super output areas - lower layer,298,Age 85 to 89,0.0
381,2011,E01030273,2011 super output areas - lower layer,298,Age 90 and over,0.0
382,2011,E01030273,2011 super output areas - lower layer,298,Mean Age,
383,2011,E01030273,2011 super output areas - lower layer,298,Median Age,0.5
384,2011,E01030273,2011 super output areas - lower layer,298,All usual residents,0.0
385,2011,E01030273,2011 super output areas - lower layer,298,Age 0 to 4,0.0
386,2011,E01030273,2011 super output areas - lower layer,298,Age 5 to 7,0.0
387,2011,E01030273,2011 super output areas - lower layer,298,Age 8 to 9,0.0
388,2011,E01030273,2011 super output areas - lower layer,298,Age 10 to 14,0.0
389,2011,E01030273,2011 super output areas - lower layer,298,Age 15,0.0
390,2011,E01030273,2011 super output areas - lower layer,298,Age 16 to 17,0.0
391,2011,E01030273,2011 super output areas - lower layer,298,Age 18 to 19,0.0
392,2011,E01030273,2011 super output areas - lower layer,298,Age 20 to 24,0.0
393,2011,E01030273,2011 super output areas - lower layer,298,Age 25 to 29,0.0
394,2011,E01030273,2011 super output areas - lower layer,298,Age 30 to 44,0.0
395,2011,E01030273,2011 super output areas - lower layer,298,Age 45 to 59,0.0
396,2011,E01030273,2011 super output areas - lower layer,298,Age 60 to 64,0.0
397,2011,E01030273,2011 super output areas - lower layer,298,Age 65 to 74,0.0
398,2011,E01030273,2011 super output areas - lower layer,298,Age 75 to 84,0.0
399,2011,E01030273,2011 super output areas - lower layer,298,Age 85 to 89,0.0
400,2011,E01030273,2011 super output areas - lower layer,298,Age 90 and over,0.0
401,2011,E01030273,2011 super output areas - lower layer,298,Mean Age,
402,2011,E01030273,2011 super output areas - lower layer,298,Median Age,0.5
403,2011,E01030273,2011 super output areas - lower layer,298,All usual residents,0.0
404,2011,E01030273,2011 super output areas - lower layer,298,Age 0 to 4,0.0
405,2011,E01030273,2011 super output areas - lower layer,298,Age 5 to 7,0.0
406,2011,E01030273,2011 super output areas - lower layer,298,Age 8 to 9,0.0
407,2011,E01030273,2011 super output areas - lower layer,298,Age 10 to 14,0.0
408,2011,E01030273,2011 super output areas - lower layer,298,Age 15,0.0
409,2011,E01030273,2011 super output areas - lower layer,298,Age 16 to 17,0.0
410,2011,E01030273,2011 super output areas - lower layer,298,Age 18 to 19,0.0
411,2011,E01030273,2011 super output areas - lower layer,298,Age 20 to 24,0.0
412,2011,E01030273,2011 super output areas - lower layer,298,Age 25 to 29,0.0
413,2011,E01030273,2011 super output areas - lower layer,298,Age 30 to 44,0.0
414,2011,E01030273,2011 super output areas - lower layer,298,Age 45 to 59,0.0
415,2011,E01030273,2011 super output areas - lower layer,298,Age 60 to 64,0.0
416,2011,E01030273,2011 super output areas - lower layer,298,Age 65 to 74,0.0
417,2011,E01030273,2011 super output areas - lower layer,298,Age 75 to 84,0.0
418,2011,E01030273,2011 super output areas - lower layer,298,Age 85 to 89,0.0
419,2011,E01030273,2011 super output areas - lower layer,298,Age 90 and over,0.0
420,2011,E01030273,2011 super output areas - lower layer,298,Mean Age,
421,2011,E01030273,2011 super output areas - lower layer,298,Median Age,0.5
422,2011,E01030273,2011 super output areas - lower layer,298,All usual residents,0.0
423,2011,E01030273,2011 super output areas - lower layer,298,Age 0 to 4,0.0
424,2011,E01030273,2011 super output areas - lower layer,298,Age 5 to 7,0.0
425,2011,E01030273,2011 super output areas - lower layer,298,Age 8 to 9,0.0
426,2011,E01030273,2011 super output areas - lower layer,298,Age 10 to 14,0.0
427,2011,E01030273,2011 super output areas - lower layer,298,Age 15,0.0
428,2011,E01030273,2011 super output areas - lower layer,298,Age 16 to 17,0.0
429,2011,E01030273,2011 super output areas - lower layer,298,Age 18 to 19,0.0
430,2011,E01030273,2011 super output areas - lower layer,298,Age 20 to 24,0.0
431,2011,E01030273,2011 super output areas - lower layer,298,Age 25 to 29,0.0
432,2011,E01030273,2011 super output areas - lower layer,298,Age 30 to 44,0.0
433,2011,E01030273,2011 super output areas - lower layer,298,Age 45 to 59,0.0
434,2011,E01030273,2011 super output areas - lower layer,298,Age 60 to 64,0.0
435,2011,E01030273,2011 super output areas - lower layer,298,Age 65 to 74,0.0
436,2011,E01030273,2011 super output areas - lower layer,298,Age 75 to 84,0.0
437,2011,E01030273,2011 super output areas - lower layer,298,Age 85 to 89,0.0
438,2011,E01030273,2011 super output areas - lower layer,298,Age 90 and over,0.0
439,2011,E01030273,2011 super output areas - lower layer,298,Mean Age,
440,2011,E01030273,2011 super output areas - lower layer,298,Median Age,0.5
441,2011,E01030273,2011 super output areas - lower layer,298,All usual residents,0.0
442,2011,E01030273,2011 super output areas - lower layer,298,Age 0 to 4,0.0
443,2011,E01030273,2011 super output areas - lower layer,298,Age 5 to 7,0.0
444,2011,E01030273,2011 super output areas - lower layer,298,Age 8 to 9,0.0
445,2011,E01030273,2011 super output areas - lower layer,298,Age 10 to 14,0.0
446,2011,E01030273,2011 super output areas - lower layer,298,Age 15,0.0
447,2011,E01030273,2011 super output areas - lower layer,298,Age 16 to 17,0.0
448,2011,E01030273,2011 super output areas - lower layer,298,Age 18 to 19,0.0
449,2011,E01030273,2011 super output areas - lower layer,298,Age 20 to 24,0.0
450,2011,E01030273,2011 super output areas - lower layer,298,Age 25 to 29,0.0
451,2011,E01030273,2011 super output areas - lower layer,298,Age 30 to 44,0.0
452,2011,E01030273,2011 super output areas - lower layer,298,Age 45 to 59,0.0
453,2011,E01030273,2011 super output areas - lower layer,298,Age 60 to 64,0.0
454,2011,E01030273,2011 super output areas - lower layer,298,Age 65 to 74,0.0
455,2011,E01030273,2011 super output areas - lower layer,298,Age 75 to 84,0.0
456,2011,E01030273,2011 super output areas - lower layer,298,Age 85 to 89,0.0
457,2011,E01030273,2011 super output areas - lower layer,298,Age 90 and over,0.0
458,2011,E01030273,2011 super output areas - lower layer,298,Mean Age,
459,2011,E01030273,2011 super output areas - lower layer,298,Median Age,0.5
460,2011,E01030273,2011 super output areas - lower layer,298,All usual residents,0.0
461,2011,E01030273,2011 super output areas - lower layer,298,Age 0 to 4,0.0
462,2011,E01030273,2011 super output areas - lower layer,298,Age 5 to 7,0.0
463,2011,E01030273,2011 super output areas - lower layer,298,Age 8 to 9,0.0
464,2011,E01030273,2011 super output areas - lower layer,298,Age 10 to 14,0.0
465,2011,E01030273,2011 super output areas - lower layer,298,Age 15,0.0
466,2011,E01030273,2011 super output areas - lower layer,298,Age 16 to 17,0.0
467,2011,E01030273,2011 super output areas - lower layer,298,Age 18 to 19,0.0
468,2011,E01030273,2011 super output areas - lower layer,298,Age 20 to 24,0.0
469,2011,E01030273,2011 super output areas - lower layer,298,Age 25 to 29,0.0
470,2011,E01030273,2011 super output areas - lower layer,298,Age 30 to 44,0.0
471,2011,E01030273,2011 super output areas - lower layer,298,Age 45 to 59,0.0
472,2011,E01030273,2011 super output areas - lower layer,298,Age 60 to 64,0.0
473,2011,E01030273,2011 super output areas - lower layer,298,Age 65 to 74,0.0
474,2011,E01030273,2011 super output areas - lower layer,298,Age 75 to 84,0.0
475,2011,E01030273,2011 super output areas - lower layer,298,Age 85 to 89,0.0
476,2011,E01030273,2011 super output areas - lower layer,298,Age 90 and over,0.0
477,2011,E01030273,2011 super output areas - lower layer,298,Mean Age,
478,2011,E01030273,2011 super output areas - lower layer,298,Median Age,0.5
479,2011,E01030273,2011 super output areas - lower layer,298,All usual residents,0.0
480,2011,E01030273,2011 super output areas - lower layer,298,Age 0 to 4,0.0
481,2011,E01030273,2011 super output areas - lower layer,298,Age 5 to 7,0.0
482,2011,E01030273,2011 super output areas - lower layer,298,Age 8 to 9,0.0
483,2011,E01030273,2011 super output areas - lower layer,298,Age 10 to 14,0.0
484,2011,E01030273,2011 super output areas - lower layer,298,Age 15,0.0
485,2011,E01030273,2011 super output areas - lower layer,298,Age 16 to 17,0.0
486,2011,E01030273,2011 super output areas - lower layer,298,Age 18 to 19,0.0
487,2011,E01030273,2011 super output areas - lower layer,298,Age 20 to 24,0.0
488,2011,E01030273,2011 super output areas - lower layer,298,Age 25 to 29,0.0
489,2011,E01030273,2011 super output areas - lower layer,298,Age 30 to 44,0.0
490,2011,E01030273,2011 super output areas - lower layer,298,Age 45 to 59,0.0
491,2011,E01030273,2011 super output areas - lower layer,298,Age 60 to 64,0.0
492,2011,E01030273,2011 super output areas - lower layer,298,Age 65 to 74,0.0
493,2011,E01030273,2011 super output areas - lower layer,298,Age 75 to 84,0.0
494,2011,E01030273,2011 super output areas - lower layer,298,Age 85 to 89,0.0
495,2011,E01030273,2011 super output areas - lower layer,298,Age 90 and over,0.0
496,2011,E01030273,2011 super output areas - lower layer,298,Mean Age,
497,2011,E01030273,2011 super output areas - lower layer,298,Median Age,0.5
498,2011,E01030230,2011 super output areas - lower layer,298,All usual residents,1830.0
499,2011,E01030230,2011 super output areas - lower layer,298,Age 0 to 4,85.0
500,2011,E01030230,2011 super output areas - lower layer,298,Age 5 to 7,36.0
501,2011,E01030230,2011 super output areas - lower layer,298,Age 8 to 9,20.0
502,2011,E01030230,2011 super output areas - lower layer,298,Age 10 to 14,81.0
503,2011,E01030230,2011 super output areas - lower layer,298,Age 15,14.0
504,2011,E01030230,2011 super output areas - lower layer,298,Age 16 to 17,36.0
505,2011,E01030230,2011 super output areas - lower layer,298,Age 18 to 19,34.0
506,2011,E01030230,2011 super output areas - lower layer,298,Age 20 to 24,97.0
507,2011,E01030230,2011 super output areas - lower layer,298,Age 25 to 29,95.0
508,2011,E01030230,2011 super output areas - lower layer,298,Age 30 to 44,305.0
509,2011,E01030230,2011 super output areas - lower layer,298,Age 45 to 59,339.0
510,2011,E01030230,2011 super output areas - lower layer,298,Age 60 to 64,148.0
511,2011,E01030230,2011 super output areas - lower layer,298,Age 65 to 74,213.0
512,2011,E01030230,2011 super output areas - lower layer,298,Age 75 to 84,189.0
513,2011,E01030230,2011 super output areas - lower layer,298,Age 85 to 89,80.0
514,2011,E01030230,2011 super output areas - lower layer,298,Age 90 and over,58.0
515,2011,E01030230,2011 super output areas - lower layer,298,Mean Age,48.1
516,2011,E01030230,2011 super output areas - lower layer,298,Median Age,50.0
517,2011,E01030230,2011 super output areas - lower layer,298,All usual residents,0.0
518,2011,E01030230,2011 super output areas - lower layer,298,Age 0 to 4,0.0
519,2011,E01030230,2011 super output areas - lower layer,298,Age 5 to 7,0.0
520,2011,E01030230,2011 super output areas - lower layer,298,Age 8 to 9,0.0
521,2011,E01030230,2011 super output areas - lower layer,298,Age 10 to 14,0.0
522,2011,E01030230,2011 super output areas - lower layer,298,Age 15,0.0
523,2011,E01030230,2011 super output areas - lower layer,298,Age 16 to 17,0.0
524,2011,E01030230,2011 super output areas - lower layer,298,Age 18 to 19,0.0
525,2011,E01030230,2011 super output areas - lower layer,298,Age 20 to 24,0.0
526,2011,E01030230,2011 super output areas - lower layer,298,Age 25 to 29,0.0
527,2011,E01030230,2011 super output areas - lower layer,298,Age 30 to 44,0.0
528,2011,E01030230,2011 super output areas - lower layer,298,Age 45 to 59,0.0
529,2011,E01030230,2011 super output areas - lower layer,298,Age 60 to 64,0.0
530,2011,E01030230,2011 super output areas - lower layer,298,Age 65 to 74,0.0
531,2011,E01030230,2011 super output areas - lower layer,298,Age 75 to 84,0.0
532,2011,E01030230,2011 super output areas - lower layer,298,Age 85 to 89,0.0
533,2011,E01030230,2011 super output areas - lower layer,298,Age 90 and over,0.0
534,2011,E01030230,2011 super output areas - lower layer,298,Mean Age,
535,2011,E01030230,2011 super output areas - lower layer,298,Median Age,0.5
536,2011,E01030230,2011 super output areas - lower layer,298,All usual residents,0.0
537,2011,E01030230,2011 super output areas - lower layer,298,Age 0 to 4,0.0
538,2011,E01030230,2011 super output areas - lower layer,298,Age 5 to 7,0.0
539,2011,E01030230,2011 super output areas - lower layer,298,Age 8 to 9,0.0
540,2011,E01030230,2011 super output areas - lower layer,298,Age 10 to 14,0.0
541,2011,E01030230,2011 super output areas - lower layer,298,Age 15,0.0
542,2011,E01030230,2011 super output areas - lower layer,298,Age 16 to 17,0.0
543,2011,E01030230,2011 super output areas - lower layer,298,Age 18 to 19,0.0
544,2011,E01030230,2011 super output areas - lower layer,298,Age 20 to 24,0.0
545,2011,E01030230,2011 super output areas - lower layer,298,Age 25 to 29,0.0
546,2011,E01030230,2011 super output areas - lower layer,298,Age 30 to 44,0.0
547,2011,E01030230,2011 super output areas - lower layer,298,Age 45 to 59,0.0
548,2011,E01030230,2011 super output areas - lower layer,298,Age 60 to 64,0.0
549,2011,E01030230,2011 super output areas - lower layer,298,Age 65 to 74,0.0
550,2011,E01030230,2011 super output areas - lower layer,298,Age 75 to 84,0.0
551,2011,E01030230,2011 super output areas - lower layer,298,Age 85 to 89,0.0
552,2011,E01030230,2011 super output areas - lower layer,298,Age 90 and over,0.0
553,2011,E01030230,2011 super output areas - lower layer,298,Mean Age,
554,2011,E01030230,2011 super output areas - lower layer,298,Median Age,0.5
555,2011,E01030230,2011 super output areas - lower layer,298,All usual residents,0.0
556,2011,E01030230,2011 super output areas - lower layer,298,Age 0 to 4,0.0
557,2011,E01030230,2011 super output areas - lower layer,298,Age 5 to 7,0.0
558,2011,E01030230,2011 super output areas - lower layer,298,Age 8 to 9,0.0
559,2011,E01030230,2011 super output areas - lower layer,298,Age 10 to 14,0.0
560,2011,E01030230,2011 super output areas - lower layer,298,Age 15,0.0
561,2011,E01030230,2011 super output areas - lower layer,298,Age 16 to 17,0.0
562,2011,E01030230,2011 super output areas - lower layer,298,Age 18 to 19,0.0
563,2011,E01030230,2011 super output areas - lower layer,298,Age 20 to 24,0.0
564,2011,E01030230,2011 super output areas - lower layer,298,Age 25 to 29,0.0
565,2011,E01030230,2011 super output areas - lower layer,298,Age 30 to 44,0.0
566,2011,E01030230,2011 super output areas - lower layer,298,Age 45 to 59,0.0
567,2011,E01030230,2011 super output areas - lower layer,298,Age 60 to 64,0.0
568,2011,E01030230,2011 super output areas - lower layer,298,Age 65 to 74,0.0
569,2011,E01030230,2011 super output areas - lower layer,298,Age 75 to 84,0.0
570,2011,E01030230,2011 super output areas - lower layer,298,Age 85 to 89,0.0
571,2011,E01030230,2011 super output areas - lower layer,298,Age 90 and over,0.0
572,2011,E01030230,2011 super output areas - lower layer,298,Mean Age,
573,2011,E01030230,2011 super output areas - lower layer,298,Median Age,0.5
574,2011,E01030230,2011 super output areas - lower layer,298,All usual residents,0.0
575,2011,E01030230,2011 super output areas - lower layer,298,Age 0 to 4,0.0
576,2011,E01030230,2011 super output areas - lower layer,298,Age 5 to 7,0.0
577,2011,E01030230,2011 super output areas - lower layer,298,Age 8 to 9,0.0
578,2011,E01030230,2011 super output areas - lower layer,298,Age 10 to 14,0.0
579,2011,E01030230,2011 super output areas - lower layer,298,Age 15,0.0
580,2011,E01030230,2011 super output areas - lower layer,298,Age 16 to 17,0.0
581,2011,E01030230,2011 super output areas - lower layer,298,Age 18 to 19,0.0
582,2011,E01030230,2011 super output areas - lower layer,298,Age 20 to 24,0.0
583,2011,E01030230,2011 super output areas - lower layer,298,Age 25 to 29,0.0
584,2011,E01030230,2011 super output areas - lower layer,298,Age 30 to 44,0.0
585,2011,E01030230,2011 super output areas - lower layer,298,Age 45 to 59,0.0
586,2011,E01030230,2011 super output areas - lower layer,298,Age 60 to 64,0.0
587,2011,E01030230,2011 super output areas - lower layer,298,Age 65 to 74,0.0
588,2011,E01030230,2011 super output areas - lower layer,298,Age 75 to 84,0.0
589,2011,E01030230,2011 super output areas - lower layer,298,Age 85 to 89,0.0
590,2011,E01030230,2011 super output areas - lower layer,298,Age 90 and over,0.0
591,2011,E01030230,2011 super output areas - lower layer,298,Mean Age,
592,2011,E01030230,2011 super output areas - lower layer,298,Median Age,0.5
593,2011,E01030230,2011 super output areas - lower layer,298,All usual residents,0.0
594,2011,E01030230,2011 super output areas - lower layer,298,Age 0 to 4,0.0
595,2011,E01030230,2011 super output areas - lower layer,298,Age 5 to 7,0.0
596,2011,E01030230,2011 super output areas - lower layer,298,Age 8 to 9,0.0
597,2011,E01030230,2011 super output areas - lower layer,298,Age 10 to 14,0.0
598,2011,E01030230,2011 super output areas - lower layer,298,Age 15,0.0
599,2011,E01030230,2011 super output areas - lower layer,298,Age 16 to 17,0.0
600,2011,E01030230,2011 super output areas - lower layer,298,Age 18 to 19,0.0
601,2011,E01030230,2011 super output areas - lower layer,298,Age 20 to 24,0.0
602,2011,E01030230,2011 super output areas - lower layer,298,Age 25 to 29,0.0
603,2011,E01030230,2011 super output areas - lower layer,298,Age 30 to 44,0.0
604,2011,E01030230,2011 super output areas - lower layer,298,Age 45 to 59,0.0
605,2011,E01030230,2011 super output areas - lower layer,298,Age 60 to 64,0.0
606,2011,E01030230,2011 super output areas - lower layer,298,Age 65 to 74,0.0
607,2011,E01030230,2011 super output areas - lower layer,298,Age 75 to 84,0.0
608,2011,E01030230,2011 super output areas - lower layer,298,Age 85 to 89,0.0
609,2011,E01030230,2011 super output areas - lower layer,298,Age 90 and over,0.0
610,2011,E01030230,2011 super output areas - lower layer,298,Mean Age,
611,2011,E01030230,2011 super output areas - lower layer,298,Median Age,0.5
612,2011,E01030230,2011 super output areas - lower layer,298,All usual residents,0.0
613,2011,E01030230,2011 super output areas - lower layer,298,Age 0 to 4,0.0
614,2011,E01030230,2011 super output areas - lower layer,298,Age 5 to 7,0.0
615,2011,E01030230,2011 super output areas - lower layer,298,Age 8 to 9,0.0
616,2011,E01030230,2011 super output areas - lower layer,298,Age 10 to 14,0.0
617,2011,E01030230,2011 super output areas - lower layer,298,Age 15,0.0
618,2011,E01030230,2011 super output areas - lower layer,298,Age 16 to 17,0.0
619,2011,E01030230,2011 super output areas - lower layer,298,Age 18 to 19,0.0
620,2011,E01030230,2011 super output areas - lower layer,298,Age 20 to 24,0.0
621,2011,E01030230,2011 super output areas - lower layer,298,Age 25 to 29,0.0
622,2011,E01030230,2011 super output areas - lower layer,298,Age 30 to 44,0.0
623,2011,E01030230,2011 super output areas - lower layer,298,Age 45 to 59,0.0
624,2011,E01030230,2011 super output areas - lower layer,298,Age 60 to 64,0.0
625,2011,E01030230,2011 super output areas - lower layer,298,Age 65 to 74,0.0
626,2011,E01030230,2011 super output areas - lower layer,298,Age 75 to 84,0.0
627,2011,E01030230,2011 super output areas - lower layer,298,Age 85 to 89,0.0
628,2011,E01030230,2011 super output areas - lower layer,298,Age 90 and over,0.0
629,2011,E01030230,2011 super output areas - lower layer,298,Mean Age,
630,2011,E01030230,2011 super output areas - lower layer,298,Median Age,0.5
631,2011,E01030230,2011 super output areas - lower layer,298,All usual residents,0.0
632,2011,E01030230,2011 super output areas - lower layer,298,Age 0 to 4,0.0
633,2011,E01030230,2011 super output areas - lower layer,298,Age 5 to 7,0.0
634,2011,E01030230,2011 super output areas - lower layer,298,Age 8 to 9,0.0
635,2011,E01030230,2011 super output areas - lower layer,298,Age 10 to 14,0.0
636,2011,E01030230,2011 super output areas - lower layer,298,Age 15,0.0
637,2011,E01030230,2011 super output areas - lower layer,298,Age 16 to 17,0.0
638,2011,E01030230,2011 super output areas - lower layer,298,Age 18 to 19,0.0
639,2011,E01030230,2011 super output areas - lower layer,298,Age 20 to 24,0.0
640,2011,E01030230,2011 super output areas - lower layer,298,Age 25 to 29,0.0
641,2011,E01030230,2011 super output areas - lower layer,298,Age 30 to 44,0.0
642,2011,E01030230,2011 super output areas - lower layer,298,Age 45 to 59,0.0
643,2011,E01030230,2011 super output areas - lower layer,298,Age 60 to 64,0.0
644,2011,E01030230,2011 super output areas - lower layer,298,Age 65 to 74,0.0
645,2011,E01030230,2011 super output areas - lower layer,298,Age 75 to 84,0.0
646,2011,E01030230,2011 super output areas - lower layer,298,Age 85 to 89,0.0
647,2011,E01030230,2011 super output areas - lower layer,298,Age 90 and over,0.0
648,2011,E01030230,2011 super output areas - lower layer,298,Mean Age,
649,2011,E01030230,2011 super output areas - lower layer,298,Median Age,0.5
650,2011,E01030230,2011 super output areas - lower layer,298,All usual residents,0.0
651,2011,E01030230,2011 super output areas - lower layer,298,Age 0 to 4,0.0
652,2011,E01030230,2011 super output areas - lower layer,298,Age 5 to 7,0.0
653,2011,E01030230,2011 super output areas - lower layer,298,Age 8 to 9,0.0
654,2011,E01030230,2011 super output areas - lower layer,298,Age 10 to 14,0.0
655,2011,E01030230,2011 super output areas - lower layer,298,Age 15,0.0
656,2011,E01030230,2011 super output areas - lower layer,298,Age 16 to 17,0.0
657,2011,E01030230,2011 super output areas - lower layer,298,Age 18 to 19,0.0
658,2011,E01030230,2011 super output areas - lower layer,298,Age 20 to 24,0.0
659,2011,E01030230,2011 super output areas - lower layer,298,Age 25 to 29,0.0
660,2011,E01030230,2011 super output areas - lower layer,298,Age 30 to 44,0.0
661,2011,E01030230,2011 super output areas - lower layer,298,Age 45 to 59,0.0
662,2011,E01030230,2011 super output areas - lower layer,298,Age 60 to 64,0.0
663,2011,E01030230,2011 super output areas - lower layer,298,Age 65 to 74,0.0
664,2011,E01030230,2011 super output areas - lower layer,298,Age 75 to 84,0.0
665,2011,E01030230,2011 super output areas - lower layer,298,Age 85 to 89,0.0
666,2011,E01030230,2011 super output areas - lower layer,298,Age 90 and over,0.0
667,2011,E01030230,2011 super output areas - lower layer,298,Mean Age,
668,2011,E01030230,2011 super output areas - lower layer,298,Median Age,0.5
669,2011,E01030230,2011 super output areas - lower layer,298,All usual residents,0.0
670,2011,E01030230,2011 super output areas - lower layer,298,Age 0 to 4,0.0
671,2011,E01030230,2011 super output areas - lower layer,298,Age 5 to 7,0.0
672,2011,E01030230,2011 super output areas - lower layer,298,Age 8 to 9,0.0
673,2011,E01030230,2011 super output areas - lower layer,298,Age 10 to 14,0.0
674,2011,E01030230,2011 super output areas - lower layer,298,Age 15,0.0
675,2011,E01030230,2011 super output areas - lower layer,298,Age 16 to 17,0.0
676,2011,E01030230,2011 super output areas - lower layer,298,Age 18 to 19,0.0
677,2011,E01030230,2011 super output areas - lower layer,298,Age 20 to 24,0.0
678,2011,E01030230,2011 super output areas - lower layer,298,Age 25 to 29,0.0
679,2011,E01030230,2011 super output areas - lower layer,298,Age 30 to 44,0.0
680,2011,E01030230,2011 super output areas - lower layer,298,Age 45 to 59,0.0
681,2011,E01030230,2011 super output areas - lower layer,298,Age 60 to 64,0.0
682,2011,E01030230,2011 super output areas - lower layer,298,Age 65 to 74,0.0
683,2011,E01030230,2011 super output areas - lower layer,298,Age 75 to 84,0.0
684,2011,E01030230,2011 super output areas - lower layer,298,Age 85 to 89,0.0
685,2011,E01030230,2011 super output areas - lower layer,298,Age 90 and over,0.0
686,2011,E01030230,2011 super output areas - lower layer,298,Mean Age,
687,2011,E01030230,2011 super output areas - lower layer,298,Median Age,0.5
688,2011,E01030230,2011 super output areas - lower layer,298,All usual residents,0.0
689,2011,E01030230,2011 super output areas - lower layer,298,Age 0 to 4,0.0
690,2011,E01030230,2011 super output areas - lower layer,298,Age 5 to 7,0.0
691,2011,E01030230,2011 super output areas - lower layer,298,Age 8 to 9,0.0
692,2011,E01030230,2011 super output areas - lower layer,298,Age 10 to 14,0.0
693,2011,E01030230,2011 super output areas - lower layer,298,Age 15,0.0
694,2011,E01030230,2011 super output areas - lower layer,298,Age 16 to 17,0.0
695,2011,E01030230,2011 super output areas - lower layer,298,Age 18 to 19,0.0
696,2011,E01030230,2011 super output areas - lower layer,298,Age 20 to 24,0.0
697,2011,E01030230,2011 super output areas - lower layer,298,Age 25 to 29,0.0
698,2011,E01030230,2011 super output areas - lower layer,298,Age 30 to 44,0.0
699,2011,E01030230,2011 super output areas - lower layer,298,Age 45 to 59,0.0
700,2011,E01030230,2011 super output areas - lower layer,298,Age 60 to 64,0.0
701,2011,E01030230,2011 super output areas - lower layer,298,Age 65 to 74,0.0
702,2011,E01030230,2011 super output areas - lower layer,298,Age 75 to 84,0.0
703,2011,E01030230,2011 super output areas - lower layer,298,Age 85 to 89,0.0
704,2011,E01030230,2011 super output areas - lower layer,298,Age 90 and over,0.0
705,2011,E01030230,2011 super output areas - lower layer,298,Mean Age,
706,2011,E01030230,2011 super output areas - lower layer,298,Median Age,0.5
707,2011,E01030230,2011 super output areas - lower layer,298,All usual residents,0.0
708,2011,E01030230,2011 super output areas - lower layer,298,Age 0 to 4,0.0
709,2011,E01030230,2011 super output areas - lower layer,298,Age 5 to 7,0.0
710,2011,E01030230,2011 super output areas - lower layer,298,Age 8 to 9,0.0
711,2011,E01030230,2011 super output areas - lower layer,298,Age 10 to 14,0.0
712,2011,E01030230,2011 super output areas - lower layer,298,Age 15,0.0
713,2011,E01030230,2011 super output areas - lower layer,298,Age 16 to 17,0.0
714,2011,E01030230,2011 super output areas - lower layer,298,Age 18 to 19,0.0
715,2011,E01030230,2011 super output areas - lower layer,298,Age 20 to 24,0.0
716,2011,E01030230,2011 super output areas - lower layer,298,Age 25 to 29,0.0
717,2011,E01030230,2011 super output areas - lower layer,298,Age 30 to 44,0.0
718,2011,E01030230,2011 super output areas - lower layer,298,Age 45 to 59,0.0
719,2011,E01030230,2011 super output areas - lower layer,298,Age 60 to 64,0.0
720,2011,E01030230,2011 super output areas - lower layer,298,Age 65 to 74,0.0
721,2011,E01030230,2011 super output areas - lower layer,298,Age 75 to 84,0.0
722,2011,E01030230,2011 super output areas - lower layer,298,Age 85 to 89,0.0
723,2011,E01030230,2011 super output areas - lower layer,298,Age 90 and over,0.0
724,2011,E01030230,2011 super output areas - lower layer,298,Mean Age,
725,2011,E01030230,2011 super output areas - lower layer,298,Median Age,0.5
726,2011,E01030230,2011 super output areas - lower layer,298,All usual residents,0.0
727,2011,E01030230,2011 super output areas - lower layer,298,Age 0 to 4,0.0
728,2011,E01030230,2011 super output areas - lower layer,298,Age 5 to 7,0.0
729,2011,E01030230,2011 super output areas - lower layer,298,Age 8 to 9,0.0
730,2011,E01030230,2011 super output areas - lower layer,298,Age 10 to 14,0.0
731,2011,E01030230,2011 super output areas - lower layer,298,Age 15,0.0
732,2011,E01030230,2011 super output areas - lower layer,298,Age 16 to 17,0.0
733,2011,E01030230,2011 super output areas - lower layer,298,Age 18 to 19,0.0
734,2011,E01030230,2011 super output areas - lower layer,298,Age 20 to 24,0.0
735,2011,E01030230,2011 super output areas - lower layer,298,Age 25 to 29,0.0
736,2011,E01030230,2011 super output areas - lower layer,298,Age 30 to 44,0.0
737,2011,E01030230,2011 super output areas - lower layer,298,Age 45 to 59,0.0
738,2011,E01030230,2011 super output areas - lower layer,298,Age 60 to 64,0.0
739,2011,E01030230,2011 super output areas - lower layer,298,Age 65 to 74,0.0
740,2011,E01030230,2011 super output areas - lower layer,298,Age 75 to 84,0.0
741,2011,E01030230,2011 super output areas - lower layer,298,Age 85 to 89,0.0
742,2011,E01030230,2011 super output areas - lower layer,298,Age 90 and over,0.0
743,2011,E01030230,2011 super output areas - lower layer,298,Mean Age,
744,2011,E01030230,2011 super output areas - lower layer,298,Median Age,0.5
745,2011,E01030231,2011 super output areas - lower layer,298,All usual residents,1568.0
746,2011,E01030231,2011 super output areas - lower layer,298,Age 0 to 4,108.0
747,2011,E01030231,2011 super output areas - lower layer,298,Age 5 to 7,57.0
748,2011,E01030231,2011 super output areas - lower layer,298,Age 8 to 9,37.0
749,2011,E01030231,2011 super output areas - lower layer,298,Age 10 to 14,110.0
750,2011,E01030231,2011 super output areas - lower layer,298,Age 15,21.0
751,2011,E01030231,2011 super output areas - lower layer,298,Age 16 to 17,38.0
752,2011,E01030231,2011 super output areas - lower layer,298,Age 18 to 19,32.0
753,2011,E01030231,2011 super output areas - lower layer,298,Age 20 to 24,98.0
754,2011,E01030231,2011 super output areas - lower layer,298,Age 25 to 29,81.0
755,2011,E01030231,2011 super output areas - lower layer,298,Age 30 to 44,292.0
756,2011,E01030231,2011 super output areas - lower layer,298,Age 45 to 59,291.0
757,2011,E01030231,2011 super output areas - lower layer,298,Age 60 to 64,101.0
758,2011,E01030231,2011 super output areas - lower layer,298,Age 65 to 74,152.0
759,2011,E01030231,2011 super output areas - lower layer,298,Age 75 to 84,123.0
760,2011,E01030231,2011 super output areas - lower layer,298,Age 85 to 89,22.0
761,2011,E01030231,2011 super output areas - lower layer,298,Age 90 and over,5.0
762,2011,E01030231,2011 super output areas - lower layer,298,Mean Age,40.2
763,2011,E01030231,2011 super output areas - lower layer,298,Median Age,40.0
764,2011,E01030231,2011 super output areas - lower layer,298,All usual residents,0.0
765,2011,E01030231,2011 super output areas - lower layer,298,Age 0 to 4,0.0
766,2011,E01030231,2011 super output areas - lower layer,298,Age 5 to 7,0.0
767,2011,E01030231,2011 super output areas - lower layer,298,Age 8 to 9,0.0
768,2011,E01030231,2011 super output areas - lower layer,298,Age 10 to 14,0.0
769,2011,E01030231,2011 super output areas - lower layer,298,Age 15,0.0
770,2011,E01030231,2011 super output areas - lower layer,298,Age 16 to 17,0.0
771,2011,E01030231,2011 super output areas - lower layer,298,Age 18 to 19,0.0
772,2011,E01030231,2011 super output areas - lower layer,298,Age 20 to 24,0.0
773,2011,E01030231,2011 super output areas - lower layer,298,Age 25 to 29,0.0
774,2011,E01030231,2011 super output areas - lower layer,298,Age 30 to 44,0.0
775,2011,E01030231,2011 super output areas - lower layer,298,Age 45 to 59,0.0
776,2011,E01030231,2011 super output areas - lower layer,298,Age 60 to 64,0.0
777,2011,E01030231,2011 super output areas - lower layer,298,Age 65 to 74,0.0
778,2011,E01030231,2011 super output areas - lower layer,298,Age 75 to 84,0.0
779,2011,E01030231,2011 super output areas - lower layer,298,Age 85 to 89,0.0
780,2011,E01030231,2011 super output areas - lower layer,298,Age 90 and over,0.0
781,2011,E01030231,2011 super output areas - lower layer,298,Mean Age,
782,2011,E01030231,2011 super output areas - lower layer,298,Median Age,0.5
783,2011,E01030231,2011 super output areas - lower layer,298,All usual residents,0.0
784,2011,E01030231,2011 super output areas - lower layer,298,Age 0 to 4,0.0
785,2011,E01030231,2011 super output areas - lower layer,298,Age 5 to 7,0.0
786,2011,E01030231,2011 super output areas - lower layer,298,Age 8 to 9,0.0
787,2011,E01030231,2011 super output areas - lower layer,298,Age 10 to 14,0.0
788,2011,E01030231,2011 super output areas - lower layer,298,Age 15,0.0
789,2011,E01030231,2011 super output areas - lower layer,298,Age 16 to 17,0.0
790,2011,E01030231,2011 super output areas - lower layer,298,Age 18 to 19,0.0
791,2011,E01030231,2011 super output areas - lower layer,298,Age 20 to 24,0.0
792,2011,E01030231,2011 super output areas - lower layer,298,Age 25 to 29,0.0
793,2011,E01030231,2011 super output areas - lower layer,298,Age 30 to 44,0.0
794,2011,E01030231,2011 super output areas - lower layer,298,Age 45 to 59,0.0
795,2011,E01030231,2011 super output areas - lower layer,298,Age 60 to 64,0.0
796,2011,E01030231,2011 super output areas - lower layer,298,Age 65 to 74,0.0
797,2011,E01030231,2011 super output areas - lower layer,298,Age 75 to 84,0.0
798,2011,E01030231,2011 super output areas - lower layer,298,Age 85 to 89,0.0
799,2011,E01030231,2011 super output areas - lower layer,298,Age 90 and over,0.0
800,2011,E01030231,2011 super output areas - lower layer,298,Mean Age,
801,2011,E01030231,2011 super output areas - lower layer,298,Median Age,0.5
802,2011,E01030231,2011 super output areas - lower layer,298,All usual residents,0.0
803,2011,E01030231,2011 super output areas - lower layer,298,Age 0 to 4,0.0
804,2011,E01030231,2011 super output areas - lower layer,298,Age 5 to 7,0.0
805,2011,E01030231,2011 super output areas - lower layer,298,Age 8 to 9,0.0
806,2011,E01030231,2011 super output areas - lower layer,298,Age 10 to 14,0.0
807,2011,E01030231,2011 super output areas - lower layer,298,Age 15,0.0
808,2011,E01030231,2011 super output areas - lower layer,298,Age 16 to 17,0.0
809,2011,E01030231,2011 super output areas - lower layer,298,Age 18 to 19,0.0
810,2011,E01030231,2011 super output areas - lower layer,298,Age 20 to 24,0.0
811,2011,E01030231,2011 super output areas - lower layer,298,Age 25 to 29,0.0
812,2011,E01030231,2011 super output areas - lower layer,298,Age 30 to 44,0.0
813,2011,E01030231,2011 super output areas - lower layer,298,Age 45 to 59,0.0
814,2011,E01030231,2011 super output areas - lower layer,298,Age 60 to 64,0.0
815,2011,E01030231,2011 super output areas - lower layer,298,Age 65 to 74,0.0
816,2011,E01030231,2011 super output areas - lower layer,298,Age 75 to 84,0.0
817,2011,E01030231,2011 super output areas - lower layer,298,Age 85 to 89,0.0
818,2011,E01030231,2011 super output areas - lower layer,298,Age 90 and over,0.0
819,2011,E01030231,2011 super output areas - lower layer,298,Mean Age,
820,2011,E01030231,2011 super output areas - lower layer,298,Median Age,0.5
821,2011,E01030231,2011 super output areas - lower layer,298,All usual residents,0.0
822,2011,E01030231,2011 super output areas - lower layer,298,Age 0 to 4,0.0
823,2011,E01030231,2011 super output areas - lower layer,298,Age 5 to 7,0.0
824,2011,E01030231,2011 super output areas - lower layer,298,Age 8 to 9,0.0
825,2011,E01030231,2011 super output areas - lower layer,298,Age 10 to 14,0.0
826,2011,E01030231,2011 super output areas - lower layer,298,Age 15,0.0
827,2011,E01030231,2011 super output areas - lower layer,298,Age 16 to 17,0.0
828,2011,E01030231,2011 super output areas - lower layer,298,Age 18 to 19,0.0
829,2011,E01030231,2011 super output areas - lower layer,298,Age 20 to 24,0.0
830,2011,E01030231,2011 super output areas - lower layer,298,Age 25 to 29,0.0
831,2011,E01030231,2011 super output areas - lower layer,298,Age 30 to 44,0.0
832,2011,E01030231,2011 super output areas - lower layer,298,Age 45 to 59,0.0
833,2011,E01030231,2011 super output areas - lower layer,298,Age 60 to 64,0.0
834,2011,E01030231,2011 super output areas - lower layer,298,Age 65 to 74,0.0
835,2011,E01030231,2011 super output areas - lower layer,298,Age 75 to 84,0.0
836,2011,E01030231,2011 super output areas - lower layer,298,Age 85 to 89,0.0
837,2011,E01030231,2011 super output areas - lower layer,298,Age 90 and over,0.0
838,2011,E01030231,2011 super output areas - lower layer,298,Mean Age,
839,2011,E01030231,2011 super output areas - lower layer,298,Median Age,0.5
840,2011,E01030231,2011 super output areas - lower layer,298,All usual residents,0.0
841,2011,E01030231,2011 super output areas - lower layer,298,Age 0 to 4,0.0
842,2011,E01030231,2011 super output areas - lower layer,298,Age 5 to 7,0.0
843,2011,E01030231,2011 super output areas - lower layer,298,Age 8 to 9,0.0
844,2011,E01030231,2011 super output areas - lower layer,298,Age 10 to 14,0.0
845,2011,E01030231,2011 super output areas - lower layer,298,Age 15,0.0
846,2011,E01030231,2011 super output areas - lower layer,298,Age 16 to 17,0.0
847,2011,E01030231,2011 super output areas - lower layer,298,Age 18 to 19,0.0
848,2011,E01030231,2011 super output areas - lower layer,298,Age 20 to 24,0.0
849,2011,E01030231,2011 super output areas - lower layer,298,Age 25 to 29,0.0
850,2011,E01030231,2011 super output areas - lower layer,298,Age 30 to 44,0.0
851,2011,E01030231,2011 super output areas - lower layer,298,Age 45 to 59,0.0
852,2011,E01030231,2011 super output areas - lower layer,298,Age 60 to 64,0.0
853,2011,E01030231,2011 super output areas - lower layer,298,Age 65 to 74,0.0
854,2011,E01030231,2011 super output areas - lower layer,298,Age 75 to 84,0.0
855,2011,E01030231,2011 super output areas - lower layer,298,Age 85 to 89,0.0
856,2011,E01030231,2011 super output areas - lower layer,298,Age 90 and over,0.0
857,2011,E01030231,2011 super output areas - lower layer,298,Mean Age,
858,2011,E01030231,2011 super output areas - lower layer,298,Median Age,0.5
859,2011,E01030231,2011 super output areas - lower layer,298,All usual residents,0.0
860,2011,E01030231,2011 super output areas - lower layer,298,Age 0 to 4,0.0
861,2011,E01030231,2011 super output areas - lower layer,298,Age 5 to 7,0.0
862,2011,E01030231,2011 super output areas - lower layer,298,Age 8 to 9,0.0
863,2011,E01030231,2011 super output areas - lower layer,298,Age 10 to 14,0.0
864,2011,E01030231,2011 super output areas - lower layer,298,Age 15,0.0
865,2011,E01030231,2011 super output areas - lower layer,298,Age 16 to 17,0.0
866,2011,E01030231,2011 super output areas - lower layer,298,Age 18 to 19,0.0
867,2011,E01030231,2011 super output areas - lower layer,298,Age 20 to 24,0.0
868,2011,E01030231,2011 super output areas - lower layer,298,Age 25 to 29,0.0
869,2011,E01030231,2011 super output areas - lower layer,298,Age 30 to 44,0.0
870,2011,E01030231,2011 super output areas - lower layer,298,Age 45 to 59,0.0
871,2011,E01030231,2011 super output areas - lower layer,298,Age 60 to 64,0.0
872,2011,E01030231,2011 super output areas - lower layer,298,Age 65 to 74,0.0
873,2011,E01030231,2011 super output areas - lower layer,298,Age 75 to 84,0.0
874,2011,E01030231,2011 super output areas - lower layer,298,Age 85 to 89,0.0
875,2011,E01030231,2011 super output areas - lower layer,298,Age 90 and over,0.0
876,2011,E01030231,2011 super output areas - lower layer,298,Mean Age,
877,2011,E01030231,2011 super output areas - lower layer,298,Median Age,0.5
878,2011,E01030231,2011 super output areas - lower layer,298,All usual residents,0.0
879,2011,E01030231,2011 super output areas - lower layer,298,Age 0 to 4,0.0
880,2011,E01030231,2011 super output areas - lower layer,298,Age 5 to 7,0.0
881,2011,E01030231,2011 super output areas - lower layer,298,Age 8 to 9,0.0
882,2011,E01030231,2011 super output areas - lower layer,298,Age 10 to 14,0.0
883,2011,E01030231,2011 super output areas - lower layer,298,Age 15,0.0
884,2011,E01030231,2011 super output areas - lower layer,298,Age 16 to 17,0.0
885,2011,E01030231,2011 super output areas - lower layer,298,Age 18 to 19,0.0
886,2011,E01030231,2011 super output areas - lower layer,298,Age 20 to 24,0.0
887,2011,E01030231,2011 super output areas - lower layer,298,Age 25 to 29,0.0
888,2011,E01030231,2011 super output areas - lower layer,298,Age 30 to 44,0.0
889,2011,E01030231,2011 super output areas - lower layer,298,Age 45 to 59,0.0
890,2011,E01030231,2011 super output areas - lower layer,298,Age 60 to 64,0.0
891,2011,E01030231,2011 super output areas - lower layer,298,Age 65 to 74,0.0
892,2011,E01030231,2011 super output areas - lower layer,298,Age 75 to 84,0.0
893,2011,E01030231,2011 super output areas - lower layer,298,Age 85 to 89,0.0
894,2011,E01030231,2011 super output areas - lower layer,298,Age 90 and over,0.0
895,2011,E01030231,2011 super output areas - lower layer,298,Mean Age,
896,2011,E01030231,2011 super output areas - lower layer,298,Median Age,0.5
897,2011,E01030231,2011 super output areas - lower layer,298,All usual residents,0.0
898,2011,E01030231,2011 super output areas - lower layer,298,Age 0 to 4,0.0
899,2011,E01030231,2011 super output areas - lower layer,298,Age 5 to 7,0.0
900,2011,E01030231,2011 super output areas - lower layer,298,Age 8 to 9,0.0
901,2011,E01030231,2011 super output areas - lower layer,298,Age 10 to 14,0.0
902,2011,E01030231,2011 super output areas - lower layer,298,Age 15,0.0
903,2011,E01030231,2011 super output areas - lower layer,298,Age 16 to 17,0.0
904,2011,E01030231,2011 super output areas - lower layer,298,Age 18 to 19,0.0
905,2011,E01030231,2011 super output areas - lower layer,298,Age 20 to 24,0.0
906,2011,E01030231,2011 super output areas - lower layer,298,Age 25 to 29,0.0
907,2011,E01030231,2011 super output areas - lower layer,298,Age 30 to 44,0.0
908,2011,E01030231,2011 super output areas - lower layer,298,Age 45 to 59,0.0
909,2011,E01030231,2011 super output areas - lower layer,298,Age 60 to 64,0.0
910,2011,E01030231,2011 super output areas - lower layer,298,Age 65 to 74,0.0
911,2011,E01030231,2011 super output areas - lower layer,298,Age 75 to 84,0.0
912,2011,E01030231,2011 super output areas - lower layer,298,Age 85 to 89,0.0
913,2011,E01030231,2011 super output areas - lower layer,298,Age 90 and over,0.0
914,2011,E01030231,2011 super output areas - lower layer,298,Mean Age,
915,2011,E01030231,2011 super output areas - lower layer,298,Median Age,0.5
916,2011,E01030231,2011 super output areas - lower layer,298,All usual residents,0.0
917,2011,E01030231,2011 super output areas - lower layer,298,Age 0 to 4,0.0
918,2011,E01030231,2011 super output areas - lower layer,298,Age 5 to 7,0.0
919,2011,E01030231,2011 super output areas - lower layer,298,Age 8 to 9,0.0
920,2011,E01030231,2011 super output areas - lower layer,298,Age 10 to 14,0.0
921,2011,E01030231,2011 super output areas - lower layer,298,Age 15,0.0
922,2011,E01030231,2011 super output areas - lower layer,298,Age 16 to 17,0.0
923,2011,E01030231,2011 super output areas - lower layer,298,Age 18 to 19,0.0
924,2011,E01030231,2011 super output areas - lower layer,298,Age 20 to 24,0.0
925,2011,E01030231,2011 super output areas - lower layer,298,Age 25 to 29,0.0
926,2011,E01030231,2011 super output areas - lower layer,298,Age 30 to 44,0.0
927,2011,E01030231,2011 super output areas - lower layer,298,Age 45 to 59,0.0
928,2011,E01030231,2011 super output areas - lower layer,298,Age 60 to 64,0.0
929,2011,E01030231,2011 super output areas - lower layer,298,Age 65 to 74,0.0
930,2011,E01030231,2011 super output areas - lower layer,298,Age 75 to 84,0.0
931,2011,E01030231,2011 super output areas - lower layer,298,Age 85 to 89,0.0
932,2011,E01030231,2011 super output areas - lower layer,298,Age 90 and over,0.0
933,2011,E01030231,2011 super output areas - lower layer,298,Mean Age,
934,2011,E01030231,2011 super output areas - lower layer,298,Median Age,0.5
935,2011,E01030231,2011 super output areas - lower layer,298,All usual residents,0.0
936,2011,E01030231,2011 super output areas - lower layer,298,Age 0 to 4,0.0
937,2011,E01030231,2011 super output areas - lower layer,298,Age 5 to 7,0.0
938,2011,E01030231,2011 super output areas - lower layer,298,Age 8 to 9,0.0
939,2011,E01030231,2011 super output areas - lower layer,298,Age 10 to 14,0.0
940,2011,E01030231,2011 super output areas - lower layer,298,Age 15,0.0
941,2011,E01030231,2011 super output areas - lower layer,298,Age 16 to 17,0.0
942,2011,E01030231,2011 super output areas - lower layer,298,Age 18 to 19,0.0
943,2011,E01030231,2011 super output areas - lower layer,298,Age 20 to 24,0.0
944,2011,E01030231,2011 super output areas - lower layer,298,Age 25 to 29,0.0
945,2011,E01030231,2011 super output areas - lower layer,298,Age 30 to 44,0.0
946,2011,E01030231,2011 super output areas - lower layer,298,Age 45 to 59,0.0
947,2011,E01030231,2011 super output areas - lower layer,298,Age 60 to 64,0.0
948,2011,E01030231,2011 super output areas - lower layer,298,Age 65 to 74,0.0
949,2011,E01030231,2011 super output areas - lower layer,298,Age 75 to 84,0.0
950,2011,E01030231,2011 super output areas - lower layer,298,Age 85 to 89,0.0
951,2011,E01030231,2011 super output areas - lower layer,298,Age 90 and over,0.0
952,2011,E01030231,2011 super output areas - lower layer,298,Mean Age,
953,2011,E01030231,2011 super output areas - lower layer,298,Median Age,0.5
954,2011,E01030231,2011 super output areas - lower layer,298,All usual residents,0.0
955,2011,E01030231,2011 super output areas - lower layer,298,Age 0 to 4,0.0
956,2011,E01030231,2011 super output areas - lower layer,298,Age 5 to 7,0.0
957,2011,E01030231,2011 super output areas - lower layer,298,Age 8 to 9,0.0
958,2011,E01030231,2011 super output areas - lower layer,298,Age 10 to 14,0.0
959,2011,E01030231,2011 super output areas - lower layer,298,Age 15,0.0
960,2011,E01030231,2011 super output areas - lower layer,298,Age 16 to 17,0.0
961,2011,E01030231,2011 super output areas - lower layer,298,Age 18 to 19,0.0
962,2011,E01030231,2011 super output areas - lower layer,298,Age 20 to 24,0.0
963,2011,E01030231,2011 super output areas - lower layer,298,Age 25 to 29,0.0
964,2011,E01030231,2011 super output areas - lower layer,298,Age 30 to 44,0.0
965,2011,E01030231,2011 super output areas - lower layer,298,Age 45 to 59,0.0
966,2011,E01030231,2011 super output areas - lower layer,298,Age 60 to 64,0.0
967,2011,E01030231,2011 super output areas - lower layer,298,Age 65 to 74,0.0
968,2011,E01030231,2011 super output areas - lower layer,298,Age 75 to 84,0.0
969,2011,E01030231,2011 super output areas - lower layer,298,Age 85 to 89,0.0
970,2011,E01030231,2011 super output areas - lower layer,298,Age 90 and over,0.0
971,2011,E01030231,2011 super output areas - lower layer,298,Mean Age,
972,2011,E01030231,2011 super output areas - lower layer,298,Median Age,0.5
973,2011,E01030231,2011 super output areas - lower layer,298,All usual residents,0.0
974,2011,E01030231,2011 super output areas - lower layer,298,Age 0 to 4,0.0
975,2011,E01030231,2011 super output areas - lower layer,298,Age 5 to 7,0.0
976,2011,E01030231,2011 super output areas - lower layer,298,Age 8 to 9,0.0
977,2011,E01030231,2011 super output areas - lower layer,298,Age 10 to 14,0.0
978,2011,E01030231,2011 super output areas - lower layer,298,Age 15,0.0
979,2011,E01030231,2011 super output areas - lower layer,298,Age 16 to 17,0.0
980,2011,E01030231,2011 super output areas - lower layer,298,Age 18 to 19,0.0
981,2011,E01030231,2011 super output areas - lower layer,298,Age 20 to 24,0.0
982,2011,E01030231,2011 super output areas - lower layer,298,Age 25 to 29,0.0
983,2011,E01030231,2011 super output areas - lower layer,298,Age 30 to 44,0.0
984,2011,E01030231,2011 super output areas - lower layer,298,Age 45 to 59,0.0
985,2011,E01030231,2011 super output areas - lower layer,298,Age 60 to 64,0.0
986,2011,E01030231,2011 super output areas - lower layer,298,Age 65 to 74,0.0
987,2011,E01030231,2011 super output areas - lower layer,298,Age 75 to 84,0.0
988,2011,E01030231,2011 super output areas - lower layer,298,Age 85 to 89,0.0
989,2011,E01030231,2011 super output areas - lower layer,298,Age 90 and over,0.0
990,2011,E01030231,2011 super output areas - lower layer,298,Mean Age,
991,2011,E01030231,2011 super output areas - lower layer,298,Median Age,0.5
992,2011,E01030232,2011 super output areas - lower layer,298,All usual residents,1729.0
993,2011,E01030232,2011 super output areas - lower layer,298,Age 0 to 4,115.0
994,2011,E01030232,2011 super output areas - lower layer,298,Age 5 to 7,63.0
995,2011,E01030232,2011 super output areas - lower layer,298,Age 8 to 9,42.0
996,2011,E01030232,2011 super output areas - lower layer,298,Age 10 to 14,119.0
997,2011,E01030232,2011 super output areas - lower layer,298,Age 15,24.0
998,2011,E01030232,2011 super output areas - lower layer,298,Age 16 to 17,48.0
999,2011,E01030232,2011 super output areas - lower layer,298,Age 18 to 19,43.0
1000,2011,E01030232,2011 super output areas - lower layer,298,Age 20 to 24,72.0
1001,2011,E01030232,2011 super output areas - lower layer,298,Age 25 to 29,81.0
1002,2011,E01030232,2011 super output areas - lower layer,298,Age 30 to 44,320.0
1003,2011,E01030232,2011 super output areas - lower layer,298,Age 45 to 59,294.0
1004,2011,E01030232,2011 super output areas - lower layer,298,Age 60 to 64,121.0
1005,2011,E01030232,2011 super output areas - lower layer,298,Age 65 to 74,182.0
1006,2011,E01030232,2011 super output areas - lower layer,298,Age 75 to 84,139.0
1007,2011,E01030232,2011 super output areas - lower layer,298,Age 85 to 89,42.0
1008,2011,E01030232,2011 super output areas - lower layer,298,Age 90 and over,24.0
1009,2011,E01030232,2011 super output areas - lower layer,298,Mean Age,41.9
1010,2011,E01030232,2011 super output areas - lower layer,298,Median Age,42.0
1011,2011,E01030232,2011 super output areas - lower layer,298,All usual residents,0.0
1012,2011,E01030232,2011 super output areas - lower layer,298,Age 0 to 4,0.0
1013,2011,E01030232,2011 super output areas - lower layer,298,Age 5 to 7,0.0
1014,2011,E01030232,2011 super output areas - lower layer,298,Age 8 to 9,0.0
1015,2011,E01030232,2011 super output areas - lower layer,298,Age 10 to 14,0.0
1016,2011,E01030232,2011 super output areas - lower layer,298,Age 15,0.0
1017,2011,E01030232,2011 super output areas - lower layer,298,Age 16 to 17,0.0
1018,2011,E01030232,2011 super output areas - lower layer,298,Age 18 to 19,0.0
1019,2011,E01030232,2011 super output areas - lower layer,298,Age 20 to 24,0.0
1020,2011,E01030232,2011 super output areas - lower layer,298,Age 25 to 29,0.0
1021,2011,E01030232,2011 super output areas - lower layer,298,Age 30 to 44,0.0
1022,2011,E01030232,2011 super output areas - lower layer,298,Age 45 to 59,0.0
1023,2011,E01030232,2011 super output areas - lower layer,298,Age 60 to 64,0.0
1024,2011,E01030232,2011 super output areas - lower layer,298,Age 65 to 74,0.0
1025,2011,E01030232,2011 super output areas - lower layer,298,Age 75 to 84,0.0
1026,2011,E01030232,2011 super output areas - lower layer,298,Age 85 to 89,0.0
1027,2011,E01030232,2011 super output areas - lower layer,298,Age 90 and over,0.0
1028,2011,E01030232,2011 super output areas - lower layer,298,Mean Age,
1029,2011,E01030232,2011 super output areas - lower layer,298,Median Age,0.5
1030,2011,E01030232,2011 super output areas - lower layer,298,All usual residents,0.0
1031,2011,E01030232,2011 super output areas - lower layer,298,Age 0 to 4,0.0
1032,2011,E01030232,2011 super output areas - lower layer,298,Age 5 to 7,0.0
1033,2011,E01030232,2011 super output areas - lower layer,298,Age 8 to 9,0.0
1034,2011,E01030232,2011 super output areas - lower layer,298,Age 10 to 14,0.0
1035,2011,E01030232,2011 super output areas - lower layer,298,Age 15,0.0
1036,2011,E01030232,2011 super output areas - lower layer,298,Age 16 to 17,0.0
1037,2011,E01030232,2011 super output areas - lower layer,298,Age 18 to 19,0.0
1038,2011,E01030232,2011 super output areas - lower layer,298,Age 20 to 24,0.0
1039,2011,E01030232,2011 super output areas - lower layer,298,Age 25 to 29,0.0
1040,2011,E01030232,2011 super output areas - lower layer,298,Age 30 to 44,0.0
1041,2011,E01030232,2011 super output areas - lower layer,298,Age 45 to 59,0.0
1042,2011,E01030232,2011 super output areas - lower layer,298,Age 60 to 64,0.0
1043,2011,E01030232,2011 super output areas - lower layer,298,Age 65 to 74,0.0
1044,2011,E01030232,2011 super output areas - lower layer,298,Age 75 to 84,0.0
1045,2011,E01030232,2011 super output areas - lower layer,298,Age 85 to 89,0.0
1046,2011,E01030232,2011 super output areas - lower layer,298,Age 90 and over,0.0
1047,2011,E01030232,2011 super output areas - lower layer,298,Mean Age,
1048,2011,E01030232,2011 super output areas - lower layer,298,Median Age,0.5
1049,2011,E01030232,2011 super output areas - lower layer,298,All usual residents,0.0
1050,2011,E01030232,2011 super output areas - lower layer,298,Age 0 to 4,0.0
1051,2011,E01030232,2011 super output areas - lower layer,298,Age 5 to 7,0.0
1052,2011,E01030232,2011 super output areas - lower layer,298,Age 8 to 9,0.0
1053,2011,E01030232,2011 super output areas - lower layer,298,Age 10 to 14,0.0
1054,2011,E01030232,2011 super output areas - lower layer,298,Age 15,0.0
1055,2011,E01030232,2011 super output areas - lower layer,298,Age 16 to 17,0.0
1056,2011,E01030232,2011 super output areas - lower layer,298,Age 18 to 19,0.0
1057,2011,E01030232,2011 super output areas - lower layer,298,Age 20 to 24,0.0
1058,2011,E01030232,2011 super output areas - lower layer,298,Age 25 to 29,0.0
1059,2011,E01030232,2011 super output areas - lower layer,298,Age 30 to 44,0.0
1060,2011,E01030232,2011 super output areas - lower layer,298,Age 45 to 59,0.0
1061,2011,E01030232,2011 super output areas - lower layer,298,Age 60 to 64,0.0
1062,2011,E01030232,2011 super output areas - lower layer,298,Age 65 to 74,0.0
1063,2011,E01030232,2011 super output areas - lower layer,298,Age 75 to 84,0.0
1064,2011,E01030232,2011 super output areas - lower layer,298,Age 85 to 89,0.0
1065,2011,E01030232,2011 super output areas - lower layer,298,Age 90 and over,0.0
1066,2011,E01030232,2011 super output areas - lower layer,298,Mean Age,
1067,2011,E01030232,2011 super output areas - lower layer,298,Median Age,0.5
1068,2011,E01030232,2011 super output areas - lower layer,298,All usual residents,0.0
1069,2011,E01030232,2011 super output areas - lower layer,298,Age 0 to 4,0.0
1070,2011,E01030232,2011 super output areas - lower layer,298,Age 5 to 7,0.0
1071,2011,E01030232,2011 super output areas - lower layer,298,Age 8 to 9,0.0
1072,2011,E01030232,2011 super output areas - lower layer,298,Age 10 to 14,0.0
1073,2011,E01030232,2011 super output areas - lower layer,298,Age 15,0.0
1074,2011,E01030232,2011 super output areas - lower layer,298,Age 16 to 17,0.0
1075,2011,E01030232,2011 super output areas - lower layer,298,Age 18 to 19,0.0
1076,2011,E01030232,2011 super output areas - lower layer,298,Age 20 to 24,0.0
1077,2011,E01030232,2011 super output areas - lower layer,298,Age 25 to 29,0.0
1078,2011,E01030232,2011 super output areas - lower layer,298,Age 30 to 44,0.0
1079,2011,E01030232,2011 super output areas - lower layer,298,Age 45 to 59,0.0
1080,2011,E01030232,2011 super output areas - lower layer,298,Age 60 to 64,0.0
1081,2011,E01030232,2011 super output areas - lower layer,298,Age 65 to 74,0.0
1082,2011,E01030232,2011 super output areas - lower layer,298,Age 75 to 84,0.0
1083,2011,E01030232,2011 super output areas - lower layer,298,Age 85 to 89,0.0
1084,2011,E01030232,2011 super output areas - lower layer,298,Age 90 and over,0.0
1085,2011,E01030232,2011 super output areas - lower layer,298,Mean Age,
1086,2011,E01030232,2011 super output areas - lower layer,298,Median Age,0.5
1087,2011,E01030232,2011 super output areas - lower layer,298,All usual residents,0.0
1088,2011,E01030232,2011 super output areas - lower layer,298,Age 0 to 4,0.0
1089,2011,E01030232,2011 super output areas - lower layer,298,Age 5 to 7,0.0
1090,2011,E01030232,2011 super output areas - lower layer,298,Age 8 to 9,0.0
1091,2011,E01030232,2011 super output areas - lower layer,298,Age 10 to 14,0.0
1092,2011,E01030232,2011 super output areas - lower layer,298,Age 15,0.0
1093,2011,E01030232,2011 super output areas - lower layer,298,Age 16 to 17,0.0
1094,2011,E01030232,2011 super output areas - lower layer,298,Age 18 to 19,0.0
1095,2011,E01030232,2011 super output areas - lower layer,298,Age 20 to 24,0.0
1096,2011,E01030232,2011 super output areas - lower layer,298,Age 25 to 29,0.0
1097,2011,E01030232,2011 super output areas - lower layer,298,Age 30 to 44,0.0
1098,2011,E01030232,2011 super output areas - lower layer,298,Age 45 to 59,0.0
1099,2011,E01030232,2011 super output areas - lower layer,298,Age 60 to 64,0.0
1100,2011,E01030232,2011 super output areas - lower layer,298,Age 65 to 74,0.0
1101,2011,E01030232,2011 super output areas - lower layer,298,Age 75 to 84,0.0
1102,2011,E01030232,2011 super output areas - lower layer,298,Age 85 to 89,0.0
1103,2011,E01030232,2011 super output areas - lower layer,298,Age 90 and over,0.0
1104,2011,E01030232,2011 super output areas - lower layer,298,Mean Age,
1105,2011,E01030232,2011 super output areas - lower layer,298,Median Age,0.5
1106,2011,E01030232,2011 super output areas - lower layer,298,All usual residents,0.0
1107,2011,E01030232,2011 super output areas - lower layer,298,Age 0 to 4,0.0
1108,2011,E01030232,2011 super output areas - lower layer,298,Age 5 to 7,0.0
1109,2011,E01030232,2011 super output areas - lower layer,298,Age 8 to 9,0.0
1110,2011,E01030232,2011 super output areas - lower layer,298,Age 10 to 14,0.0
1111,2011,E01030232,2011 super output areas - lower layer,298,Age 15,0.0
1112,2011,E01030232,2011 super output areas - lower layer,298,Age 16 to 17,0.0
1113,2011,E01030232,2011 super output areas - lower layer,298,Age 18 to 19,0.0
1114,2011,E01030232,2011 super output areas - lower layer,298,Age 20 to 24,0.0
1115,2011,E01030232,2011 super output areas - lower layer,298,Age 25 to 29,0.0
1116,2011,E01030232,2011 super output areas - lower layer,298,Age 30 to 44,0.0
1117,2011,E01030232,2011 super output areas - lower layer,298,Age 45 to 59,0.0
1118,2011,E01030232,2011 super output areas - lower layer,298,Age 60 to 64,0.0
1119,2011,E01030232,2011 super output areas - lower layer,298,Age 65 to 74,0.0
1120,2011,E01030232,2011 super output areas - lower layer,298,Age 75 to 84,0.0
1121,2011,E01030232,2011 super output areas - lower layer,298,Age 85 to 89,0.0
1122,2011,E01030232,2011 super output areas - lower layer,298,Age 90 and over,0.0
1123,2011,E01030232,2011 super output areas - lower layer,298,Mean Age,
1124,2011,E01030232,2011 super output areas - lower layer,298,Median Age,0.5
1125,2011,E01030232,2011 super output areas - lower layer,298,All usual residents,0.0
1126,2011,E01030232,2011 super output areas - lower layer,298,Age 0 to 4,0.0
1127,2011,E01030232,2011 super output areas - lower layer,298,Age 5 to 7,0.0
1128,2011,E01030232,2011 super output areas - lower layer,298,Age 8 to 9,0.0
1129,2011,E01030232,2011 super output areas - lower layer,298,Age 10 to 14,0.0
1130,2011,E01030232,2011 super output areas - lower layer,298,Age 15,0.0
1131,2011,E01030232,2011 super output areas - lower layer,298,Age 16 to 17,0.0
1132,2011,E01030232,2011 super output areas - lower layer,298,Age 18 to 19,0.0
1133,2011,E01030232,2011 super output areas - lower layer,298,Age 20 to 24,0.0
1134,2011,E01030232,2011 super output areas - lower layer,298,Age 25 to 29,0.0
1135,2011,E01030232,2011 super output areas - lower layer,298,Age 30 to 44,0.0
1136,2011,E01030232,2011 super output areas - lower layer,298,Age 45 to 59,0.0
1137,2011,E01030232,2011 super output areas - lower layer,298,Age 60 to 64,0.0
1138,2011,E01030232,2011 super output areas - lower layer,298,Age 65 to 74,0.0
1139,2011,E01030232,2011 super output areas - lower layer,298,Age 75 to 84,0.0
1140,2011,E01030232,2011 super output areas - lower layer,298,Age 85 to 89,0.0
1141,2011,E01030232,2011 super output areas - lower layer,298,Age 90 and over,0.0
1142,2011,E01030232,2011 super output areas - lower layer,298,Mean Age,
1143,2011,E01030232,2011 super output areas - lower layer,298,Median Age,0.5
1144,2011,E01030232,2011 super output areas - lower layer,298,All usual residents,0.0
1145,2011,E01030232,2011 super output areas - lower layer,298,Age 0 to 4,0.0
1146,2011,E01030232,2011 super output areas - lower layer,298,Age 5 to 7,0.0
1147,2011,E01030232,2011 super output areas - lower layer,298,Age 8 to 9,0.0
1148,2011,E01030232,2011 super output areas - lower layer,298,Age 10 to 14,0.0
1149,2011,E01030232,2011 super output areas - lower layer,298,Age 15,0.0
1150,2011,E01030232,2011 super output areas - lower layer,298,Age 16 to 17,0.0
1151,2011,E01030232,2011 super output areas - lower layer,298,Age 18 to 19,0.0
1152,2011,E01030232,2011 super output areas - lower layer,298,Age 20 to 24,0.0
1153,2011,E01030232,2011 super output areas - lower layer,298,Age 25 to 29,0.0
1154,2011,E01030232,2011 super output areas - lower layer,298,Age 30 to 44,0.0
1155,2011,E01030232,2011 super output areas - lower layer,298,Age 45 to 59,0.0
1156,2011,E01030232,2011 super output areas - lower layer,298,Age 60 to 64,0.0
1157,2011,E01030232,2011 super output areas - lower layer,298,Age 65 to 74,0.0
1158,2011,E01030232,2011 super output areas - lower layer,298,Age 75 to 84,0.0
1159,2011,E01030232,2011 super output areas - lower layer,298,Age 85 to 89,0.0
1160,2011,E01030232,2011 super output areas - lower layer,298,Age 90 and over,0.0
1161,2011,E01030232,2011 super output areas - lower layer,298,Mean Age,
1162,2011,E01030232,2011 super output areas - lower layer,298,Median Age,0.5
1163,2011,E01030232,2011 super output areas - lower layer,298,All usual residents,0.0
1164,2011,E01030232,2011 super output areas - lower layer,298,Age 0 to 4,0.0
1165,2011,E01030232,2011 super output areas - lower layer,298,Age 5 to 7,0.0
1166,2011,E01030232,2011 super output areas - lower layer,298,Age 8 to 9,0.0
1167,2011,E01030232,2011 super output areas - lower layer,298,Age 10 to 14,0.0
1168,2011,E01030232,2011 super output areas - lower layer,298,Age 15,0.0
1169,2011,E01030232,2011 super output areas - lower layer,298,Age 16 to 17,0.0
1170,2011,E01030232,2011 super output areas - lower layer,298,Age 18 to 19,0.0
1171,2011,E01030232,2011 super output areas - lower layer,298,Age 20 to 24,0.0
1172,2011,E01030232,2011 super output areas - lower layer,298,Age 25 to 29,0.0
1173,2011,E01030232,2011 super output areas - lower layer,298,Age 30 to 44,0.0
1174,2011,E01030232,2011 super output areas - lower layer,298,Age 45 to 59,0.0
1175,2011,E01030232,2011 super output areas - lower layer,298,Age 60 to 64,0.0
1176,2011,E01030232,2011 super output areas - lower layer,298,Age 65 to 74,0.0
1177,2011,E01030232,2011 super output areas - lower layer,298,Age 75 to 84,0.0
1178,2011,E01030232,2011 super output areas - lower layer,298,Age 85 to 89,0.0
1179,2011,E01030232,2011 super output areas - lower layer,298,Age 90 and over,0.0
1180,2011,E01030232,2011 super output areas - lower layer,298,Mean Age,
1181,2011,E01030232,2011 super output areas - lower layer,298,Median Age,0.5
1182,2011,E01030232,2011 super output areas - lower layer,298,All usual residents,0.0
1183,2011,E01030232,2011 super output areas - lower layer,298,Age 0 to 4,0.0
1184,2011,E01030232,2011 super output areas - lower layer,298,Age 5 to 7,0.0
1185,2011,E01030232,2011 super output areas - lower layer,298,Age 8 to 9,0.0
1186,2011,E01030232,2011 super output areas - lower layer,298,Age 10 to 14,0.0
1187,2011,E01030232,2011 super output areas - lower layer,298,Age 15,0.0
1188,2011,E01030232,2011 super output areas - lower layer,298,Age 16 to 17,0.0
1189,2011,E01030232,2011 super output areas - lower layer,298,Age 18 to 19,0.0
1190,2011,E01030232,2011 super output areas - lower layer,298,Age 20 to 24,0.0
1191,2011,E01030232,2011 super output areas - lower layer,298,Age 25 to 29,0.0
1192,2011,E01030232,2011 super output areas - lower layer,298,Age 30 to 44,0.0
1193,2011,E01030232,2011 super output areas - lower layer,298,Age 45 to 59,0.0
1194,2011,E01030232,2011 super output areas - lower layer,298,Age 60 to 64,0.0
1195,2011,E01030232,2011 super output areas - lower layer,298,Age 65 to 74,0.0
1196,2011,E01030232,2011 super output areas - lower layer,298,Age 75 to 84,0.0
1197,2011,E01030232,2011 super output areas - lower layer,298,Age 85 to 89,0.0
1198,2011,E01030232,2011 super output areas - lower layer,298,Age 90 and over,0.0
1199,2011,E01030232,2011 super output areas - lower layer,298,Mean Age,
1200,2011,E01030232,2011 super output areas - lower layer,298,Median Age,0.5
1201,2011,E01030232,2011 super output areas - lower layer,298,All usual residents,0.0
1202,2011,E01030232,2011 super output areas - lower layer,298,Age 0 to 4,0.0
1203,2011,E01030232,2011 super output areas - lower layer,298,Age 5 to 7,0.0
1204,2011,E01030232,2011 super output areas - lower layer,298,Age 8 to 9,0.0
1205,2011,E01030232,2011 super output areas - lower layer,298,Age 10 to 14,0.0
1206,2011,E01030232,2011 super output areas - lower layer,298,Age 15,0.0
1207,2011,E01030232,2011 super output areas - lower layer,298,Age 16 to 17,0.0
1208,2011,E01030232,2011 super output areas - lower layer,298,Age 18 to 19,0.0
1209,2011,E01030232,2011 super output areas - lower layer,298,Age 20 to 24,0.0
1210,2011,E01030232,2011 super output areas - lower layer,298,Age 25 to 29,0.0
1211,2011,E01030232,2011 super output areas - lower layer,298,Age 30 to 44,0.0
1212,2011,E01030232,2011 super output areas - lower layer,298,Age 45 to 59,0.0
1213,2011,E01030232,2011 super output areas - lower layer,298,Age 60 to 64,0.0
1214,2011,E01030232,2011 super output areas - lower layer,298,Age 65 to 74,0.0
1215,2011,E01030232,2011 super output areas - lower layer,298,Age 75 to 84,0.0
1216,2011,E01030232,2011 super output areas - lower layer,298,Age 85 to 89,0.0
1217,2011,E01030232,2011 super output areas - lower layer,298,Age 90 and over,0.0
1218,2011,E01030232,2011 super output areas - lower layer,298,Mean Age,
1219,2011,E01030232,2011 super output areas - lower layer,298,Median Age,0.5
1220,2011,E01030232,2011 super output areas - lower layer,298,All usual residents,0.0
1221,2011,E01030232,2011 super output areas - lower layer,298,Age 0 to 4,0.0
1222,2011,E01030232,2011 super output areas - lower layer,298,Age 5 to 7,0.0
1223,2011,E01030232,2011 super output areas - lower layer,298,Age 8 to 9,0.0
1224,2011,E01030232,2011 super output areas - lower layer,298,Age 10 to 14,0.0
1225,2011,E01030232,2011 super output areas - lower layer,298,Age 15,0.0
1226,2011,E01030232,2011 super output areas - lower layer,298,Age 16 to 17,0.0
1227,2011,E01030232,2011 super output areas - lower layer,298,Age 18 to 19,0.0
1228,2011,E01030232,2011 super output areas - lower layer,298,Age 20 to 24,0.0
1229,2011,E01030232,2011 super output areas - lower layer,298,Age 25 to 29,0.0
1230,2011,E01030232,2011 super output areas - lower layer,298,Age 30 to 44,0.0
1231,2011,E01030232,2011 super output areas - lower layer,298,Age 45 to 59,0.0
1232,2011,E01030232,2011 super output areas - lower layer,298,Age 60 to 64,0.0
1233,2011,E01030232,2011 super output areas - lower layer,298,Age 65 to 74,0.0
1234,2011,E01030232,2011 super output areas - lower layer,298,Age 75 to 84,0.0
1235,2011,E01030232,2011 super output areas - lower layer,298,Age 85 to 89,0.0
1236,2011,E01030232,2011 super output areas - lower layer,298,Age 90 and over,0.0
1237,2011,E01030232,2011 super output areas - lower layer,298,Mean Age,
1238,2011,E01030232,2011 super output areas - lower layer,298,Median Age,0.5
1239,2011,E01030285,2011 super output areas - lower layer,298,All usual residents,2242.0
1240,2011,E01030285,2011 super output areas - lower layer,298,Age 0 to 4,95.0
1241,2011,E01030285,2011 super output areas - lower layer,298,Age 5 to 7,60.0
1242,2011,E01030285,2011 super output areas - lower layer,298,Age 8 to 9,57.0
1243,2011,E01030285,2011 super output areas - lower layer,298,Age 10 to 14,132.0
1244,2011,E01030285,2011 super output areas - lower layer,298,Age 15,34.0
1245,2011,E01030285,2011 super output areas - lower layer,298,Age 16 to 17,65.0
1246,2011,E01030285,2011 super output areas - lower layer,298,Age 18 to 19,50.0
1247,2011,E01030285,2011 super output areas - lower layer,298,Age 20 to 24,82.0
1248,2011,E01030285,2011 super output areas - lower layer,298,Age 25 to 29,79.0
1249,2011,E01030285,2011 super output areas - lower layer,298,Age 30 to 44,317.0
1250,2011,E01030285,2011 super output areas - lower layer,298,Age 45 to 59,551.0
1251,2011,E01030285,2011 super output areas - lower layer,298,Age 60 to 64,239.0
1252,2011,E01030285,2011 super output areas - lower layer,298,Age 65 to 74,267.0
1253,2011,E01030285,2011 super output areas - lower layer,298,Age 75 to 84,162.0
1254,2011,E01030285,2011 super output areas - lower layer,298,Age 85 to 89,39.0
1255,2011,E01030285,2011 super output areas - lower layer,298,Age 90 and over,13.0
1256,2011,E01030285,2011 super output areas - lower layer,298,Mean Age,44.9
1257,2011,E01030285,2011 super output areas - lower layer,298,Median Age,49.0
1258,2011,E01030285,2011 super output areas - lower layer,298,All usual residents,0.0
1259,2011,E01030285,2011 super output areas - lower layer,298,Age 0 to 4,0.0
1260,2011,E01030285,2011 super output areas - lower layer,298,Age 5 to 7,0.0
1261,2011,E01030285,2011 super output areas - lower layer,298,Age 8 to 9,0.0
1262,2011,E01030285,2011 super output areas - lower layer,298,Age 10 to 14,0.0
1263,2011,E01030285,2011 super output areas - lower layer,298,Age 15,0.0
1264,2011,E01030285,2011 super output areas - lower layer,298,Age 16 to 17,0.0
1265,2011,E01030285,2011 super output areas - lower layer,298,Age 18 to 19,0.0
1266,2011,E01030285,2011 super output areas - lower layer,298,Age 20 to 24,0.0
1267,2011,E01030285,2011 super output areas - lower layer,298,Age 25 to 29,0.0
1268,2011,E01030285,2011 super output areas - lower layer,298,Age 30 to 44,0.0
1269,2011,E01030285,2011 super output areas - lower layer,298,Age 45 to 59,0.0
1270,2011,E01030285,2011 super output areas - lower layer,298,Age 60 to 64,0.0
1271,2011,E01030285,2011 super output areas - lower layer,298,Age 65 to 74,0.0
1272,2011,E01030285,2011 super output areas - lower layer,298,Age 75 to 84,0.0
1273,2011,E01030285,2011 super output areas - lower layer,298,Age 85 to 89,0.0
1274,2011,E01030285,2011 super output areas - lower layer,298,Age 90 and over,0.0
1275,2011,E01030285,2011 super output areas - lower layer,298,Mean Age,
1276,2011,E01030285,2011 super output areas - lower layer,298,Median Age,0.5
1277,2011,E01030285,2011 super output areas - lower layer,298,All usual residents,0.0
1278,2011,E01030285,2011 super output areas - lower layer,298,Age 0 to 4,0.0
1279,2011,E01030285,2011 super output areas - lower layer,298,Age 5 to 7,0.0
1280,2011,E01030285,2011 super output areas - lower layer,298,Age 8 to 9,0.0
1281,2011,E01030285,2011 super output areas - lower layer,298,Age 10 to 14,0.0
1282,2011,E01030285,2011 super output areas - lower layer,298,Age 15,0.0
1283,2011,E01030285,2011 super output areas - lower layer,298,Age 16 to 17,0.0
1284,2011,E01030285,2011 super output areas - lower layer,298,Age 18 to 19,0.0
1285,2011,E01030285,2011 super output areas - lower layer,298,Age 20 to 24,0.0
1286,2011,E01030285,2011 super output areas - lower layer,298,Age 25 to 29,0.0
1287,2011,E01030285,2011 super output areas - lower layer,298,Age 30 to 44,0.0
1288,2011,E01030285,2011 super output areas - lower layer,298,Age 45 to 59,0.0
1289,2011,E01030285,2011 super output areas - lower layer,298,Age 60 to 64,0.0
1290,2011,E01030285,2011 super output areas - lower layer,298,Age 65 to 74,0.0
1291,2011,E01030285,2011 super output areas - lower layer,298,Age 75 to 84,0.0
1292,2011,E01030285,2011 super output areas - lower layer,298,Age 85 to 89,0.0
1293,2011,E01030285,2011 super output areas - lower layer,298,Age 90 and over,0.0
1294,2011,E01030285,2011 super output areas - lower layer,298,Mean Age,
1295,2011,E01030285,2011 super output areas - lower layer,298,Median Age,0.5
1296,2011,E01030285,2011 super output areas - lower layer,298,All usual residents,0.0
1297,2011,E01030285,2011 super output areas - lower layer,298,Age 0 to 4,0.0
1298,2011,E01030285,2011 super output areas - lower layer,298,Age 5 to 7,0.0
1299,2011,E01030285,2011 super output areas - lower layer,298,Age 8 to 9,0.0
1300,2011,E01030285,2011 super output areas - lower layer,298,Age 10 to 14,0.0
1301,2011,E01030285,2011 super output areas - lower layer,298,Age 15,0.0
1302,2011,E01030285,2011 super output areas - lower layer,298,Age 16 to 17,0.0
1303,2011,E01030285,2011 super output areas - lower layer,298,Age 18 to 19,0.0
1304,2011,E01030285,2011 super output areas - lower layer,298,Age 20 to 24,0.0
1305,2011,E01030285,2011 super output areas - lower layer,298,Age 25 to 29,0.0
1306,2011,E01030285,2011 super output areas - lower layer,298,Age 30 to 44,0.0
1307,2011,E01030285,2011 super output areas - lower layer,298,Age 45 to 59,0.0
1308,2011,E01030285,2011 super output areas - lower layer,298,Age 60 to 64,0.0
1309,2011,E01030285,2011 super output areas - lower layer,298,Age 65 to 74,0.0
1310,2011,E01030285,2011 super output areas - lower layer,298,Age 75 to 84,0.0
1311,2011,E01030285,2011 super output areas - lower layer,298,Age 85 to 89,0.0
1312,2011,E01030285,2011 super output areas - lower layer,298,Age 90 and over,0.0
1313,2011,E01030285,2011 super output areas - lower layer,298,Mean Age,
1314,2011,E01030285,2011 super output areas - lower layer,298,Median Age,0.5
1315,2011,E01030285,2011 super output areas - lower layer,298,All usual residents,0.0
1316,2011,E01030285,2011 super output areas - lower layer,298,Age 0 to 4,0.0
1317,2011,E01030285,2011 super output areas - lower layer,298,Age 5 to 7,0.0
1318,2011,E01030285,2011 super output areas - lower layer,298,Age 8 to 9,0.0
1319,2011,E01030285,2011 super output areas - lower layer,298,Age 10 to 14,0.0
1320,2011,E01030285,2011 super output areas - lower layer,298,Age 15,0.0
1321,2011,E01030285,2011 super output areas - lower layer,298,Age 16 to 17,0.0
1322,2011,E01030285,2011 super output areas - lower layer,298,Age 18 to 19,0.0
1323,2011,E01030285,2011 super output areas - lower layer,298,Age 20 to 24,0.0
1324,2011,E01030285,2011 super output areas - lower layer,298,Age 25 to 29,0.0
1325,2011,E01030285,2011 super output areas - lower layer,298,Age 30 to 44,0.0
1326,2011,E01030285,2011 super output areas - lower layer,298,Age 45 to 59,0.0
1327,2011,E01030285,2011 super output areas - lower layer,298,Age 60 to 64,0.0
1328,2011,E01030285,2011 super output areas - lower layer,298,Age 65 to 74,0.0
1329,2011,E01030285,2011 super output areas - lower layer,298,Age 75 to 84,0.0
1330,2011,E01030285,2011 super output areas - lower layer,298,Age 85 to 89,0.0
1331,2011,E01030285,2011 super output areas - lower layer,298,Age 90 and over,0.0
1332,2011,E01030285,2011 super output areas - lower layer,298,Mean Age,
1333,2011,E01030285,2011 super output areas - lower layer,298,Median Age,0.5
1334,2011,E01030285,2011 super output areas - lower layer,298,All usual residents,0.0
1335,2011,E01030285,2011 super output areas - lower layer,298,Age 0 to 4,0.0
1336,2011,E01030285,2011 super output areas - lower layer,298,Age 5 to 7,0.0
1337,2011,E01030285,2011 super output areas - lower layer,298,Age 8 to 9,0.0
1338,2011,E01030285,2011 super output areas - lower layer,298,Age 10 to 14,0.0
1339,2011,E01030285,2011 super output areas - lower layer,298,Age 15,0.0
1340,2011,E01030285,2011 super output areas - lower layer,298,Age 16 to 17,0.0
1341,2011,E01030285,2011 super output areas - lower layer,298,Age 18 to 19,0.0
1342,2011,E01030285,2011 super output areas - lower layer,298,Age 20 to 24,0.0
1343,2011,E01030285,2011 super output areas - lower layer,298,Age 25 to 29,0.0
1344,2011,E01030285,2011 super output areas - lower layer,298,Age 30 to 44,0.0
1345,2011,E01030285,2011 super output areas - lower layer,298,Age 45 to 59,0.0
1346,2011,E01030285,2011 super output areas - lower layer,298,Age 60 to 64,0.0
1347,2011,E01030285,2011 super output areas - lower layer,298,Age 65 to 74,0.0
1348,2011,E01030285,2011 super output areas - lower layer,298,Age 75 to 84,0.0
1349,2011,E01030285,2011 super output areas - lower layer,298,Age 85 to 89,0.0
1350,2011,E01030285,2011 super output areas - lower layer,298,Age 90 and over,0.0
1351,2011,E01030285,2011 super output areas - lower layer,298,Mean Age,
1352,2011,E01030285,2011 super output areas - lower layer,298,Median Age,0.5
1353,2011,E01030285,2011 super output areas - lower layer,298,All usual residents,0.0
1354,2011,E01030285,2011 super output areas - lower layer,298,Age 0 to 4,0.0
1355,2011,E01030285,2011 super output areas - lower layer,298,Age 5 to 7,0.0
1356,2011,E01030285,2011 super output areas - lower layer,298,Age 8 to 9,0.0
1357,2011,E01030285,2011 super output areas - lower layer,298,Age 10 to 14,0.0
1358,2011,E01030285,2011 super output areas - lower layer,298,Age 15,0.0
1359,2011,E01030285,2011 super output areas - lower layer,298,Age 16 to 17,0.0
1360,2011,E01030285,2011 super output areas - lower layer,298,Age 18 to 19,0.0
1361,2011,E01030285,2011 super output areas - lower layer,298,Age 20 to 24,0.0
1362,2011,E01030285,2011 super output areas - lower layer,298,Age 25 to 29,0.0
1363,2011,E01030285,2011 super output areas - lower layer,298,Age 30 to 44,0.0
1364,2011,E01030285,2011 super output areas - lower layer,298,Age 45 to 59,0.0
1365,2011,E01030285,2011 super output areas - lower layer,298,Age 60 to 64,0.0
1366,2011,E01030285,2011 super output areas - lower layer,298,Age 65 to 74,0.0
1367,2011,E01030285,2011 super output areas - lower layer,298,Age 75 to 84,0.0
1368,2011,E01030285,2011 super output areas - lower layer,298,Age 85 to 89,0.0
1369,2011,E01030285,2011 super output areas - lower layer,298,Age 90 and over,0.0
1370,2011,E01030285,2011 super output areas - lower layer,298,Mean Age,
1371,2011,E01030285,2011 super output areas - lower layer,298,Median Age,0.5
1372,2011,E01030285,2011 super output areas - lower layer,298,All usual residents,0.0
1373,2011,E01030285,2011 super output areas - lower layer,298,Age 0 to 4,0.0
1374,2011,E01030285,2011 super output areas - lower layer,298,Age 5 to 7,0.0
1375,2011,E01030285,2011 super output areas - lower layer,298,Age 8 to 9,0.0
1376,2011,E01030285,2011 super output areas - lower layer,298,Age 10 to 14,0.0
1377,2011,E01030285,2011 super output areas - lower layer,298,Age 15,0.0
1378,2011,E01030285,2011 super output areas - lower layer,298,Age 16 to 17,0.0
1379,2011,E01030285,2011 super output areas - lower layer,298,Age 18 to 19,0.0
1380,2011,E01030285,2011 super output areas - lower layer,298,Age 20 to 24,0.0
1381,2011,E01030285,2011 super output areas - lower layer,298,Age 25 to 29,0.0
1382,2011,E01030285,2011 super output areas - lower layer,298,Age 30 to 44,0.0
1383,2011,E01030285,2011 super output areas - lower layer,298,Age 45 to 59,0.0
1384,2011,E01030285,2011 super output areas - lower layer,298,Age 60 to 64,0.0
1385,2011,E01030285,2011 super output areas - lower layer,298,Age 65 to 74,0.0
1386,2011,E01030285,2011 super output areas - lower layer,298,Age 75 to 84,0.0
1387,2011,E01030285,2011 super output areas - lower layer,298,Age 85 to 89,0.0
1388,2011,E01030285,2011 super output areas - lower layer,298,Age 90 and over,0.0
1389,2011,E01030285,2011 super output areas - lower layer,298,Mean Age,
1390,2011,E01030285,2011 super output areas - lower layer,298,Median Age,0.5
1391,2011,E01030285,2011 super output areas - lower layer,298,All usual residents,0.0
1392,2011,E01030285,2011 super output areas - lower layer,298,Age 0 to 4,0.0
1393,2011,E01030285,2011 super output areas - lower layer,298,Age 5 to 7,0.0
1394,2011,E01030285,2011 super output areas - lower layer,298,Age 8 to 9,0.0
1395,2011,E01030285,2011 super output areas - lower layer,298,Age 10 to 14,0.0
1396,2011,E01030285,2011 super output areas - lower layer,298,Age 15,0.0
1397,2011,E01030285,2011 super output areas - lower layer,298,Age 16 to 17,0.0
1398,2011,E01030285,2011 super output areas - lower layer,298,Age 18 to 19,0.0
1399,2011,E01030285,2011 super output areas - lower layer,298,Age 20 to 24,0.0
1400,2011,E01030285,2011 super output areas - lower layer,298,Age 25 to 29,0.0
1401,2011,E01030285,2011 super output areas - lower layer,298,Age 30 to 44,0.0
1402,2011,E01030285,2011 super output areas - lower layer,298,Age 45 to 59,0.0
1403,2011,E01030285,2011 super output areas - lower layer,298,Age 60 to 64,0.0
1404,2011,E01030285,2011 super output areas - lower layer,298,Age 65 to 74,0.0
1405,2011,E01030285,2011 super output areas - lower layer,298,Age 75 to 84,0.0
1406,2011,E01030285,2011 super output areas - lower layer,298,Age 85 to 89,0.0
1407,2011,E01030285,2011 super output areas - lower layer,298,Age 90 and over,0.0
1408,2011,E01030285,2011 super output areas - lower layer,298,Mean Age,
1409,2011,E01030285,2011 super output areas - lower layer,298,Median Age,0.5
1410,2011,E01030285,2011 super output areas - lower layer,298,All usual residents,0.0
1411,2011,E01030285,2011 super output areas - lower layer,298,Age 0 to 4,0.0
1412,2011,E01030285,2011 super output areas - lower layer,298,Age 5 to 7,0.0
1413,2011,E01030285,2011 super output areas - lower layer,298,Age 8 to 9,0.0
1414,2011,E01030285,2011 super output areas - lower layer,298,Age 10 to 14,0.0
1415,2011,E01030285,2011 super output areas - lower layer,298,Age 15,0.0
1416,2011,E01030285,2011 super output areas - lower layer,298,Age 16 to 17,0.0
1417,2011,E01030285,2011 super output areas - lower layer,298,Age 18 to 19,0.0
1418,2011,E01030285,2011 super output areas - lower layer,298,Age 20 to 24,0.0
1419,2011,E01030285,2011 super output areas - lower layer,298,Age 25 to 29,0.0
1420,2011,E01030285,2011 super output areas - lower layer,298,Age 30 to 44,0.0
1421,2011,E01030285,2011 super output areas - lower layer,298,Age 45 to 59,0.0
1422,2011,E01030285,2011 super output areas - lower layer,298,Age 60 to 64,0.0
1423,2011,E01030285,2011 super output areas - lower layer,298,Age 65 to 74,0.0
1424,2011,E01030285,2011 super output areas - lower layer,298,Age 75 to 84,0.0
1425,2011,E01030285,2011 super output areas - lower layer,298,Age 85 to 89,0.0
1426,2011,E01030285,2011 super output areas - lower layer,298,Age 90 and over,0.0
1427,2011,E01030285,2011 super output areas - lower layer,298,Mean Age,
1428,2011,E01030285,2011 super output areas - lower layer,298,Median Age,0.5
1429,2011,E01030285,2011 super output areas - lower layer,298,All usual residents,0.0
1430,2011,E01030285,2011 super output areas - lower layer,298,Age 0 to 4,0.0
1431,2011,E01030285,2011 super output areas - lower layer,298,Age 5 to 7,0.0
1432,2011,E01030285,2011 super output areas - lower layer,298,Age 8 to 9,0.0
1433,2011,E01030285,2011 super output areas - lower layer,298,Age 10 to 14,0.0
1434,2011,E01030285,2011 super output areas - lower layer,298,Age 15,0.0
1435,2011,E01030285,2011 super output areas - lower layer,298,Age 16 to 17,0.0
1436,2011,E01030285,2011 super output areas - lower layer,298,Age 18 to 19,0.0
1437,2011,E01030285,2011 super output areas - lower layer,298,Age 20 to 24,0.0
1438,2011,E01030285,2011 super output areas - lower layer,298,Age 25 to 29,0.0
1439,2011,E01030285,2011 super output areas - lower layer,298,Age 30 to 44,0.0
1440,2011,E01030285,2011 super output areas - lower layer,298,Age 45 to 59,0.0
1441,2011,E01030285,2011 super output areas - lower layer,298,Age 60 to 64,0.0
1442,2011,E01030285,2011 super output areas - lower layer,298,Age 65 to 74,0.0
1443,2011,E01030285,2011 super output areas - lower layer,298,Age 75 to 84,0.0
1444,2011,E01030285,2011 super output areas - lower layer,298,Age 85 to 89,0.0
1445,2011,E01030285,2011 super output areas - lower layer,298,Age 90 and over,0.0
1446,2011,E01030285,2011 super output areas - lower layer,298,Mean Age,
1447,2011,E01030285,2011 super output areas - lower layer,298,Median Age,0.5
1448,2011,E01030285,2011 super output areas - lower layer,298,All usual residents,0.0
1449,2011,E01030285,2011 super output areas - lower layer,298,Age 0 to 4,0.0
1450,2011,E01030285,2011 super output areas - lower layer,298,Age 5 to 7,0.0
1451,2011,E01030285,2011 super output areas - lower layer,298,Age 8 to 9,0.0
1452,2011,E01030285,2011 super output areas - lower layer,298,Age 10 to 14,0.0
1453,2011,E01030285,2011 super output areas - lower layer,298,Age 15,0.0
1454,2011,E01030285,2011 super output areas - lower layer,298,Age 16 to 17,0.0
1455,2011,E01030285,2011 super output areas - lower layer,298,Age 18 to 19,0.0
1456,2011,E01030285,2011 super output areas - lower layer,298,Age 20 to 24,0.0
1457,2011,E01030285,2011 super output areas - lower layer,298,Age 25 to 29,0.0
1458,2011,E01030285,2011 super output areas - lower layer,298,Age 30 to 44,0.0
1459,2011,E01030285,2011 super output areas - lower layer,298,Age 45 to 59,0.0
1460,2011,E01030285,2011 super output areas - lower layer,298,Age 60 to 64,0.0
1461,2011,E01030285,2011 super output areas - lower layer,298,Age 65 to 74,0.0
1462,2011,E01030285,2011 super output areas - lower layer,298,Age 75 to 84,0.0
1463,2011,E01030285,2011 super output areas - lower layer,298,Age 85 to 89,0.0
1464,2011,E01030285,2011 super output areas - lower layer,298,Age 90 and over,0.0
1465,2011,E01030285,2011 super output areas - lower layer,298,Mean Age,
1466,2011,E01030285,2011 super output areas - lower layer,298,Median Age,0.5
1467,2011,E01030285,2011 super output areas - lower layer,298,All usual residents,0.0
1468,2011,E01030285,2011 super output areas - lower layer,298,Age 0 to 4,0.0
1469,2011,E01030285,2011 super output areas - lower layer,298,Age 5 to 7,0.0
1470,2011,E01030285,2011 super output areas - lower layer,298,Age 8 to 9,0.0
1471,2011,E01030285,2011 super output areas - lower layer,298,Age 10 to 14,0.0
1472,2011,E01030285,2011 super output areas - lower layer,298,Age 15,0.0
1473,2011,E01030285,2011 super output areas - lower layer,298,Age 16 to 17,0.0
1474,2011,E01030285,2011 super output areas - lower layer,298,Age 18 to 19,0.0
1475,2011,E01030285,2011 super output areas - lower layer,298,Age 20 to 24,0.0
1476,2011,E01030285,2011 super output areas - lower layer,298,Age 25 to 29,0.0
1477,2011,E01030285,2011 super output areas - lower layer,298,Age 30 to 44,0.0
1478,2011,E01030285,2011 super output areas - lower layer,298,Age 45 to 59,0.0
1479,2011,E01030285,2011 super output areas - lower layer,298,Age 60 to 64,0.0
1480,2011,E01030285,2011 super output areas - lower layer,298,Age 65 to 74,0.0
1481,2011,E01030285,2011 super output areas - lower layer,298,Age 75 to 84,0.0
1482,2011,E01030285,2011 super output areas - lower layer,298,Age 85 to 89,0.0
1483,2011,E01030285,2011 super output areas - lower layer,298,Age 90 and over,0.0
1484,2011,E01030285,2011 super output areas - lower layer,298,Mean Age,
1485,2011,E01030285,2011 super output areas - lower layer,298,Median Age,0.5
1486,2011,E01030282,2011 super output areas - lower layer,298,All usual residents,1098.0
1487,2011,E01030282,2011 super output areas - lower layer,298,Age 0 to 4,28.0
1488,2011,E01030282,2011 super output areas - lower layer,298,Age 5 to 7,11.0
1489,2011,E01030282,2011 super output areas - lower layer,298,Age 8 to 9,2.0
1490,2011,E01030282,2011 super output areas - lower layer,298,Age 10 to 14,19.0
1491,2011,E01030282,2011 super output areas - lower layer,298,Age 15,1.0
1492,2011,E01030282,2011 super output areas - lower layer,298,Age 16 to 17,11.0
1493,2011,E01030282,2011 super output areas - lower layer,298,Age 18 to 19,10.0
1494,2011,E01030282,2011 super output areas - lower layer,298,Age 20 to 24,27.0
1495,2011,E01030282,2011 super output areas - lower layer,298,Age 25 to 29,28.0
1496,2011,E01030282,2011 super output areas - lower layer,298,Age 30 to 44,94.0
1497,2011,E01030282,2011 super output areas - lower layer,298,Age 45 to 59,199.0
1498,2011,E01030282,2011 super output areas - lower layer,298,Age 60 to 64,118.0
1499,2011,E01030282,2011 super output areas - lower layer,298,Age 65 to 74,224.0
1500,2011,E01030282,2011 super output areas - lower layer,298,Age 75 to 84,213.0
1501,2011,E01030282,2011 super output areas - lower layer,298,Age 85 to 89,66.0
1502,2011,E01030282,2011 super output areas - lower layer,298,Age 90 and over,47.0
1503,2011,E01030282,2011 super output areas - lower layer,298,Mean Age,60.1
1504,2011,E01030282,2011 super output areas - lower layer,298,Median Age,65.0
1505,2011,E01030282,2011 super output areas - lower layer,298,All usual residents,0.0
1506,2011,E01030282,2011 super output areas - lower layer,298,Age 0 to 4,0.0
1507,2011,E01030282,2011 super output areas - lower layer,298,Age 5 to 7,0.0
1508,2011,E01030282,2011 super output areas - lower layer,298,Age 8 to 9,0.0
1509,2011,E01030282,2011 super output areas - lower layer,298,Age 10 to 14,0.0
1510,2011,E01030282,2011 super output areas - lower layer,298,Age 15,0.0
1511,2011,E01030282,2011 super output areas - lower layer,298,Age 16 to 17,0.0
1512,2011,E01030282,2011 super output areas - lower layer,298,Age 18 to 19,0.0
1513,2011,E01030282,2011 super output areas - lower layer,298,Age 20 to 24,0.0
1514,2011,E01030282,2011 super output areas - lower layer,298,Age 25 to 29,0.0
1515,2011,E01030282,2011 super output areas - lower layer,298,Age 30 to 44,0.0
1516,2011,E01030282,2011 super output areas - lower layer,298,Age 45 to 59,0.0
1517,2011,E01030282,2011 super output areas - lower layer,298,Age 60 to 64,0.0
1518,2011,E01030282,2011 super output areas - lower layer,298,Age 65 to 74,0.0
1519,2011,E01030282,2011 super output areas - lower layer,298,Age 75 to 84,0.0
1520,2011,E01030282,2011 super output areas - lower layer,298,Age 85 to 89,0.0
1521,2011,E01030282,2011 super output areas - lower layer,298,Age 90 and over,0.0
1522,2011,E01030282,2011 super output areas - lower layer,298,Mean Age,
1523,2011,E01030282,2011 super output areas - lower layer,298,Median Age,0.5
1524,2011,E01030282,2011 super output areas - lower layer,298,All usual residents,0.0
1525,2011,E01030282,2011 super output areas - lower layer,298,Age 0 to 4,0.0
1526,2011,E01030282,2011 super output areas - lower layer,298,Age 5 to 7,0.0
1527,2011,E01030282,2011 super output areas - lower layer,298,Age 8 to 9,0.0
1528,2011,E01030282,2011 super output areas - lower layer,298,Age 10 to 14,0.0
1529,2011,E01030282,2011 super output areas - lower layer,298,Age 15,0.0
1530,2011,E01030282,2011 super output areas - lower layer,298,Age 16 to 17,0.0
1531,2011,E01030282,2011 super output areas - lower layer,298,Age 18 to 19,0.0
1532,2011,E01030282,2011 super output areas - lower layer,298,Age 20 to 24,0.0
1533,2011,E01030282,2011 super output areas - lower layer,298,Age 25 to 29,0.0
1534,2011,E01030282,2011 super output areas - lower layer,298,Age 30 to 44,0.0
1535,2011,E01030282,2011 super output areas - lower layer,298,Age 45 to 59,0.0
1536,2011,E01030282,2011 super output areas - lower layer,298,Age 60 to 64,0.0
1537,2011,E01030282,2011 super output areas - lower layer,298,Age 65 to 74,0.0
1538,2011,E01030282,2011 super output areas - lower layer,298,Age 75 to 84,0.0
1539,2011,E01030282,2011 super output areas - lower layer,298,Age 85 to 89,0.0
1540,2011,E01030282,2011 super output areas - lower layer,298,Age 90 and over,0.0
1541,2011,E01030282,2011 super output areas - lower layer,298,Mean Age,
1542,2011,E01030282,2011 super output areas - lower layer,298,Median Age,0.5
1543,2011,E01030282,2011 super output areas - lower layer,298,All usual residents,0.0
1544,2011,E01030282,2011 super output areas - lower layer,298,Age 0 to 4,0.0
1545,2011,E01030282,2011 super output areas - lower layer,298,Age 5 to 7,0.0
1546,2011,E01030282,2011 super output areas - lower layer,298,Age 8 to 9,0.0
1547,2011,E01030282,2011 super output areas - lower layer,298,Age 10 to 14,0.0
1548,2011,E01030282,2011 super output areas - lower layer,298,Age 15,0.0
1549,2011,E01030282,2011 super output areas - lower layer,298,Age 16 to 17,0.0
1550,2011,E01030282,2011 super output areas - lower layer,298,Age 18 to 19,0.0
1551,2011,E01030282,2011 super output areas - lower layer,298,Age 20 to 24,0.0
1552,2011,E01030282,2011 super output areas - lower layer,298,Age 25 to 29,0.0
1553,2011,E01030282,2011 super output areas - lower layer,298,Age 30 to 44,0.0
1554,2011,E01030282,2011 super output areas - lower layer,298,Age 45 to 59,0.0
1555,2011,E01030282,2011 super output areas - lower layer,298,Age 60 to 64,0.0
1556,2011,E01030282,2011 super output areas - lower layer,298,Age 65 to 74,0.0
1557,2011,E01030282,2011 super output areas - lower layer,298,Age 75 to 84,0.0
1558,2011,E01030282,2011 super output areas - lower layer,298,Age 85 to 89,0.0
1559,2011,E01030282,2011 super output areas - lower layer,298,Age 90 and over,0.0
1560,2011,E01030282,2011 super output areas - lower layer,298,Mean Age,
1561,2011,E01030282,2011 super output areas - lower layer,298,Median Age,0.5
1562,2011,E01030282,2011 super output areas - lower layer,298,All usual residents,0.0
1563,2011,E01030282,2011 super output areas - lower layer,298,Age 0 to 4,0.0
1564,2011,E01030282,2011 super output areas - lower layer,298,Age 5 to 7,0.0
1565,2011,E01030282,2011 super output areas - lower layer,298,Age 8 to 9,0.0
1566,2011,E01030282,2011 super output areas - lower layer,298,Age 10 to 14,0.0
1567,2011,E01030282,2011 super output areas - lower layer,298,Age 15,0.0
1568,2011,E01030282,2011 super output areas - lower layer,298,Age 16 to 17,0.0
1569,2011,E01030282,2011 super output areas - lower layer,298,Age 18 to 19,0.0
1570,2011,E01030282,2011 super output areas - lower layer,298,Age 20 to 24,0.0
1571,2011,E01030282,2011 super output areas - lower layer,298,Age 25 to 29,0.0
1572,2011,E01030282,2011 super output areas - lower layer,298,Age 30 to 44,0.0
1573,2011,E01030282,2011 super output areas - lower layer,298,Age 45 to 59,0.0
1574,2011,E01030282,2011 super output areas - lower layer,298,Age 60 to 64,0.0
1575,2011,E01030282,2011 super output areas - lower layer,298,Age 65 to 74,0.0
1576,2011,E01030282,2011 super output areas - lower layer,298,Age 75 to 84,0.0
1577,2011,E01030282,2011 super output areas - lower layer,298,Age 85 to 89,0.0
1578,2011,E01030282,2011 super output areas - lower layer,298,Age 90 and over,0.0
1579,2011,E01030282,2011 super output areas - lower layer,298,Mean Age,
1580,2011,E01030282,2011 super output areas - lower layer,298,Median Age,0.5
1581,2011,E01030282,2011 super output areas - lower layer,298,All usual residents,0.0
1582,2011,E01030282,2011 super output areas - lower layer,298,Age 0 to 4,0.0
1583,2011,E01030282,2011 super output areas - lower layer,298,Age 5 to 7,0.0
1584,2011,E01030282,2011 super output areas - lower layer,298,Age 8 to 9,0.0
1585,2011,E01030282,2011 super output areas - lower layer,298,Age 10 to 14,0.0
1586,2011,E01030282,2011 super output areas - lower layer,298,Age 15,0.0
1587,2011,E01030282,2011 super output areas - lower layer,298,Age 16 to 17,0.0
1588,2011,E01030282,2011 super output areas - lower layer,298,Age 18 to 19,0.0
1589,2011,E01030282,2011 super output areas - lower layer,298,Age 20 to 24,0.0
1590,2011,E01030282,2011 super output areas - lower layer,298,Age 25 to 29,0.0
1591,2011,E01030282,2011 super output areas - lower layer,298,Age 30 to 44,0.0
1592,2011,E01030282,2011 super output areas - lower layer,298,Age 45 to 59,0.0
1593,2011,E01030282,2011 super output areas - lower layer,298,Age 60 to 64,0.0
1594,2011,E01030282,2011 super output areas - lower layer,298,Age 65 to 74,0.0
1595,2011,E01030282,2011 super output areas - lower layer,298,Age 75 to 84,0.0
1596,2011,E01030282,2011 super output areas - lower layer,298,Age 85 to 89,0.0
1597,2011,E01030282,2011 super output areas - lower layer,298,Age 90 and over,0.0
1598,2011,E01030282,2011 super output areas - lower layer,298,Mean Age,
1599,2011,E01030282,2011 super output areas - lower layer,298,Median Age,0.5
1600,2011,E01030282,2011 super output areas - lower layer,298,All usual residents,0.0
1601,2011,E01030282,2011 super output areas - lower layer,298,Age 0 to 4,0.0
1602,2011,E01030282,2011 super output areas - lower layer,298,Age 5 to 7,0.0
1603,2011,E01030282,2011 super output areas - lower layer,298,Age 8 to 9,0.0
1604,2011,E01030282,2011 super output areas - lower layer,298,Age 10 to 14,0.0
1605,2011,E01030282,2011 super output areas - lower layer,298,Age 15,0.0
1606,2011,E01030282,2011 super output areas - lower layer,298,Age 16 to 17,0.0
1607,2011,E01030282,2011 super output areas - lower layer,298,Age 18 to 19,0.0
1608,2011,E01030282,2011 super output areas - lower layer,298,Age 20 to 24,0.0
1609,2011,E01030282,2011 super output areas - lower layer,298,Age 25 to 29,0.0
1610,2011,E01030282,2011 super output areas - lower layer,298,Age 30 to 44,0.0
1611,2011,E01030282,2011 super output areas - lower layer,298,Age 45 to 59,0.0
1612,2011,E01030282,2011 super output areas - lower layer,298,Age 60 to 64,0.0
1613,2011,E01030282,2011 super output areas - lower layer,298,Age 65 to 74,0.0
1614,2011,E01030282,2011 super output areas - lower layer,298,Age 75 to 84,0.0
1615,2011,E01030282,2011 super output areas - lower layer,298,Age 85 to 89,0.0
1616,2011,E01030282,2011 super output areas - lower layer,298,Age 90 and over,0.0
1617,2011,E01030282,2011 super output areas - lower layer,298,Mean Age,
1618,2011,E01030282,2011 super output areas - lower layer,298,Median Age,0.5
1619,2011,E01030282,2011 super output areas - lower layer,298,All usual residents,0.0
1620,2011,E01030282,2011 super output areas - lower layer,298,Age 0 to 4,0.0
1621,2011,E01030282,2011 super output areas - lower layer,298,Age 5 to 7,0.0
1622,2011,E01030282,2011 super output areas - lower layer,298,Age 8 to 9,0.0
1623,2011,E01030282,2011 super output areas - lower layer,298,Age 10 to 14,0.0
1624,2011,E01030282,2011 super output areas - lower layer,298,Age 15,0.0
1625,2011,E01030282,2011 super output areas - lower layer,298,Age 16 to 17,0.0
1626,2011,E01030282,2011 super output areas - lower layer,298,Age 18 to 19,0.0
1627,2011,E01030282,2011 super output areas - lower layer,298,Age 20 to 24,0.0
1628,2011,E01030282,2011 super output areas - lower layer,298,Age 25 to 29,0.0
1629,2011,E01030282,2011 super output areas - lower layer,298,Age 30 to 44,0.0
1630,2011,E01030282,2011 super output areas - lower layer,298,Age 45 to 59,0.0
1631,2011,E01030282,2011 super output areas - lower layer,298,Age 60 to 64,0.0
1632,2011,E01030282,2011 super output areas - lower layer,298,Age 65 to 74,0.0
1633,2011,E01030282,2011 super output areas - lower layer,298,Age 75 to 84,0.0
1634,2011,E01030282,2011 super output areas - lower layer,298,Age 85 to 89,0.0
1635,2011,E01030282,2011 super output areas - lower layer,298,Age 90 and over,0.0
1636,2011,E01030282,2011 super output areas - lower layer,298,Mean Age,
1637,2011,E01030282,2011 super output areas - lower layer,298,Median Age,0.5
1638,2011,E01030282,2011 super output areas - lower layer,298,All usual residents,0.0
1639,2011,E01030282,2011 super output areas - lower layer,298,Age 0 to 4,0.0
1640,2011,E01030282,2011 super output areas - lower layer,298,Age 5 to 7,0.0
1641,2011,E01030282,2011 super output areas - lower layer,298,Age 8 to 9,0.0
1642,2011,E01030282,2011 super output areas - lower layer,298,Age 10 to 14,0.0
1643,2011,E01030282,2011 super output areas - lower layer,298,Age 15,0.0
1644,2011,E01030282,2011 super output areas - lower layer,298,Age 16 to 17,0.0
1645,2011,E01030282,2011 super output areas - lower layer,298,Age 18 to 19,0.0
1646,2011,E01030282,2011 super output areas - lower layer,298,Age 20 to 24,0.0
1647,2011,E01030282,2011 super output areas - lower layer,298,Age 25 to 29,0.0
1648,2011,E01030282,2011 super output areas - lower layer,298,Age 30 to 44,0.0
1649,2011,E01030282,2011 super output areas - lower layer,298,Age 45 to 59,0.0
1650,2011,E01030282,2011 super output areas - lower layer,298,Age 60 to 64,0.0
1651,2011,E01030282,2011 super output areas - lower layer,298,Age 65 to 74,0.0
1652,2011,E01030282,2011 super output areas - lower layer,298,Age 75 to 84,0.0
1653,2011,E01030282,2011 super output areas - lower layer,298,Age 85 to 89,0.0
1654,2011,E01030282,2011 super output areas - lower layer,298,Age 90 and over,0.0
1655,2011,E01030282,2011 super output areas - lower layer,298,Mean Age,
1656,2011,E01030282,2011 super output areas - lower layer,298,Median Age,0.5
1657,2011,E01030282,2011 super output areas - lower layer,298,All usual residents,0.0
1658,2011,E01030282,2011 super output areas - lower layer,298,Age 0 to 4,0.0
1659,2011,E01030282,2011 super output areas - lower layer,298,Age 5 to 7,0.0
1660,2011,E01030282,2011 super output areas - lower layer,298,Age 8 to 9,0.0
1661,2011,E01030282,2011 super output areas - lower layer,298,Age 10 to 14,0.0
1662,2011,E01030282,2011 super output areas - lower layer,298,Age 15,0.0
1663,2011,E01030282,2011 super output areas - lower layer,298,Age 16 to 17,0.0
1664,2011,E01030282,2011 super output areas - lower layer,298,Age 18 to 19,0.0
1665,2011,E01030282,2011 super output areas - lower layer,298,Age 20 to 24,0.0
1666,2011,E01030282,2011 super output areas - lower layer,298,Age 25 to 29,0.0
1667,2011,E01030282,2011 super output areas - lower layer,298,Age 30 to 44,0.0
1668,2011,E01030282,2011 super output areas - lower layer,298,Age 45 to 59,0.0
1669,2011,E01030282,2011 super output areas - lower layer,298,Age 60 to 64,0.0
1670,2011,E01030282,2011 super output areas - lower layer,298,Age 65 to 74,0.0
1671,2011,E01030282,2011 super output areas - lower layer,298,Age 75 to 84,0.0
1672,2011,E01030282,2011 super output areas - lower layer,298,Age 85 to 89,0.0
1673,2011,E01030282,2011 super output areas - lower layer,298,Age 90 and over,0.0
1674,2011,E01030282,2011 super output areas - lower layer,298,Mean Age,
1675,2011,E01030282,2011 super output areas - lower layer,298,Median Age,0.5
1676,2011,E01030282,2011 super output areas - lower layer,298,All usual residents,0.0
1677,2011,E01030282,2011 super output areas - lower layer,298,Age 0 to 4,0.0
1678,2011,E01030282,2011 super output areas - lower layer,298,Age 5 to 7,0.0
1679,2011,E01030282,2011 super output areas - lower layer,298,Age 8 to 9,0.0
1680,2011,E01030282,2011 super output areas - lower layer,298,Age 10 to 14,0.0
1681,2011,E01030282,2011 super output areas - lower layer,298,Age 15,0.0
1682,2011,E01030282,2011 super output areas - lower layer,298,Age 16 to 17,0.0
1683,2011,E01030282,2011 super output areas - lower layer,298,Age 18 to 19,0.0
1684,2011,E01030282,2011 super output areas - lower layer,298,Age 20 to 24,0.0
1685,2011,E01030282,2011 super output areas - lower layer,298,Age 25 to 29,0.0
1686,2011,E01030282,2011 super output areas - lower layer,298,Age 30 to 44,0.0
1687,2011,E01030282,2011 super output areas - lower layer,298,Age 45 to 59,0.0
1688,2011,E01030282,2011 super output areas - lower layer,298,Age 60 to 64,0.0
1689,2011,E01030282,2011 super output areas - lower layer,298,Age 65 to 74,0.0
1690,2011,E01030282,2011 super output areas - lower layer,298,Age 75 to 84,0.0
1691,2011,E01030282,2011 super output areas - lower layer,298,Age 85 to 89,0.0
1692,2011,E01030282,2011 super output areas - lower layer,298,Age 90 and over,0.0
1693,2011,E01030282,2011 super output areas - lower layer,298,Mean Age,
1694,2011,E01030282,2011 super output areas - lower layer,298,Median Age,0.5
1695,2011,E01030282,2011 super output areas - lower layer,298,All usual residents,0.0
1696,2011,E01030282,2011 super output areas - lower layer,298,Age 0 to 4,0.0
1697,2011,E01030282,2011 super output areas - lower layer,298,Age 5 to 7,0.0
1698,2011,E01030282,2011 super output areas - lower layer,298,Age 8 to 9,0.0
1699,2011,E01030282,2011 super output areas - lower layer,298,Age 10 to 14,0.0
1700,2011,E01030282,2011 super output areas - lower layer,298,Age 15,0.0
1701,2011,E01030282,2011 super output areas - lower layer,298,Age 16 to 17,0.0
1702,2011,E01030282,2011 super output areas - lower layer,298,Age 18 to 19,0.0
1703,2011,E01030282,2011 super output areas - lower layer,298,Age 20 to 24,0.0
1704,2011,E01030282,2011 super output areas - lower layer,298,Age 25 to 29,0.0
1705,2011,E01030282,2011 super output areas - lower layer,298,Age 30 to 44,0.0
1706,2011,E01030282,2011 super output areas - lower layer,298,Age 45 to 59,0.0
1707,2011,E01030282,2011 super output areas - lower layer,298,Age 60 to 64,0.0
1708,2011,E01030282,2011 super output areas - lower layer,298,Age 65 to 74,0.0
1709,2011,E01030282,2011 super output areas - lower layer,298,Age 75 to 84,0.0
1710,2011,E01030282,2011 super output areas - lower layer,298,Age 85 to 89,0.0
1711,2011,E01030282,2011 super output areas - lower layer,298,Age 90 and over,0.0
1712,2011,E01030282,2011 super output areas - lower layer,298,Mean Age,
1713,2011,E01030282,2011 super output areas - lower layer,298,Median Age,0.5
1714,2011,E01030282,2011 super output areas - lower layer,298,All usual residents,0.0
1715,2011,E01030282,2011 super output areas - lower layer,298,Age 0 to 4,0.0
1716,2011,E01030282,2011 super output areas - lower layer,298,Age 5 to 7,0.0
1717,2011,E01030282,2011 super output areas - lower layer,298,Age 8 to 9,0.0
1718,2011,E01030282,2011 super output areas - lower layer,298,Age 10 to 14,0.0
1719,2011,E01030282,2011 super output areas - lower layer,298,Age 15,0.0
1720,2011,E01030282,2011 super output areas - lower layer,298,Age 16 to 17,0.0
1721,2011,E01030282,2011 super output areas - lower layer,298,Age 18 to 19,0.0
1722,2011,E01030282,2011 super output areas - lower layer,298,Age 20 to 24,0.0
1723,2011,E01030282,2011 super output areas - lower layer,298,Age 25 to 29,0.0
1724,2011,E01030282,2011 super output areas - lower layer,298,Age 30 to 44,0.0
1725,2011,E01030282,2011 super output areas - lower layer,298,Age 45 to 59,0.0
1726,2011,E01030282,2011 super output areas - lower layer,298,Age 60 to 64,0.0
1727,2011,E01030282,2011 super output areas - lower layer,298,Age 65 to 74,0.0
1728,2011,E01030282,2011 super output areas - lower layer,298,Age 75 to 84,0.0
1729,2011,E01030282,2011 super output areas - lower layer,298,Age 85 to 89,0.0
1730,2011,E01030282,2011 super output areas - lower layer,298,Age 90 and over,0.0
1731,2011,E01030282,2011 super output areas - lower layer,298,Mean Age,
1732,2011,E01030282,2011 super output areas - lower layer,298,Median Age,0.5
1733,2011,E01030283,2011 super output areas - lower layer,298,All usual residents,1359.0
1734,2011,E01030283,2011 super output areas - lower layer,298,Age 0 to 4,64.0
1735,2011,E01030283,2011 super output areas - lower layer,298,Age 5 to 7,40.0
1736,2011,E01030283,2011 super output areas - lower layer,298,Age 8 to 9,27.0
1737,2011,E01030283,2011 super output areas - lower layer,298,Age 10 to 14,83.0
1738,2011,E01030283,2011 super output areas - lower layer,298,Age 15,25.0
1739,2011,E01030283,2011 super output areas - lower layer,298,Age 16 to 17,59.0
1740,2011,E01030283,2011 super output areas - lower layer,298,Age 18 to 19,46.0
1741,2011,E01030283,2011 super output areas - lower layer,298,Age 20 to 24,55.0
1742,2011,E01030283,2011 super output areas - lower layer,298,Age 25 to 29,63.0
1743,2011,E01030283,2011 super output areas - lower layer,298,Age 30 to 44,158.0
1744,2011,E01030283,2011 super output areas - lower layer,298,Age 45 to 59,310.0
1745,2011,E01030283,2011 super output areas - lower layer,298,Age 60 to 64,72.0
1746,2011,E01030283,2011 super output areas - lower layer,298,Age 65 to 74,148.0
1747,2011,E01030283,2011 super output areas - lower layer,298,Age 75 to 84,134.0
1748,2011,E01030283,2011 super output areas - lower layer,298,Age 85 to 89,41.0
1749,2011,E01030283,2011 super output areas - lower layer,298,Age 90 and over,34.0
1750,2011,E01030283,2011 super output areas - lower layer,298,Mean Age,44.7
1751,2011,E01030283,2011 super output areas - lower layer,298,Median Age,47.0
1752,2011,E01030283,2011 super output areas - lower layer,298,All usual residents,0.0
1753,2011,E01030283,2011 super output areas - lower layer,298,Age 0 to 4,0.0
1754,2011,E01030283,2011 super output areas - lower layer,298,Age 5 to 7,0.0
1755,2011,E01030283,2011 super output areas - lower layer,298,Age 8 to 9,0.0
1756,2011,E01030283,2011 super output areas - lower layer,298,Age 10 to 14,0.0
1757,2011,E01030283,2011 super output areas - lower layer,298,Age 15,0.0
1758,2011,E01030283,2011 super output areas - lower layer,298,Age 16 to 17,0.0
1759,2011,E01030283,2011 super output areas - lower layer,298,Age 18 to 19,0.0
1760,2011,E01030283,2011 super output areas - lower layer,298,Age 20 to 24,0.0
1761,2011,E01030283,2011 super output areas - lower layer,298,Age 25 to 29,0.0
1762,2011,E01030283,2011 super output areas - lower layer,298,Age 30 to 44,0.0
1763,2011,E01030283,2011 super output areas - lower layer,298,Age 45 to 59,0.0
1764,2011,E01030283,2011 super output areas - lower layer,298,Age 60 to 64,0.0
1765,2011,E01030283,2011 super output areas - lower layer,298,Age 65 to 74,0.0
1766,2011,E01030283,2011 super output areas - lower layer,298,Age 75 to 84,0.0
1767,2011,E01030283,2011 super output areas - lower layer,298,Age 85 to 89,0.0
1768,2011,E01030283,2011 super output areas - lower layer,298,Age 90 and over,0.0
1769,2011,E01030283,2011 super output areas - lower layer,298,Mean Age,
1770,2011,E01030283,2011 super output areas - lower layer,298,Median Age,0.5
1771,2011,E01030283,2011 super output areas - lower layer,298,All usual residents,0.0
1772,2011,E01030283,2011 super output areas - lower layer,298,Age 0 to 4,0.0
1773,2011,E01030283,2011 super output areas - lower layer,298,Age 5 to 7,0.0
1774,2011,E01030283,2011 super output areas - lower layer,298,Age 8 to 9,0.0
1775,2011,E01030283,2011 super output areas - lower layer,298,Age 10 to 14,0.0
1776,2011,E01030283,2011 super output areas - lower layer,298,Age 15,0.0
1777,2011,E01030283,2011 super output areas - lower layer,298,Age 16 to 17,0.0
1778,2011,E01030283,2011 super output areas - lower layer,298,Age 18 to 19,0.0
1779,2011,E01030283,2011 super output areas - lower layer,298,Age 20 to 24,0.0
1780,2011,E01030283,2011 super output areas - lower layer,298,Age 25 to 29,0.0
1781,2011,E01030283,2011 super output areas - lower layer,298,Age 30 to 44,0.0
1782,2011,E01030283,2011 super output areas - lower layer,298,Age 45 to 59,0.0
1783,2011,E01030283,2011 super output areas - lower layer,298,Age 60 to 64,0.0
1784,2011,E01030283,2011 super output areas - lower layer,298,Age 65 to 74,0.0
1785,2011,E01030283,2011 super output areas - lower layer,298,Age 75 to 84,0.0
1786,2011,E01030283,2011 super output areas - lower layer,298,Age 85 to 89,0.0
1787,2011,E01030283,2011 super output areas - lower layer,298,Age 90 and over,0.0
1788,2011,E01030283,2011 super output areas - lower layer,298,Mean Age,
1789,2011,E01030283,2011 super output areas - lower layer,298,Median Age,0.5
1790,2011,E01030283,2011 super output areas - lower layer,298,All usual residents,0.0
1791,2011,E01030283,2011 super output areas - lower layer,298,Age 0 to 4,0.0
1792,2011,E01030283,2011 super output areas - lower layer,298,Age 5 to 7,0.0
1793,2011,E01030283,2011 super output areas - lower layer,298,Age 8 to 9,0.0
1794,2011,E01030283,2011 super output areas - lower layer,298,Age 10 to 14,0.0
1795,2011,E01030283,2011 super output areas - lower layer,298,Age 15,0.0
1796,2011,E01030283,2011 super output areas - lower layer,298,Age 16 to 17,0.0
1797,2011,E01030283,2011 super output areas - lower layer,298,Age 18 to 19,0.0
1798,2011,E01030283,2011 super output areas - lower layer,298,Age 20 to 24,0.0
1799,2011,E01030283,2011 super output areas - lower layer,298,Age 25 to 29,0.0
1800,2011,E01030283,2011 super output areas - lower layer,298,Age 30 to 44,0.0
1801,2011,E01030283,2011 super output areas - lower layer,298,Age 45 to 59,0.0
1802,2011,E01030283,2011 super output areas - lower layer,298,Age 60 to 64,0.0
1803,2011,E01030283,2011 super output areas - lower layer,298,Age 65 to 74,0.0
1804,2011,E01030283,2011 super output areas - lower layer,298,Age 75 to 84,0.0
1805,2011,E01030283,2011 super output areas - lower layer,298,Age 85 to 89,0.0
1806,2011,E01030283,2011 super output areas - lower layer,298,Age 90 and over,0.0
1807,2011,E01030283,2011 super output areas - lower layer,298,Mean Age,
1808,2011,E01030283,2011 super output areas - lower layer,298,Median Age,0.5
1809,2011,E01030283,2011 super output areas - lower layer,298,All usual residents,0.0
1810,2011,E01030283,2011 super output areas - lower layer,298,Age 0 to 4,0.0
1811,2011,E01030283,2011 super output areas - lower layer,298,Age 5 to 7,0.0
1812,2011,E01030283,2011 super output areas - lower layer,298,Age 8 to 9,0.0
1813,2011,E01030283,2011 super output areas - lower layer,298,Age 10 to 14,0.0
1814,2011,E01030283,2011 super output areas - lower layer,298,Age 15,0.0
1815,2011,E01030283,2011 super output areas - lower layer,298,Age 16 to 17,0.0
1816,2011,E01030283,2011 super output areas - lower layer,298,Age 18 to 19,0.0
1817,2011,E01030283,2011 super output areas - lower layer,298,Age 20 to 24,0.0
1818,2011,E01030283,2011 super output areas - lower layer,298,Age 25 to 29,0.0
1819,2011,E01030283,2011 super output areas - lower layer,298,Age 30 to 44,0.0
1820,2011,E01030283,2011 super output areas - lower layer,298,Age 45 to 59,0.0
1821,2011,E01030283,2011 super output areas - lower layer,298,Age 60 to 64,0.0
1822,2011,E01030283,2011 super output areas - lower layer,298,Age 65 to 74,0.0
1823,2011,E01030283,2011 super output areas - lower layer,298,Age 75 to 84,0.0
1824,2011,E01030283,2011 super output areas - lower layer,298,Age 85 to 89,0.0
1825,2011,E01030283,2011 super output areas - lower layer,298,Age 90 and over,0.0
1826,2011,E01030283,2011 super output areas - lower layer,298,Mean Age,
1827,2011,E01030283,2011 super output areas - lower layer,298,Median Age,0.5
1828,2011,E01030283,2011 super output areas - lower layer,298,All usual residents,0.0
1829,2011,E01030283,2011 super output areas - lower layer,298,Age 0 to 4,0.0
1830,2011,E01030283,2011 super output areas - lower layer,298,Age 5 to 7,0.0
1831,2011,E01030283,2011 super output areas - lower layer,298,Age 8 to 9,0.0
1832,2011,E01030283,2011 super output areas - lower layer,298,Age 10 to 14,0.0
1833,2011,E01030283,2011 super output areas - lower layer,298,Age 15,0.0
1834,2011,E01030283,2011 super output areas - lower layer,298,Age 16 to 17,0.0
1835,2011,E01030283,2011 super output areas - lower layer,298,Age 18 to 19,0.0
1836,2011,E01030283,2011 super output areas - lower layer,298,Age 20 to 24,0.0
1837,2011,E01030283,2011 super output areas - lower layer,298,Age 25 to 29,0.0
1838,2011,E01030283,2011 super output areas - lower layer,298,Age 30 to 44,0.0
1839,2011,E01030283,2011 super output areas - lower layer,298,Age 45 to 59,0.0
1840,2011,E01030283,2011 super output areas - lower layer,298,Age 60 to 64,0.0
1841,2011,E01030283,2011 super output areas - lower layer,298,Age 65 to 74,0.0
1842,2011,E01030283,2011 super output areas - lower layer,298,Age 75 to 84,0.0
1843,2011,E01030283,2011 super output areas - lower layer,298,Age 85 to 89,0.0
1844,2011,E01030283,2011 super output areas - lower layer,298,Age 90 and over,0.0
1845,2011,E01030283,2011 super output areas - lower layer,298,Mean Age,
1846,2011,E01030283,2011 super output areas - lower layer,298,Median Age,0.5
1847,2011,E01030283,2011 super output areas - lower layer,298,All usual residents,0.0
1848,2011,E01030283,2011 super output areas - lower layer,298,Age 0 to 4,0.0
1849,2011,E01030283,2011 super output areas - lower layer,298,Age 5 to 7,0.0
1850,2011,E01030283,2011 super output areas - lower layer,298,Age 8 to 9,0.0
1851,2011,E01030283,2011 super output areas - lower layer,298,Age 10 to 14,0.0
1852,2011,E01030283,2011 super output areas - lower layer,298,Age 15,0.0
1853,2011,E01030283,2011 super output areas - lower layer,298,Age 16 to 17,0.0
1854,2011,E01030283,2011 super output areas - lower layer,298,Age 18 to 19,0.0
1855,2011,E01030283,2011 super output areas - lower layer,298,Age 20 to 24,0.0
1856,2011,E01030283,2011 super output areas - lower layer,298,Age 25 to 29,0.0
1857,2011,E01030283,2011 super output areas - lower layer,298,Age 30 to 44,0.0
1858,2011,E01030283,2011 super output areas - lower layer,298,Age 45 to 59,0.0
1859,2011,E01030283,2011 super output areas - lower layer,298,Age 60 to 64,0.0
1860,2011,E01030283,2011 super output areas - lower layer,298,Age 65 to 74,0.0
1861,2011,E01030283,2011 super output areas - lower layer,298,Age 75 to 84,0.0
1862,2011,E01030283,2011 super output areas - lower layer,298,Age 85 to 89,0.0
1863,2011,E01030283,2011 super output areas - lower layer,298,Age 90 and over,0.0
1864,2011,E01030283,2011 super output areas - lower layer,298,Mean Age,
1865,2011,E01030283,2011 super output areas - lower layer,298,Median Age,0.5
1866,2011,E01030283,2011 super output areas - lower layer,298,All usual residents,0.0
1867,2011,E01030283,2011 super output areas - lower layer,298,Age 0 to 4,0.0
1868,2011,E01030283,2011 super output areas - lower layer,298,Age 5 to 7,0.0
1869,2011,E01030283,2011 super output areas - lower layer,298,Age 8 to 9,0.0
1870,2011,E01030283,2011 super output areas - lower layer,298,Age 10 to 14,0.0
1871,2011,E01030283,2011 super output areas - lower layer,298,Age 15,0.0
1872,2011,E01030283,2011 super output areas - lower layer,298,Age 16 to 17,0.0
1873,2011,E01030283,2011 super output areas - lower layer,298,Age 18 to 19,0.0
1874,2011,E01030283,2011 super output areas - lower layer,298,Age 20 to 24,0.0
1875,2011,E01030283,2011 super output areas - lower layer,298,Age 25 to 29,0.0
1876,2011,E01030283,2011 super output areas - lower layer,298,Age 30 to 44,0.0
1877,2011,E01030283,2011 super output areas - lower layer,298,Age 45 to 59,0.0
1878,2011,E01030283,2011 super output areas - lower layer,298,Age 60 to 64,0.0
1879,2011,E01030283,2011 super output areas - lower layer,298,Age 65 to 74,0.0
1880,2011,E01030283,2011 super output areas - lower layer,298,Age 75 to 84,0.0
1881,2011,E01030283,2011 super output areas - lower layer,298,Age 85 to 89,0.0
1882,2011,E01030283,2011 super output areas - lower layer,298,Age 90 and over,0.0
1883,2011,E01030283,2011 super output areas - lower layer,298,Mean Age,
1884,2011,E01030283,2011 super output areas - lower layer,298,Median Age,0.5
1885,2011,E01030283,2011 super output areas - lower layer,298,All usual residents,0.0
1886,2011,E01030283,2011 super output areas - lower layer,298,Age 0 to 4,0.0
1887,2011,E01030283,2011 super output areas - lower layer,298,Age 5 to 7,0.0
1888,2011,E01030283,2011 super output areas - lower layer,298,Age 8 to 9,0.0
1889,2011,E01030283,2011 super output areas - lower layer,298,Age 10 to 14,0.0
1890,2011,E01030283,2011 super output areas - lower layer,298,Age 15,0.0
1891,2011,E01030283,2011 super output areas - lower layer,298,Age 16 to 17,0.0
1892,2011,E01030283,2011 super output areas - lower layer,298,Age 18 to 19,0.0
1893,2011,E01030283,2011 super output areas - lower layer,298,Age 20 to 24,0.0
1894,2011,E01030283,2011 super output areas - lower layer,298,Age 25 to 29,0.0
1895,2011,E01030283,2011 super output areas - lower layer,298,Age 30 to 44,0.0
1896,2011,E01030283,2011 super output areas - lower layer,298,Age 45 to 59,0.0
1897,2011,E01030283,2011 super output areas - lower layer,298,Age 60 to 64,0.0
1898,2011,E01030283,2011 super output areas - lower layer,298,Age 65 to 74,0.0
1899,2011,E01030283,2011 super output areas - lower layer,298,Age 75 to 84,0.0
1900,2011,E01030283,2011 super output areas - lower layer,298,Age 85 to 89,0.0
1901,2011,E01030283,2011 super output areas - lower layer,298,Age 90 and over,0.0
1902,2011,E01030283,2011 super output areas - lower layer,298,Mean Age,
1903,2011,E01030283,2011 super output areas - lower layer,298,Median Age,0.5
1904,2011,E01030283,2011 super output areas - lower layer,298,All usual residents,0.0
1905,2011,E01030283,2011 super output areas - lower layer,298,Age 0 to 4,0.0
1906,2011,E01030283,2011 super output areas - lower layer,298,Age 5 to 7,0.0
1907,2011,E01030283,2011 super output areas - lower layer,298,Age 8 to 9,0.0
1908,2011,E01030283,2011 super output areas - lower layer,298,Age 10 to 14,0.0
1909,2011,E01030283,2011 super output areas - lower layer,298,Age 15,0.0
1910,2011,E01030283,2011 super output areas - lower layer,298,Age 16 to 17,0.0
1911,2011,E01030283,2011 super output areas - lower layer,298,Age 18 to 19,0.0
1912,2011,E01030283,2011 super output areas - lower layer,298,Age 20 to 24,0.0
1913,2011,E01030283,2011 super output areas - lower layer,298,Age 25 to 29,0.0
1914,2011,E01030283,2011 super output areas - lower layer,298,Age 30 to 44,0.0
1915,2011,E01030283,2011 super output areas - lower layer,298,Age 45 to 59,0.0
1916,2011,E01030283,2011 super output areas - lower layer,298,Age 60 to 64,0.0
1917,2011,E01030283,2011 super output areas - lower layer,298,Age 65 to 74,0.0
1918,2011,E01030283,2011 super output areas - lower layer,298,Age 75 to 84,0.0
1919,2011,E01030283,2011 super output areas - lower layer,298,Age 85 to 89,0.0
1920,2011,E01030283,2011 super output areas - lower layer,298,Age 90 and over,0.0
1921,2011,E01030283,2011 super output areas - lower layer,298,Mean Age,
1922,2011,E01030283,2011 super output areas - lower layer,298,Median Age,0.5
1923,2011,E01030283,2011 super output areas - lower layer,298,All usual residents,0.0
1924,2011,E01030283,2011 super output areas - lower layer,298,Age 0 to 4,0.0
1925,2011,E01030283,2011 super output areas - lower layer,298,Age 5 to 7,0.0
1926,2011,E01030283,2011 super output areas - lower layer,298,Age 8 to 9,0.0
1927,2011,E01030283,2011 super output areas - lower layer,298,Age 10 to 14,0.0
1928,2011,E01030283,2011 super output areas - lower layer,298,Age 15,0.0
1929,2011,E01030283,2011 super output areas - lower layer,298,Age 16 to 17,0.0
1930,2011,E01030283,2011 super output areas - lower layer,298,Age 18 to 19,0.0
1931,2011,E01030283,2011 super output areas - lower layer,298,Age 20 to 24,0.0
1932,2011,E01030283,2011 super output areas - lower layer,298,Age 25 to 29,0.0
1933,2011,E01030283,2011 super output areas - lower layer,298,Age 30 to 44,0.0
1934,2011,E01030283,2011 super output areas - lower layer,298,Age 45 to 59,0.0
1935,2011,E01030283,2011 super output areas - lower layer,298,Age 60 to 64,0.0
1936,2011,E01030283,2011 super output areas - lower layer,298,Age 65 to 74,0.0
1937,2011,E01030283,2011 super output areas - lower layer,298,Age 75 to 84,0.0
1938,2011,E01030283,2011 super output areas - lower layer,298,Age 85 to 89,0.0
1939,2011,E01030283,2011 super output areas - lower layer,298,Age 90 and over,0.0
1940,2011,E01030283,2011 super output areas - lower layer,298,Mean Age,
1941,2011,E01030283,2011 super output areas - lower layer,298,Median Age,0.5
1942,2011,E01030283,2011 super output areas - lower layer,298,All usual residents,0.0
1943,2011,E01030283,2011 super output areas - lower layer,298,Age 0 to 4,0.0
1944,2011,E01030283,2011 super output areas - lower layer,298,Age 5 to 7,0.0
1945,2011,E01030283,2011 super output areas - lower layer,298,Age 8 to 9,0.0
1946,2011,E01030283,2011 super output areas - lower layer,298,Age 10 to 14,0.0
1947,2011,E01030283,2011 super output areas - lower layer,298,Age 15,0.0
1948,2011,E01030283,2011 super output areas - lower layer,298,Age 16 to 17,0.0
1949,2011,E01030283,2011 super output areas - lower layer,298,Age 18 to 19,0.0
1950,2011,E01030283,2011 super output areas - lower layer,298,Age 20 to 24,0.0
1951,2011,E01030283,2011 super output areas - lower layer,298,Age 25 to 29,0.0
1952,2011,E01030283,2011 super output areas - lower layer,298,Age 30 to 44,0.0
1953,2011,E01030283,2011 super output areas - lower layer,298,Age 45 to 59,0.0
1954,2011,E01030283,2011 super output areas - lower layer,298,Age 60 to 64,0.0
1955,2011,E01030283,2011 super output areas - lower layer,298,Age 65 to 74,0.0
1956,2011,E01030283,2011 super output areas - lower layer,298,Age 75 to 84,0.0
1957,2011,E01030283,2011 super output areas - lower layer,298,Age 85 to 89,0.0
1958,2011,E01030283,2011 super output areas - lower layer,298,Age 90 and over,0.0
1959,2011,E01030283,2011 super output areas - lower layer,298,Mean Age,
1960,2011,E01030283,2011 super output areas - lower layer,298,Median Age,0.5
1961,2011,E01030283,2011 super output areas - lower layer,298,All usual residents,0.0
1962,2011,E01030283,2011 super output areas - lower layer,298,Age 0 to 4,0.0
1963,2011,E01030283,2011 super output areas - lower layer,298,Age 5 to 7,0.0
1964,2011,E01030283,2011 super output areas - lower layer,298,Age 8 to 9,0.0
1965,2011,E01030283,2011 super output areas - lower layer,298,Age 10 to 14,0.0
1966,2011,E01030283,2011 super output areas - lower layer,298,Age 15,0.0
1967,2011,E01030283,2011 super output areas - lower layer,298,Age 16 to 17,0.0
1968,2011,E01030283,2011 super output areas - lower layer,298,Age 18 to 19,0.0
1969,2011,E01030283,2011 super output areas - lower layer,298,Age 20 to 24,0.0
1970,2011,E01030283,2011 super output areas - lower layer,298,Age 25 to 29,0.0
1971,2011,E01030283,2011 super output areas - lower layer,298,Age 30 to 44,0.0
1972,2011,E01030283,2011 super output areas - lower layer,298,Age 45 to 59,0.0
1973,2011,E01030283,2011 super output areas - lower layer,298,Age 60 to 64,0.0
1974,2011,E01030283,2011 super output areas - lower layer,298,Age 65 to 74,0.0
1975,2011,E01030283,2011 super output areas - lower layer,298,Age 75 to 84,0.0
1976,2011,E01030283,2011 super output areas - lower layer,298,Age 85 to 89,0.0
1977,2011,E01030283,2011 super output areas - lower layer,298,Age 90 and over,0.0
1978,2011,E01030283,2011 super output areas - lower layer,298,Mean Age,
1979,2011,E01030283,2011 super output areas - lower layer,298,Median Age,0.5
1980,2011,E01030284,2011 super output areas - lower layer,298,All usual residents,1223.0
1981,2011,E01030284,2011 super output areas - lower layer,298,Age 0 to 4,33.0
1982,2011,E01030284,2011 super output areas - lower layer,298,Age 5 to 7,26.0
1983,2011,E01030284,2011 super output areas - lower layer,298,Age 8 to 9,15.0
1984,2011,E01030284,2011 super output areas - lower layer,298,Age 10 to 14,58.0
1985,2011,E01030284,2011 super output areas - lower layer,298,Age 15,13.0
1986,2011,E01030284,2011 super output areas - lower layer,298,Age 16 to 17,16.0
1987,2011,E01030284,2011 super output areas - lower layer,298,Age 18 to 19,12.0
1988,2011,E01030284,2011 super output areas - lower layer,298,Age 20 to 24,34.0
1989,2011,E01030284,2011 super output areas - lower layer,298,Age 25 to 29,29.0
1990,2011,E01030284,2011 super output areas - lower layer,298,Age 30 to 44,146.0
1991,2011,E01030284,2011 super output areas - lower layer,298,Age 45 to 59,225.0
1992,2011,E01030284,2011 super output areas - lower layer,298,Age 60 to 64,118.0
1993,2011,E01030284,2011 super output areas - lower layer,298,Age 65 to 74,221.0
1994,2011,E01030284,2011 super output areas - lower layer,298,Age 75 to 84,205.0
1995,2011,E01030284,2011 super output areas - lower layer,298,Age 85 to 89,44.0
1996,2011,E01030284,2011 super output areas - lower layer,298,Age 90 and over,28.0
1997,2011,E01030284,2011 super output areas - lower layer,298,Mean Age,54.0
1998,2011,E01030284,2011 super output areas - lower layer,298,Median Age,60.0
1999,2011,E01030284,2011 super output areas - lower layer,298,All usual residents,0.0
2000,2011,E01030284,2011 super output areas - lower layer,298,Age 0 to 4,0.0
2001,2011,E01030284,2011 super output areas - lower layer,298,Age 5 to 7,0.0
2002,2011,E01030284,2011 super output areas - lower layer,298,Age 8 to 9,0.0
2003,2011,E01030284,2011 super output areas - lower layer,298,Age 10 to 14,0.0
2004,2011,E01030284,2011 super output areas - lower layer,298,Age 15,0.0
2005,2011,E01030284,2011 super output areas - lower layer,298,Age 16 to 17,0.0
2006,2011,E01030284,2011 super output areas - lower layer,298,Age 18 to 19,0.0
2007,2011,E01030284,2011 super output areas - lower layer,298,Age 20 to 24,0.0
2008,2011,E01030284,2011 super output areas - lower layer,298,Age 25 to 29,0.0
2009,2011,E01030284,2011 super output areas - lower layer,298,Age 30 to 44,0.0
2010,2011,E01030284,2011 super output areas - lower layer,298,Age 45 to 59,0.0
2011,2011,E01030284,2011 super output areas - lower layer,298,Age 60 to 64,0.0
2012,2011,E01030284,2011 super output areas - lower layer,298,Age 65 to 74,0.0
2013,2011,E01030284,2011 super output areas - lower layer,298,Age 75 to 84,0.0
2014,2011,E01030284,2011 super output areas - lower layer,298,Age 85 to 89,0.0
2015,2011,E01030284,2011 super output areas - lower layer,298,Age 90 and over,0.0
2016,2011,E01030284,2011 super output areas - lower layer,298,Mean Age,
2017,2011,E01030284,2011 super output areas - lower layer,298,Median Age,0.5
2018,2011,E01030284,2011 super output areas - lower layer,298,All usual residents,0.0
2019,2011,E01030284,2011 super output areas - lower layer,298,Age 0 to 4,0.0
2020,2011,E01030284,2011 super output areas - lower layer,298,Age 5 to 7,0.0
2021,2011,E01030284,2011 super output areas - lower layer,298,Age 8 to 9,0.0
2022,2011,E01030284,2011 super output areas - lower layer,298,Age 10 to 14,0.0
2023,2011,E01030284,2011 super output areas - lower layer,298,Age 15,0.0
2024,2011,E01030284,2011 super output areas - lower layer,298,Age 16 to 17,0.0
2025,2011,E01030284,2011 super output areas - lower layer,298,Age 18 to 19,0.0
2026,2011,E01030284,2011 super output areas - lower layer,298,Age 20 to 24,0.0
2027,2011,E01030284,2011 super output areas - lower layer,298,Age 25 to 29,0.0
2028,2011,E01030284,2011 super output areas - lower layer,298,Age 30 to 44,0.0
2029,2011,E01030284,2011 super output areas - lower layer,298,Age 45 to 59,0.0
2030,2011,E01030284,2011 super output areas - lower layer,298,Age 60 to 64,0.0
2031,2011,E01030284,2011 super output areas - lower layer,298,Age 65 to 74,0.0
2032,2011,E01030284,2011 super output areas - lower layer,298,Age 75 to 84,0.0
2033,2011,E01030284,2011 super output areas - lower layer,298,Age 85 to 89,0.0
2034,2011,E01030284,2011 super output areas - lower layer,298,Age 90 and over,0.0
2035,2011,E01030284,2011 super output areas - lower layer,298,Mean Age,
2036,2011,E01030284,2011 super output areas - lower layer,298,Median Age,0.5
2037,2011,E01030284,2011 super output areas - lower layer,298,All usual residents,0.0
2038,2011,E01030284,2011 super output areas - lower layer,298,Age 0 to 4,0.0
2039,2011,E01030284,2011 super output areas - lower layer,298,Age 5 to 7,0.0
2040,2011,E01030284,2011 super output areas - lower layer,298,Age 8 to 9,0.0
2041,2011,E01030284,2011 super output areas - lower layer,298,Age 10 to 14,0.0
2042,2011,E01030284,2011 super output areas - lower layer,298,Age 15,0.0
2043,2011,E01030284,2011 super output areas - lower layer,298,Age 16 to 17,0.0
2044,2011,E01030284,2011 super output areas - lower layer,298,Age 18 to 19,0.0
2045,2011,E01030284,2011 super output areas - lower layer,298,Age 20 to 24,0.0
2046,2011,E01030284,2011 super output areas - lower layer,298,Age 25 to 29,0.0
2047,2011,E01030284,2011 super output areas - lower layer,298,Age 30 to 44,0.0
2048,2011,E01030284,2011 super output areas - lower layer,298,Age 45 to 59,0.0
2049,2011,E01030284,2011 super output areas - lower layer,298,Age 60 to 64,0.0
2050,2011,E01030284,2011 super output areas - lower layer,298,Age 65 to 74,0.0
2051,2011,E01030284,2011 super output areas - lower layer,298,Age 75 to 84,0.0
2052,2011,E01030284,2011 super output areas - lower layer,298,Age 85 to 89,0.0
2053,2011,E01030284,2011 super output areas - lower layer,298,Age 90 and over,0.0
2054,2011,E01030284,2011 super output areas - lower layer,298,Mean Age,
2055,2011,E01030284,2011 super output areas - lower layer,298,Median Age,0.5
2056,2011,E01030284,2011 super output areas - lower layer,298,All usual residents,0.0
2057,2011,E01030284,2011 super output areas - lower layer,298,Age 0 to 4,0.0
2058,2011,E01030284,2011 super output areas - lower layer,298,Age 5 to 7,0.0
2059,2011,E01030284,2011 super output areas - lower layer,298,Age 8 to 9,0.0
2060,2011,E01030284,2011 super output areas - lower layer,298,Age 10 to 14,0.0
2061,2011,E01030284,2011 super output areas - lower layer,298,Age 15,0.0
2062,2011,E01030284,2011 super output areas - lower layer,298,Age 16 to 17,0.0
2063,2011,E01030284,2011 super output areas - lower layer,298,Age 18 to 19,0.0
2064,2011,E01030284,2011 super output areas - lower layer,298,Age 20 to 24,0.0
2065,2011,E01030284,2011 super output areas - lower layer,298,Age 25 to 29,0.0
2066,2011,E01030284,2011 super output areas - lower layer,298,Age 30 to 44,0.0
2067,2011,E01030284,2011 super output areas - lower layer,298,Age 45 to 59,0.0
2068,2011,E01030284,2011 super output areas - lower layer,298,Age 60 to 64,0.0
2069,2011,E01030284,2011 super output areas - lower layer,298,Age 65 to 74,0.0
2070,2011,E01030284,2011 super output areas - lower layer,298,Age 75 to 84,0.0
2071,2011,E01030284,2011 super output areas - lower layer,298,Age 85 to 89,0.0
2072,2011,E01030284,2011 super output areas - lower layer,298,Age 90 and over,0.0
2073,2011,E01030284,2011 super output areas - lower layer,298,Mean Age,
2074,2011,E01030284,2011 super output areas - lower layer,298,Median Age,0.5
2075,2011,E01030284,2011 super output areas - lower layer,298,All usual residents,0.0
2076,2011,E01030284,2011 super output areas - lower layer,298,Age 0 to 4,0.0
2077,2011,E01030284,2011 super output areas - lower layer,298,Age 5 to 7,0.0
2078,2011,E01030284,2011 super output areas - lower layer,298,Age 8 to 9,0.0
2079,2011,E01030284,2011 super output areas - lower layer,298,Age 10 to 14,0.0
2080,2011,E01030284,2011 super output areas - lower layer,298,Age 15,0.0
2081,2011,E01030284,2011 super output areas - lower layer,298,Age 16 to 17,0.0
2082,2011,E01030284,2011 super output areas - lower layer,298,Age 18 to 19,0.0
2083,2011,E01030284,2011 super output areas - lower layer,298,Age 20 to 24,0.0
2084,2011,E01030284,2011 super output areas - lower layer,298,Age 25 to 29,0.0
2085,2011,E01030284,2011 super output areas - lower layer,298,Age 30 to 44,0.0
2086,2011,E01030284,2011 super output areas - lower layer,298,Age 45 to 59,0.0
2087,2011,E01030284,2011 super output areas - lower layer,298,Age 60 to 64,0.0
2088,2011,E01030284,2011 super output areas - lower layer,298,Age 65 to 74,0.0
2089,2011,E01030284,2011 super output areas - lower layer,298,Age 75 to 84,0.0
2090,2011,E01030284,2011 super output areas - lower layer,298,Age 85 to 89,0.0
2091,2011,E01030284,2011 super output areas - lower layer,298,Age 90 and over,0.0
2092,2011,E01030284,2011 super output areas - lower layer,298,Mean Age,
2093,2011,E01030284,2011 super output areas - lower layer,298,Median Age,0.5
2094,2011,E01030284,2011 super output areas - lower layer,298,All usual residents,0.0
2095,2011,E01030284,2011 super output areas - lower layer,298,Age 0 to 4,0.0
2096,2011,E01030284,2011 super output areas - lower layer,298,Age 5 to 7,0.0
2097,2011,E01030284,2011 super output areas - lower layer,298,Age 8 to 9,0.0
2098,2011,E01030284,2011 super output areas - lower layer,298,Age 10 to 14,0.0
2099,2011,E01030284,2011 super output areas - lower layer,298,Age 15,0.0
2100,2011,E01030284,2011 super output areas - lower layer,298,Age 16 to 17,0.0
2101,2011,E01030284,2011 super output areas - lower layer,298,Age 18 to 19,0.0
2102,2011,E01030284,2011 super output areas - lower layer,298,Age 20 to 24,0.0
2103,2011,E01030284,2011 super output areas - lower layer,298,Age 25 to 29,0.0
2104,2011,E01030284,2011 super output areas - lower layer,298,Age 30 to 44,0.0
2105,2011,E01030284,2011 super output areas - lower layer,298,Age 45 to 59,0.0
2106,2011,E01030284,2011 super output areas - lower layer,298,Age 60 to 64,0.0
2107,2011,E01030284,2011 super output areas - lower layer,298,Age 65 to 74,0.0
2108,2011,E01030284,2011 super output areas - lower layer,298,Age 75 to 84,0.0
2109,2011,E01030284,2011 super output areas - lower layer,298,Age 85 to 89,0.0
2110,2011,E01030284,2011 super output areas - lower layer,298,Age 90 and over,0.0
2111,2011,E01030284,2011 super output areas - lower layer,298,Mean Age,
2112,2011,E01030284,2011 super output areas - lower layer,298,Median Age,0.5
2113,2011,E01030284,2011 super output areas - lower layer,298,All usual residents,0.0
2114,2011,E01030284,2011 super output areas - lower layer,298,Age 0 to 4,0.0
2115,2011,E01030284,2011 super output areas - lower layer,298,Age 5 to 7,0.0
2116,2011,E01030284,2011 super output areas - lower layer,298,Age 8 to 9,0.0
2117,2011,E01030284,2011 super output areas - lower layer,298,Age 10 to 14,0.0
2118,2011,E01030284,2011 super output areas - lower layer,298,Age 15,0.0
2119,2011,E01030284,2011 super output areas - lower layer,298,Age 16 to 17,0.0
2120,2011,E01030284,2011 super output areas - lower layer,298,Age 18 to 19,0.0
2121,2011,E01030284,2011 super output areas - lower layer,298,Age 20 to 24,0.0
2122,2011,E01030284,2011 super output areas - lower layer,298,Age 25 to 29,0.0
2123,2011,E01030284,2011 super output areas - lower layer,298,Age 30 to 44,0.0
2124,2011,E01030284,2011 super output areas - lower layer,298,Age 45 to 59,0.0
2125,2011,E01030284,2011 super output areas - lower layer,298,Age 60 to 64,0.0
2126,2011,E01030284,2011 super output areas - lower layer,298,Age 65 to 74,0.0
2127,2011,E01030284,2011 super output areas - lower layer,298,Age 75 to 84,0.0
2128,2011,E01030284,2011 super output areas - lower layer,298,Age 85 to 89,0.0
2129,2011,E01030284,2011 super output areas - lower layer,298,Age 90 and over,0.0
2130,2011,E01030284,2011 super output areas - lower layer,298,Mean Age,
2131,2011,E01030284,2011 super output areas - lower layer,298,Median Age,0.5
2132,2011,E01030284,2011 super output areas - lower layer,298,All usual residents,0.0
2133,2011,E01030284,2011 super output areas - lower layer,298,Age 0 to 4,0.0
2134,2011,E01030284,2011 super output areas - lower layer,298,Age 5 to 7,0.0
2135,2011,E01030284,2011 super output areas - lower layer,298,Age 8 to 9,0.0
2136,2011,E01030284,2011 super output areas - lower layer,298,Age 10 to 14,0.0
2137,2011,E01030284,2011 super output areas - lower layer,298,Age 15,0.0
2138,2011,E01030284,2011 super output areas - lower layer,298,Age 16 to 17,0.0
2139,2011,E01030284,2011 super output areas - lower layer,298,Age 18 to 19,0.0
2140,2011,E01030284,2011 super output areas - lower layer,298,Age 20 to 24,0.0
2141,2011,E01030284,2011 super output areas - lower layer,298,Age 25 to 29,0.0
2142,2011,E01030284,2011 super output areas - lower layer,298,Age 30 to 44,0.0
2143,2011,E01030284,2011 super output areas - lower layer,298,Age 45 to 59,0.0
2144,2011,E01030284,2011 super output areas - lower layer,298,Age 60 to 64,0.0
2145,2011,E01030284,2011 super output areas - lower layer,298,Age 65 to 74,0.0
2146,2011,E01030284,2011 super output areas - lower layer,298,Age 75 to 84,0.0
2147,2011,E01030284,2011 super output areas - lower layer,298,Age 85 to 89,0.0
2148,2011,E01030284,2011 super output areas - lower layer,298,Age 90 and over,0.0
2149,2011,E01030284,2011 super output areas - lower layer,298,Mean Age,
2150,2011,E01030284,2011 super output areas - lower layer,298,Median Age,0.5
2151,2011,E01030284,2011 super output areas - lower layer,298,All usual residents,0.0
2152,2011,E01030284,2011 super output areas - lower layer,298,Age 0 to 4,0.0
2153,2011,E01030284,2011 super output areas - lower layer,298,Age 5 to 7,0.0
2154,2011,E01030284,2011 super output areas - lower layer,298,Age 8 to 9,0.0
2155,2011,E01030284,2011 super output areas - lower layer,298,Age 10 to 14,0.0
2156,2011,E01030284,2011 super output areas - lower layer,298,Age 15,0.0
2157,2011,E01030284,2011 super output areas - lower layer,298,Age 16 to 17,0.0
2158,2011,E01030284,2011 super output areas - lower layer,298,Age 18 to 19,0.0
2159,2011,E01030284,2011 super output areas - lower layer,298,Age 20 to 24,0.0
2160,2011,E01030284,2011 super output areas - lower layer,298,Age 25 to 29,0.0
2161,2011,E01030284,2011 super output areas - lower layer,298,Age 30 to 44,0.0
2162,2011,E01030284,2011 super output areas - lower layer,298,Age 45 to 59,0.0
2163,2011,E01030284,2011 super output areas - lower layer,298,Age 60 to 64,0.0
2164,2011,E01030284,2011 super output areas - lower layer,298,Age 65 to 74,0.0
2165,2011,E01030284,2011 super output areas - lower layer,298,Age 75 to 84,0.0
2166,2011,E01030284,2011 super output areas - lower layer,298,Age 85 to 89,0.0
2167,2011,E01030284,2011 super output areas - lower layer,298,Age 90 and over,0.0
2168,2011,E01030284,2011 super output areas - lower layer,298,Mean Age,
2169,2011,E01030284,2011 super output areas - lower layer,298,Median Age,0.5
2170,2011,E01030284,2011 super output areas - lower layer,298,All usual residents,0.0
2171,2011,E01030284,2011 super output areas - lower layer,298,Age 0 to 4,0.0
2172,2011,E01030284,2011 super output areas - lower layer,298,Age 5 to 7,0.0
2173,2011,E01030284,2011 super output areas - lower layer,298,Age 8 to 9,0.0
2174,2011,E01030284,2011 super output areas - lower layer,298,Age 10 to 14,0.0
2175,2011,E01030284,2011 super output areas - lower layer,298,Age 15,0.0
2176,2011,E01030284,2011 super output areas - lower layer,298,Age 16 to 17,0.0
2177,2011,E01030284,2011 super output areas - lower layer,298,Age 18 to 19,0.0
2178,2011,E01030284,2011 super output areas - lower layer,298,Age 20 to 24,0.0
2179,2011,E01030284,2011 super output areas - lower layer,298,Age 25 to 29,0.0
2180,2011,E01030284,2011 super output areas - lower layer,298,Age 30 to 44,0.0
2181,2011,E01030284,2011 super output areas - lower layer,298,Age 45 to 59,0.0
2182,2011,E01030284,2011 super output areas - lower layer,298,Age 60 to 64,0.0
2183,2011,E01030284,2011 super output areas - lower layer,298,Age 65 to 74,0.0
2184,2011,E01030284,2011 super output areas - lower layer,298,Age 75 to 84,0.0
2185,2011,E01030284,2011 super output areas - lower layer,298,Age 85 to 89,0.0
2186,2011,E01030284,2011 super output areas - lower layer,298,Age 90 and over,0.0
2187,2011,E01030284,2011 super output areas - lower layer,298,Mean Age,
2188,2011,E01030284,2011 super output areas - lower layer,298,Median Age,0.5
2189,2011,E01030284,2011 super output areas - lower layer,298,All usual residents,0.0
2190,2011,E01030284,2011 super output areas - lower layer,298,Age 0 to 4,0.0
2191,2011,E01030284,2011 super output areas - lower layer,298,Age 5 to 7,0.0
2192,2011,E01030284,2011 super output areas - lower layer,298,Age 8 to 9,0.0
2193,2011,E01030284,2011 super output areas - lower layer,298,Age 10 to 14,0.0
2194,2011,E01030284,2011 super output areas - lower layer,298,Age 15,0.0
2195,2011,E01030284,2011 super output areas - lower layer,298,Age 16 to 17,0.0
2196,2011,E01030284,2011 super output areas - lower layer,298,Age 18 to 19,0.0
2197,2011,E01030284,2011 super output areas - lower layer,298,Age 20 to 24,0.0
2198,2011,E01030284,2011 super output areas - lower layer,298,Age 25 to 29,0.0
2199,2011,E01030284,2011 super output areas - lower layer,298,Age 30 to 44,0.0
2200,2011,E01030284,2011 super output areas - lower layer,298,Age 45 to 59,0.0
2201,2011,E01030284,2011 super output areas - lower layer,298,Age 60 to 64,0.0
2202,2011,E01030284,2011 super output areas - lower layer,298,Age 65 to 74,0.0
2203,2011,E01030284,2011 super output areas - lower layer,298,Age 75 to 84,0.0
2204,2011,E01030284,2011 super output areas - lower layer,298,Age 85 to 89,0.0
2205,2011,E01030284,2011 super output areas - lower layer,298,Age 90 and over,0.0
2206,2011,E01030284,2011 super output areas - lower layer,298,Mean Age,
2207,2011,E01030284,2011 super output areas - lower layer,298,Median Age,0.5
2208,2011,E01030284,2011 super output areas - lower layer,298,All usual residents,0.0
2209,2011,E01030284,2011 super output areas - lower layer,298,Age 0 to 4,0.0
2210,2011,E01030284,2011 super output areas - lower layer,298,Age 5 to 7,0.0
2211,2011,E01030284,2011 super output areas - lower layer,298,Age 8 to 9,0.0
2212,2011,E01030284,2011 super output areas - lower layer,298,Age 10 to 14,0.0
2213,2011,E01030284,2011 super output areas - lower layer,298,Age 15,0.0
2214,2011,E01030284,2011 super output areas - lower layer,298,Age 16 to 17,0.0
2215,2011,E01030284,2011 super output areas - lower layer,298,Age 18 to 19,0.0
2216,2011,E01030284,2011 super output areas - lower layer,298,Age 20 to 24,0.0
2217,2011,E01030284,2011 super output areas - lower layer,298,Age 25 to 29,0.0
2218,2011,E01030284,2011 super output areas - lower layer,298,Age 30 to 44,0.0
2219,2011,E01030284,2011 super output areas - lower layer,298,Age 45 to 59,0.0
2220,2011,E01030284,2011 super output areas - lower layer,298,Age 60 to 64,0.0
2221,2011,E01030284,2011 super output areas - lower layer,298,Age 65 to 74,0.0
2222,2011,E01030284,2011 super output areas - lower layer,298,Age 75 to 84,0.0
2223,2011,E01030284,2011 super output areas - lower layer,298,Age 85 to 89,0.0
2224,2011,E01030284,2011 super output areas - lower layer,298,Age 90 and over,0.0
2225,2011,E01030284,2011 super output areas - lower layer,298,Mean Age,
2226,2011,E01030284,2011 super output areas - lower layer,298,Median Age,0.5
2227,2011,E01030295,2011 super output areas - lower layer,298,All usual residents,2224.0
2228,2011,E01030295,2011 super output areas - lower layer,298,Age 0 to 4,100.0
2229,2011,E01030295,2011 super output areas - lower layer,298,Age 5 to 7,61.0
2230,2011,E01030295,2011 super output areas - lower layer,298,Age 8 to 9,45.0
2231,2011,E01030295,2011 super output areas - lower layer,298,Age 10 to 14,123.0
2232,2011,E01030295,2011 super output areas - lower layer,298,Age 15,21.0
2233,2011,E01030295,2011 super output areas - lower layer,298,Age 16 to 17,57.0
2234,2011,E01030295,2011 super output areas - lower layer,298,Age 18 to 19,49.0
2235,2011,E01030295,2011 super output areas - lower layer,298,Age 20 to 24,74.0
2236,2011,E01030295,2011 super output areas - lower layer,298,Age 25 to 29,68.0
2237,2011,E01030295,2011 super output areas - lower layer,298,Age 30 to 44,354.0
2238,2011,E01030295,2011 super output areas - lower layer,298,Age 45 to 59,540.0
2239,2011,E01030295,2011 super output areas - lower layer,298,Age 60 to 64,232.0
2240,2011,E01030295,2011 super output areas - lower layer,298,Age 65 to 74,290.0
2241,2011,E01030295,2011 super output areas - lower layer,298,Age 75 to 84,169.0
2242,2011,E01030295,2011 super output areas - lower layer,298,Age 85 to 89,28.0
2243,2011,E01030295,2011 super output areas - lower layer,298,Age 90 and over,13.0
2244,2011,E01030295,2011 super output areas - lower layer,298,Mean Age,45.4
2245,2011,E01030295,2011 super output areas - lower layer,298,Median Age,49.0
2246,2011,E01030295,2011 super output areas - lower layer,298,All usual residents,0.0
2247,2011,E01030295,2011 super output areas - lower layer,298,Age 0 to 4,0.0
2248,2011,E01030295,2011 super output areas - lower layer,298,Age 5 to 7,0.0
2249,2011,E01030295,2011 super output areas - lower layer,298,Age 8 to 9,0.0
2250,2011,E01030295,2011 super output areas - lower layer,298,Age 10 to 14,0.0
2251,2011,E01030295,2011 super output areas - lower layer,298,Age 15,0.0
2252,2011,E01030295,2011 super output areas - lower layer,298,Age 16 to 17,0.0
2253,2011,E01030295,2011 super output areas - lower layer,298,Age 18 to 19,0.0
2254,2011,E01030295,2011 super output areas - lower layer,298,Age 20 to 24,0.0
2255,2011,E01030295,2011 super output areas - lower layer,298,Age 25 to 29,0.0
2256,2011,E01030295,2011 super output areas - lower layer,298,Age 30 to 44,0.0
2257,2011,E01030295,2011 super output areas - lower layer,298,Age 45 to 59,0.0
2258,2011,E01030295,2011 super output areas - lower layer,298,Age 60 to 64,0.0
2259,2011,E01030295,2011 super output areas - lower layer,298,Age 65 to 74,0.0
2260,2011,E01030295,2011 super output areas - lower layer,298,Age 75 to 84,0.0
2261,2011,E01030295,2011 super output areas - lower layer,298,Age 85 to 89,0.0
2262,2011,E01030295,2011 super output areas - lower layer,298,Age 90 and over,0.0
2263,2011,E01030295,2011 super output areas - lower layer,298,Mean Age,
2264,2011,E01030295,2011 super output areas - lower layer,298,Median Age,0.5
2265,2011,E01030295,2011 super output areas - lower layer,298,All usual residents,0.0
2266,2011,E01030295,2011 super output areas - lower layer,298,Age 0 to 4,0.0
2267,2011,E01030295,2011 super output areas - lower layer,298,Age 5 to 7,0.0
2268,2011,E01030295,2011 super output areas - lower layer,298,Age 8 to 9,0.0
2269,2011,E01030295,2011 super output areas - lower layer,298,Age 10 to 14,0.0
2270,2011,E01030295,2011 super output areas - lower layer,298,Age 15,0.0
2271,2011,E01030295,2011 super output areas - lower layer,298,Age 16 to 17,0.0
2272,2011,E01030295,2011 super output areas - lower layer,298,Age 18 to 19,0.0
2273,2011,E01030295,2011 super output areas - lower layer,298,Age 20 to 24,0.0
2274,2011,E01030295,2011 super output areas - lower layer,298,Age 25 to 29,0.0
2275,2011,E01030295,2011 super output areas - lower layer,298,Age 30 to 44,0.0
2276,2011,E01030295,2011 super output areas - lower layer,298,Age 45 to 59,0.0
2277,2011,E01030295,2011 super output areas - lower layer,298,Age 60 to 64,0.0
2278,2011,E01030295,2011 super output areas - lower layer,298,Age 65 to 74,0.0
2279,2011,E01030295,2011 super output areas - lower layer,298,Age 75 to 84,0.0
2280,2011,E01030295,2011 super output areas - lower layer,298,Age 85 to 89,0.0
2281,2011,E01030295,2011 super output areas - lower layer,298,Age 90 and over,0.0
2282,2011,E01030295,2011 super output areas - lower layer,298,Mean Age,
2283,2011,E01030295,2011 super output areas - lower layer,298,Median Age,0.5
2284,2011,E01030295,2011 super output areas - lower layer,298,All usual residents,0.0
2285,2011,E01030295,2011 super output areas - lower layer,298,Age 0 to 4,0.0
2286,2011,E01030295,2011 super output areas - lower layer,298,Age 5 to 7,0.0
2287,2011,E01030295,2011 super output areas - lower layer,298,Age 8 to 9,0.0
2288,2011,E01030295,2011 super output areas - lower layer,298,Age 10 to 14,0.0
2289,2011,E01030295,2011 super output areas - lower layer,298,Age 15,0.0
2290,2011,E01030295,2011 super output areas - lower layer,298,Age 16 to 17,0.0
2291,2011,E01030295,2011 super output areas - lower layer,298,Age 18 to 19,0.0
2292,2011,E01030295,2011 super output areas - lower layer,298,Age 20 to 24,0.0
2293,2011,E01030295,2011 super output areas - lower layer,298,Age 25 to 29,0.0
2294,2011,E01030295,2011 super output areas - lower layer,298,Age 30 to 44,0.0
2295,2011,E01030295,2011 super output areas - lower layer,298,Age 45 to 59,0.0
2296,2011,E01030295,2011 super output areas - lower layer,298,Age 60 to 64,0.0
2297,2011,E01030295,2011 super output areas - lower layer,298,Age 65 to 74,0.0
2298,2011,E01030295,2011 super output areas - lower layer,298,Age 75 to 84,0.0
2299,2011,E01030295,2011 super output areas - lower layer,298,Age 85 to 89,0.0
2300,2011,E01030295,2011 super output areas - lower layer,298,Age 90 and over,0.0
2301,2011,E01030295,2011 super output areas - lower layer,298,Mean Age,
2302,2011,E01030295,2011 super output areas - lower layer,298,Median Age,0.5
2303,2011,E01030295,2011 super output areas - lower layer,298,All usual residents,0.0
2304,2011,E01030295,2011 super output areas - lower layer,298,Age 0 to 4,0.0
2305,2011,E01030295,2011 super output areas - lower layer,298,Age 5 to 7,0.0
2306,2011,E01030295,2011 super output areas - lower layer,298,Age 8 to 9,0.0
2307,2011,E01030295,2011 super output areas - lower layer,298,Age 10 to 14,0.0
2308,2011,E01030295,2011 super output areas - lower layer,298,Age 15,0.0
2309,2011,E01030295,2011 super output areas - lower layer,298,Age 16 to 17,0.0
2310,2011,E01030295,2011 super output areas - lower layer,298,Age 18 to 19,0.0
2311,2011,E01030295,2011 super output areas - lower layer,298,Age 20 to 24,0.0
2312,2011,E01030295,2011 super output areas - lower layer,298,Age 25 to 29,0.0
2313,2011,E01030295,2011 super output areas - lower layer,298,Age 30 to 44,0.0
2314,2011,E01030295,2011 super output areas - lower layer,298,Age 45 to 59,0.0
2315,2011,E01030295,2011 super output areas - lower layer,298,Age 60 to 64,0.0
2316,2011,E01030295,2011 super output areas - lower layer,298,Age 65 to 74,0.0
2317,2011,E01030295,2011 super output areas - lower layer,298,Age 75 to 84,0.0
2318,2011,E01030295,2011 super output areas - lower layer,298,Age 85 to 89,0.0
2319,2011,E01030295,2011 super output areas - lower layer,298,Age 90 and over,0.0
2320,2011,E01030295,2011 super output areas - lower layer,298,Mean Age,
2321,2011,E01030295,2011 super output areas - lower layer,298,Median Age,0.5
2322,2011,E01030295,2011 super output areas - lower layer,298,All usual residents,0.0
2323,2011,E01030295,2011 super output areas - lower layer,298,Age 0 to 4,0.0
2324,2011,E01030295,2011 super output areas - lower layer,298,Age 5 to 7,0.0
2325,2011,E01030295,2011 super output areas - lower layer,298,Age 8 to 9,0.0
2326,2011,E01030295,2011 super output areas - lower layer,298,Age 10 to 14,0.0
2327,2011,E01030295,2011 super output areas - lower layer,298,Age 15,0.0
2328,2011,E01030295,2011 super output areas - lower layer,298,Age 16 to 17,0.0
2329,2011,E01030295,2011 super output areas - lower layer,298,Age 18 to 19,0.0
2330,2011,E01030295,2011 super output areas - lower layer,298,Age 20 to 24,0.0
2331,2011,E01030295,2011 super output areas - lower layer,298,Age 25 to 29,0.0
2332,2011,E01030295,2011 super output areas - lower layer,298,Age 30 to 44,0.0
2333,2011,E01030295,2011 super output areas - lower layer,298,Age 45 to 59,0.0
2334,2011,E01030295,2011 super output areas - lower layer,298,Age 60 to 64,0.0
2335,2011,E01030295,2011 super output areas - lower layer,298,Age 65 to 74,0.0
2336,2011,E01030295,2011 super output areas - lower layer,298,Age 75 to 84,0.0
2337,2011,E01030295,2011 super output areas - lower layer,298,Age 85 to 89,0.0
2338,2011,E01030295,2011 super output areas - lower layer,298,Age 90 and over,0.0
2339,2011,E01030295,2011 super output areas - lower layer,298,Mean Age,
2340,2011,E01030295,2011 super output areas - lower layer,298,Median Age,0.5
2341,2011,E01030295,2011 super output areas - lower layer,298,All usual residents,0.0
2342,2011,E01030295,2011 super output areas - lower layer,298,Age 0 to 4,0.0
2343,2011,E01030295,2011 super output areas - lower layer,298,Age 5 to 7,0.0
2344,2011,E01030295,2011 super output areas - lower layer,298,Age 8 to 9,0.0
2345,2011,E01030295,2011 super output areas - lower layer,298,Age 10 to 14,0.0
2346,2011,E01030295,2011 super output areas - lower layer,298,Age 15,0.0
2347,2011,E01030295,2011 super output areas - lower layer,298,Age 16 to 17,0.0
2348,2011,E01030295,2011 super output areas - lower layer,298,Age 18 to 19,0.0
2349,2011,E01030295,2011 super output areas - lower layer,298,Age 20 to 24,0.0
2350,2011,E01030295,2011 super output areas - lower layer,298,Age 25 to 29,0.0
2351,2011,E01030295,2011 super output areas - lower layer,298,Age 30 to 44,0.0
2352,2011,E01030295,2011 super output areas - lower layer,298,Age 45 to 59,0.0
2353,2011,E01030295,2011 super output areas - lower layer,298,Age 60 to 64,0.0
2354,2011,E01030295,2011 super output areas - lower layer,298,Age 65 to 74,0.0
2355,2011,E01030295,2011 super output areas - lower layer,298,Age 75 to 84,0.0
2356,2011,E01030295,2011 super output areas - lower layer,298,Age 85 to 89,0.0
2357,2011,E01030295,2011 super output areas - lower layer,298,Age 90 and over,0.0
2358,2011,E01030295,2011 super output areas - lower layer,298,Mean Age,
2359,2011,E01030295,2011 super output areas - lower layer,298,Median Age,0.5
2360,2011,E01030295,2011 super output areas - lower layer,298,All usual residents,0.0
2361,2011,E01030295,2011 super output areas - lower layer,298,Age 0 to 4,0.0
2362,2011,E01030295,2011 super output areas - lower layer,298,Age 5 to 7,0.0
2363,2011,E01030295,2011 super output areas - lower layer,298,Age 8 to 9,0.0
2364,2011,E01030295,2011 super output areas - lower layer,298,Age 10 to 14,0.0
2365,2011,E01030295,2011 super output areas - lower layer,298,Age 15,0.0
2366,2011,E01030295,2011 super output areas - lower layer,298,Age 16 to 17,0.0
2367,2011,E01030295,2011 super output areas - lower layer,298,Age 18 to 19,0.0
2368,2011,E01030295,2011 super output areas - lower layer,298,Age 20 to 24,0.0
2369,2011,E01030295,2011 super output areas - lower layer,298,Age 25 to 29,0.0
2370,2011,E01030295,2011 super output areas - lower layer,298,Age 30 to 44,0.0
2371,2011,E01030295,2011 super output areas - lower layer,298,Age 45 to 59,0.0
2372,2011,E01030295,2011 super output areas - lower layer,298,Age 60 to 64,0.0
2373,2011,E01030295,2011 super output areas - lower layer,298,Age 65 to 74,0.0
2374,2011,E01030295,2011 super output areas - lower layer,298,Age 75 to 84,0.0
2375,2011,E01030295,2011 super output areas - lower layer,298,Age 85 to 89,0.0
2376,2011,E01030295,2011 super output areas - lower layer,298,Age 90 and over,0.0
2377,2011,E01030295,2011 super output areas - lower layer,298,Mean Age,
2378,2011,E01030295,2011 super output areas - lower layer,298,Median Age,0.5
2379,2011,E01030295,2011 super output areas - lower layer,298,All usual residents,0.0
2380,2011,E01030295,2011 super output areas - lower layer,298,Age 0 to 4,0.0
2381,2011,E01030295,2011 super output areas - lower layer,298,Age 5 to 7,0.0
2382,2011,E01030295,2011 super output areas - lower layer,298,Age 8 to 9,0.0
2383,2011,E01030295,2011 super output areas - lower layer,298,Age 10 to 14,0.0
2384,2011,E01030295,2011 super output areas - lower layer,298,Age 15,0.0
2385,2011,E01030295,2011 super output areas - lower layer,298,Age 16 to 17,0.0
2386,2011,E01030295,2011 super output areas - lower layer,298,Age 18 to 19,0.0
2387,2011,E01030295,2011 super output areas - lower layer,298,Age 20 to 24,0.0
2388,2011,E01030295,2011 super output areas - lower layer,298,Age 25 to 29,0.0
2389,2011,E01030295,2011 super output areas - lower layer,298,Age 30 to 44,0.0
2390,2011,E01030295,2011 super output areas - lower layer,298,Age 45 to 59,0.0
2391,2011,E01030295,2011 super output areas - lower layer,298,Age 60 to 64,0.0
2392,2011,E01030295,2011 super output areas - lower layer,298,Age 65 to 74,0.0
2393,2011,E01030295,2011 super output areas - lower layer,298,Age 75 to 84,0.0
2394,2011,E01030295,2011 super output areas - lower layer,298,Age 85 to 89,0.0
2395,2011,E01030295,2011 super output areas - lower layer,298,Age 90 and over,0.0
2396,2011,E01030295,2011 super output areas - lower layer,298,Mean Age,
2397,2011,E01030295,2011 super output areas - lower layer,298,Median Age,0.5
2398,2011,E01030295,2011 super output areas - lower layer,298,All usual residents,0.0
2399,2011,E01030295,2011 super output areas - lower layer,298,Age 0 to 4,0.0
2400,2011,E01030295,2011 super output areas - lower layer,298,Age 5 to 7,0.0
2401,2011,E01030295,2011 super output areas - lower layer,298,Age 8 to 9,0.0
2402,2011,E01030295,2011 super output areas - lower layer,298,Age 10 to 14,0.0
2403,2011,E01030295,2011 super output areas - lower layer,298,Age 15,0.0
2404,2011,E01030295,2011 super output areas - lower layer,298,Age 16 to 17,0.0
2405,2011,E01030295,2011 super output areas - lower layer,298,Age 18 to 19,0.0
2406,2011,E01030295,2011 super output areas - lower layer,298,Age 20 to 24,0.0
2407,2011,E01030295,2011 super output areas - lower layer,298,Age 25 to 29,0.0
2408,2011,E01030295,2011 super output areas - lower layer,298,Age 30 to 44,0.0
2409,2011,E01030295,2011 super output areas - lower layer,298,Age 45 to 59,0.0
2410,2011,E01030295,2011 super output areas - lower layer,298,Age 60 to 64,0.0
2411,2011,E01030295,2011 super output areas - lower layer,298,Age 65 to 74,0.0
2412,2011,E01030295,2011 super output areas - lower layer,298,Age 75 to 84,0.0
2413,2011,E01030295,2011 super output areas - lower layer,298,Age 85 to 89,0.0
2414,2011,E01030295,2011 super output areas - lower layer,298,Age 90 and over,0.0
2415,2011,E01030295,2011 super output areas - lower layer,298,Mean Age,
2416,2011,E01030295,2011 super output areas - lower layer,298,Median Age,0.5
2417,2011,E01030295,2011 super output areas - lower layer,298,All usual residents,0.0
2418,2011,E01030295,2011 super output areas - lower layer,298,Age 0 to 4,0.0
2419,2011,E01030295,2011 super output areas - lower layer,298,Age 5 to 7,0.0
2420,2011,E01030295,2011 super output areas - lower layer,298,Age 8 to 9,0.0
2421,2011,E01030295,2011 super output areas - lower layer,298,Age 10 to 14,0.0
2422,2011,E01030295,2011 super output areas - lower layer,298,Age 15,0.0
2423,2011,E01030295,2011 super output areas - lower layer,298,Age 16 to 17,0.0
2424,2011,E01030295,2011 super output areas - lower layer,298,Age 18 to 19,0.0
2425,2011,E01030295,2011 super output areas - lower layer,298,Age 20 to 24,0.0
2426,2011,E01030295,2011 super output areas - lower layer,298,Age 25 to 29,0.0
2427,2011,E01030295,2011 super output areas - lower layer,298,Age 30 to 44,0.0
2428,2011,E01030295,2011 super output areas - lower layer,298,Age 45 to 59,0.0
2429,2011,E01030295,2011 super output areas - lower layer,298,Age 60 to 64,0.0
2430,2011,E01030295,2011 super output areas - lower layer,298,Age 65 to 74,0.0
2431,2011,E01030295,2011 super output areas - lower layer,298,Age 75 to 84,0.0
2432,2011,E01030295,2011 super output areas - lower layer,298,Age 85 to 89,0.0
2433,2011,E01030295,2011 super output areas - lower layer,298,Age 90 and over,0.0
2434,2011,E01030295,2011 super output areas - lower layer,298,Mean Age,
2435,2011,E01030295,2011 super output areas - lower layer,298,Median Age,0.5
2436,2011,E01030295,2011 super output areas - lower layer,298,All usual residents,0.0
2437,2011,E01030295,2011 super output areas - lower layer,298,Age 0 to 4,0.0
2438,2011,E01030295,2011 super output areas - lower layer,298,Age 5 to 7,0.0
2439,2011,E01030295,2011 super output areas - lower layer,298,Age 8 to 9,0.0
2440,2011,E01030295,2011 super output areas - lower layer,298,Age 10 to 14,0.0
2441,2011,E01030295,2011 super output areas - lower layer,298,Age 15,0.0
2442,2011,E01030295,2011 super output areas - lower layer,298,Age 16 to 17,0.0
2443,2011,E01030295,2011 super output areas - lower layer,298,Age 18 to 19,0.0
2444,2011,E01030295,2011 super output areas - lower layer,298,Age 20 to 24,0.0
2445,2011,E01030295,2011 super output areas - lower layer,298,Age 25 to 29,0.0
2446,2011,E01030295,2011 super output areas - lower layer,298,Age 30 to 44,0.0
2447,2011,E01030295,2011 super output areas - lower layer,298,Age 45 to 59,0.0
2448,2011,E01030295,2011 super output areas - lower layer,298,Age 60 to 64,0.0
2449,2011,E01030295,2011 super output areas - lower layer,298,Age 65 to 74,0.0
2450,2011,E01030295,2011 super output areas - lower layer,298,Age 75 to 84,0.0
2451,2011,E01030295,2011 super output areas - lower layer,298,Age 85 to 89,0.0
2452,2011,E01030295,2011 super output areas - lower layer,298,Age 90 and over,0.0
2453,2011,E01030295,2011 super output areas - lower layer,298,Mean Age,
2454,2011,E01030295,2011 super output areas - lower layer,298,Median Age,0.5
2455,2011,E01030295,2011 super output areas - lower layer,298,All usual residents,0.0
2456,2011,E01030295,2011 super output areas - lower layer,298,Age 0 to 4,0.0
2457,2011,E01030295,2011 super output areas - lower layer,298,Age 5 to 7,0.0
2458,2011,E01030295,2011 super output areas - lower layer,298,Age 8 to 9,0.0
2459,2011,E01030295,2011 super output areas - lower layer,298,Age 10 to 14,0.0
2460,2011,E01030295,2011 super output areas - lower layer,298,Age 15,0.0
2461,2011,E01030295,2011 super output areas - lower layer,298,Age 16 to 17,0.0
2462,2011,E01030295,2011 super output areas - lower layer,298,Age 18 to 19,0.0
2463,2011,E01030295,2011 super output areas - lower layer,298,Age 20 to 24,0.0
2464,2011,E01030295,2011 super output areas - lower layer,298,Age 25 to 29,0.0
2465,2011,E01030295,2011 super output areas - lower layer,298,Age 30 to 44,0.0
2466,2011,E01030295,2011 super output areas - lower layer,298,Age 45 to 59,0.0
2467,2011,E01030295,2011 super output areas - lower layer,298,Age 60 to 64,0.0
2468,2011,E01030295,2011 super output areas - lower layer,298,Age 65 to 74,0.0
2469,2011,E01030295,2011 super output areas - lower layer,298,Age 75 to 84,0.0
2470,2011,E01030295,2011 super output areas - lower layer,298,Age 85 to 89,0.0
2471,2011,E01030295,2011 super output areas - lower layer,298,Age 90 and over,0.0
2472,2011,E01030295,2011 super output areas - lower layer,298,Mean Age,
2473,2011,E01030295,2011 super output areas - lower layer,298,Median Age,0.5
2474,2011,E01030229,2011 super output areas - lower layer,298,All usual residents,2150.0
2475,2011,E01030229,2011 super output areas - lower layer,298,Age 0 to 4,76.0
2476,2011,E01030229,2011 super output areas - lower layer,298,Age 5 to 7,58.0
2477,2011,E01030229,2011 super output areas - lower layer,298,Age 8 to 9,46.0
2478,2011,E01030229,2011 super output areas - lower layer,298,Age 10 to 14,127.0
2479,2011,E01030229,2011 super output areas - lower layer,298,Age 15,19.0
2480,2011,E01030229,2011 super output areas - lower layer,298,Age 16 to 17,52.0
2481,2011,E01030229,2011 super output areas - lower layer,298,Age 18 to 19,49.0
2482,2011,E01030229,2011 super output areas - lower layer,298,Age 20 to 24,88.0
2483,2011,E01030229,2011 super output areas - lower layer,298,Age 25 to 29,52.0
2484,2011,E01030229,2011 super output areas - lower layer,298,Age 30 to 44,307.0
2485,2011,E01030229,2011 super output areas - lower layer,298,Age 45 to 59,477.0
2486,2011,E01030229,2011 super output areas - lower layer,298,Age 60 to 64,204.0
2487,2011,E01030229,2011 super output areas - lower layer,298,Age 65 to 74,302.0
2488,2011,E01030229,2011 super output areas - lower layer,298,Age 75 to 84,209.0
2489,2011,E01030229,2011 super output areas - lower layer,298,Age 85 to 89,59.0
2490,2011,E01030229,2011 super output areas - lower layer,298,Age 90 and over,25.0
2491,2011,E01030229,2011 super output areas - lower layer,298,Mean Age,47.3
2492,2011,E01030229,2011 super output areas - lower layer,298,Median Age,51.0
2493,2011,E01030229,2011 super output areas - lower layer,298,All usual residents,0.0
2494,2011,E01030229,2011 super output areas - lower layer,298,Age 0 to 4,0.0
2495,2011,E01030229,2011 super output areas - lower layer,298,Age 5 to 7,0.0
2496,2011,E01030229,2011 super output areas - lower layer,298,Age 8 to 9,0.0
2497,2011,E01030229,2011 super output areas - lower layer,298,Age 10 to 14,0.0
2498,2011,E01030229,2011 super output areas - lower layer,298,Age 15,0.0
2499,2011,E01030229,2011 super output areas - lower layer,298,Age 16 to 17,0.0
2500,2011,E01030229,2011 super output areas - lower layer,298,Age 18 to 19,0.0
2501,2011,E01030229,2011 super output areas - lower layer,298,Age 20 to 24,0.0
2502,2011,E01030229,2011 super output areas - lower layer,298,Age 25 to 29,0.0
2503,2011,E01030229,2011 super output areas - lower layer,298,Age 30 to 44,0.0
2504,2011,E01030229,2011 super output areas - lower layer,298,Age 45 to 59,0.0
2505,2011,E01030229,2011 super output areas - lower layer,298,Age 60 to 64,0.0
2506,2011,E01030229,2011 super output areas - lower layer,298,Age 65 to 74,0.0
2507,2011,E01030229,2011 super output areas - lower layer,298,Age 75 to 84,0.0
2508,2011,E01030229,2011 super output areas - lower layer,298,Age 85 to 89,0.0
2509,2011,E01030229,2011 super output areas - lower layer,298,Age 90 and over,0.0
2510,2011,E01030229,2011 super output areas - lower layer,298,Mean Age,
2511,2011,E01030229,2011 super output areas - lower layer,298,Median Age,0.5
2512,2011,E01030229,2011 super output areas - lower layer,298,All usual residents,0.0
2513,2011,E01030229,2011 super output areas - lower layer,298,Age 0 to 4,0.0
2514,2011,E01030229,2011 super output areas - lower layer,298,Age 5 to 7,0.0
2515,2011,E01030229,2011 super output areas - lower layer,298,Age 8 to 9,0.0
2516,2011,E01030229,2011 super output areas - lower layer,298,Age 10 to 14,0.0
2517,2011,E01030229,2011 super output areas - lower layer,298,Age 15,0.0
2518,2011,E01030229,2011 super output areas - lower layer,298,Age 16 to 17,0.0
2519,2011,E01030229,2011 super output areas - lower layer,298,Age 18 to 19,0.0
2520,2011,E01030229,2011 super output areas - lower layer,298,Age 20 to 24,0.0
2521,2011,E01030229,2011 super output areas - lower layer,298,Age 25 to 29,0.0
2522,2011,E01030229,2011 super output areas - lower layer,298,Age 30 to 44,0.0
2523,2011,E01030229,2011 super output areas - lower layer,298,Age 45 to 59,0.0
2524,2011,E01030229,2011 super output areas - lower layer,298,Age 60 to 64,0.0
2525,2011,E01030229,2011 super output areas - lower layer,298,Age 65 to 74,0.0
2526,2011,E01030229,2011 super output areas - lower layer,298,Age 75 to 84,0.0
2527,2011,E01030229,2011 super output areas - lower layer,298,Age 85 to 89,0.0
2528,2011,E01030229,2011 super output areas - lower layer,298,Age 90 and over,0.0
2529,2011,E01030229,2011 super output areas - lower layer,298,Mean Age,
2530,2011,E01030229,2011 super output areas - lower layer,298,Median Age,0.5
2531,2011,E01030229,2011 super output areas - lower layer,298,All usual residents,0.0
2532,2011,E01030229,2011 super output areas - lower layer,298,Age 0 to 4,0.0
2533,2011,E01030229,2011 super output areas - lower layer,298,Age 5 to 7,0.0
2534,2011,E01030229,2011 super output areas - lower layer,298,Age 8 to 9,0.0
2535,2011,E01030229,2011 super output areas - lower layer,298,Age 10 to 14,0.0
2536,2011,E01030229,2011 super output areas - lower layer,298,Age 15,0.0
2537,2011,E01030229,2011 super output areas - lower layer,298,Age 16 to 17,0.0
2538,2011,E01030229,2011 super output areas - lower layer,298,Age 18 to 19,0.0
2539,2011,E01030229,2011 super output areas - lower layer,298,Age 20 to 24,0.0
2540,2011,E01030229,2011 super output areas - lower layer,298,Age 25 to 29,0.0
2541,2011,E01030229,2011 super output areas - lower layer,298,Age 30 to 44,0.0
2542,2011,E01030229,2011 super output areas - lower layer,298,Age 45 to 59,0.0
2543,2011,E01030229,2011 super output areas - lower layer,298,Age 60 to 64,0.0
2544,2011,E01030229,2011 super output areas - lower layer,298,Age 65 to 74,0.0
2545,2011,E01030229,2011 super output areas - lower layer,298,Age 75 to 84,0.0
2546,2011,E01030229,2011 super output areas - lower layer,298,Age 85 to 89,0.0
2547,2011,E01030229,2011 super output areas - lower layer,298,Age 90 and over,0.0
2548,2011,E01030229,2011 super output areas - lower layer,298,Mean Age,
2549,2011,E01030229,2011 super output areas - lower layer,298,Median Age,0.5
2550,2011,E01030229,2011 super output areas - lower layer,298,All usual residents,0.0
2551,2011,E01030229,2011 super output areas - lower layer,298,Age 0 to 4,0.0
2552,2011,E01030229,2011 super output areas - lower layer,298,Age 5 to 7,0.0
2553,2011,E01030229,2011 super output areas - lower layer,298,Age 8 to 9,0.0
2554,2011,E01030229,2011 super output areas - lower layer,298,Age 10 to 14,0.0
2555,2011,E01030229,2011 super output areas - lower layer,298,Age 15,0.0
2556,2011,E01030229,2011 super output areas - lower layer,298,Age 16 to 17,0.0
2557,2011,E01030229,2011 super output areas - lower layer,298,Age 18 to 19,0.0
2558,2011,E01030229,2011 super output areas - lower layer,298,Age 20 to 24,0.0
2559,2011,E01030229,2011 super output areas - lower layer,298,Age 25 to 29,0.0
2560,2011,E01030229,2011 super output areas - lower layer,298,Age 30 to 44,0.0
2561,2011,E01030229,2011 super output areas - lower layer,298,Age 45 to 59,0.0
2562,2011,E01030229,2011 super output areas - lower layer,298,Age 60 to 64,0.0
2563,2011,E01030229,2011 super output areas - lower layer,298,Age 65 to 74,0.0
2564,2011,E01030229,2011 super output areas - lower layer,298,Age 75 to 84,0.0
2565,2011,E01030229,2011 super output areas - lower layer,298,Age 85 to 89,0.0
2566,2011,E01030229,2011 super output areas - lower layer,298,Age 90 and over,0.0
2567,2011,E01030229,2011 super output areas - lower layer,298,Mean Age,
2568,2011,E01030229,2011 super output areas - lower layer,298,Median Age,0.5
2569,2011,E01030229,2011 super output areas - lower layer,298,All usual residents,0.0
2570,2011,E01030229,2011 super output areas - lower layer,298,Age 0 to 4,0.0
2571,2011,E01030229,2011 super output areas - lower layer,298,Age 5 to 7,0.0
2572,2011,E01030229,2011 super output areas - lower layer,298,Age 8 to 9,0.0
2573,2011,E01030229,2011 super output areas - lower layer,298,Age 10 to 14,0.0
2574,2011,E01030229,2011 super output areas - lower layer,298,Age 15,0.0
2575,2011,E01030229,2011 super output areas - lower layer,298,Age 16 to 17,0.0
2576,2011,E01030229,2011 super output areas - lower layer,298,Age 18 to 19,0.0
2577,2011,E01030229,2011 super output areas - lower layer,298,Age 20 to 24,0.0
2578,2011,E01030229,2011 super output areas - lower layer,298,Age 25 to 29,0.0
2579,2011,E01030229,2011 super output areas - lower layer,298,Age 30 to 44,0.0
2580,2011,E01030229,2011 super output areas - lower layer,298,Age 45 to 59,0.0
2581,2011,E01030229,2011 super output areas - lower layer,298,Age 60 to 64,0.0
2582,2011,E01030229,2011 super output areas - lower layer,298,Age 65 to 74,0.0
2583,2011,E01030229,2011 super output areas - lower layer,298,Age 75 to 84,0.0
2584,2011,E01030229,2011 super output areas - lower layer,298,Age 85 to 89,0.0
2585,2011,E01030229,2011 super output areas - lower layer,298,Age 90 and over,0.0
2586,2011,E01030229,2011 super output areas - lower layer,298,Mean Age,
2587,2011,E01030229,2011 super output areas - lower layer,298,Median Age,0.5
2588,2011,E01030229,2011 super output areas - lower layer,298,All usual residents,0.0
2589,2011,E01030229,2011 super output areas - lower layer,298,Age 0 to 4,0.0
2590,2011,E01030229,2011 super output areas - lower layer,298,Age 5 to 7,0.0
2591,2011,E01030229,2011 super output areas - lower layer,298,Age 8 to 9,0.0
2592,2011,E01030229,2011 super output areas - lower layer,298,Age 10 to 14,0.0
2593,2011,E01030229,2011 super output areas - lower layer,298,Age 15,0.0
2594,2011,E01030229,2011 super output areas - lower layer,298,Age 16 to 17,0.0
2595,2011,E01030229,2011 super output areas - lower layer,298,Age 18 to 19,0.0
2596,2011,E01030229,2011 super output areas - lower layer,298,Age 20 to 24,0.0
2597,2011,E01030229,2011 super output areas - lower layer,298,Age 25 to 29,0.0
2598,2011,E01030229,2011 super output areas - lower layer,298,Age 30 to 44,0.0
2599,2011,E01030229,2011 super output areas - lower layer,298,Age 45 to 59,0.0
2600,2011,E01030229,2011 super output areas - lower layer,298,Age 60 to 64,0.0
2601,2011,E01030229,2011 super output areas - lower layer,298,Age 65 to 74,0.0
2602,2011,E01030229,2011 super output areas - lower layer,298,Age 75 to 84,0.0
2603,2011,E01030229,2011 super output areas - lower layer,298,Age 85 to 89,0.0
2604,2011,E01030229,2011 super output areas - lower layer,298,Age 90 and over,0.0
2605,2011,E01030229,2011 super output areas - lower layer,298,Mean Age,
2606,2011,E01030229,2011 super output areas - lower layer,298,Median Age,0.5
2607,2011,E01030229,2011 super output areas - lower layer,298,All usual residents,0.0
2608,2011,E01030229,2011 super output areas - lower layer,298,Age 0 to 4,0.0
2609,2011,E01030229,2011 super output areas - lower layer,298,Age 5 to 7,0.0
2610,2011,E01030229,2011 super output areas - lower layer,298,Age 8 to 9,0.0
2611,2011,E01030229,2011 super output areas - lower layer,298,Age 10 to 14,0.0
2612,2011,E01030229,2011 super output areas - lower layer,298,Age 15,0.0
2613,2011,E01030229,2011 super output areas - lower layer,298,Age 16 to 17,0.0
2614,2011,E01030229,2011 super output areas - lower layer,298,Age 18 to 19,0.0
2615,2011,E01030229,2011 super output areas - lower layer,298,Age 20 to 24,0.0
2616,2011,E01030229,2011 super output areas - lower layer,298,Age 25 to 29,0.0
2617,2011,E01030229,2011 super output areas - lower layer,298,Age 30 to 44,0.0
2618,2011,E01030229,2011 super output areas - lower layer,298,Age 45 to 59,0.0
2619,2011,E01030229,2011 super output areas - lower layer,298,Age 60 to 64,0.0
2620,2011,E01030229,2011 super output areas - lower layer,298,Age 65 to 74,0.0
2621,2011,E01030229,2011 super output areas - lower layer,298,Age 75 to 84,0.0
2622,2011,E01030229,2011 super output areas - lower layer,298,Age 85 to 89,0.0
2623,2011,E01030229,2011 super output areas - lower layer,298,Age 90 and over,0.0
2624,2011,E01030229,2011 super output areas - lower layer,298,Mean Age,
2625,2011,E01030229,2011 super output areas - lower layer,298,Median Age,0.5
2626,2011,E01030229,2011 super output areas - lower layer,298,All usual residents,0.0
2627,2011,E01030229,2011 super output areas - lower layer,298,Age 0 to 4,0.0
2628,2011,E01030229,2011 super output areas - lower layer,298,Age 5 to 7,0.0
2629,2011,E01030229,2011 super output areas - lower layer,298,Age 8 to 9,0.0
2630,2011,E01030229,2011 super output areas - lower layer,298,Age 10 to 14,0.0
2631,2011,E01030229,2011 super output areas - lower layer,298,Age 15,0.0
2632,2011,E01030229,2011 super output areas - lower layer,298,Age 16 to 17,0.0
2633,2011,E01030229,2011 super output areas - lower layer,298,Age 18 to 19,0.0
2634,2011,E01030229,2011 super output areas - lower layer,298,Age 20 to 24,0.0
2635,2011,E01030229,2011 super output areas - lower layer,298,Age 25 to 29,0.0
2636,2011,E01030229,2011 super output areas - lower layer,298,Age 30 to 44,0.0
2637,2011,E01030229,2011 super output areas - lower layer,298,Age 45 to 59,0.0
2638,2011,E01030229,2011 super output areas - lower layer,298,Age 60 to 64,0.0
2639,2011,E01030229,2011 super output areas - lower layer,298,Age 65 to 74,0.0
2640,2011,E01030229,2011 super output areas - lower layer,298,Age 75 to 84,0.0
2641,2011,E01030229,2011 super output areas - lower layer,298,Age 85 to 89,0.0
2642,2011,E01030229,2011 super output areas - lower layer,298,Age 90 and over,0.0
2643,2011,E01030229,2011 super output areas - lower layer,298,Mean Age,
2644,2011,E01030229,2011 super output areas - lower layer,298,Median Age,0.5
2645,2011,E01030229,2011 super output areas - lower layer,298,All usual residents,0.0
2646,2011,E01030229,2011 super output areas - lower layer,298,Age 0 to 4,0.0
2647,2011,E01030229,2011 super output areas - lower layer,298,Age 5 to 7,0.0
2648,2011,E01030229,2011 super output areas - lower layer,298,Age 8 to 9,0.0
2649,2011,E01030229,2011 super output areas - lower layer,298,Age 10 to 14,0.0
2650,2011,E01030229,2011 super output areas - lower layer,298,Age 15,0.0
2651,2011,E01030229,2011 super output areas - lower layer,298,Age 16 to 17,0.0
2652,2011,E01030229,2011 super output areas - lower layer,298,Age 18 to 19,0.0
2653,2011,E01030229,2011 super output areas - lower layer,298,Age 20 to 24,0.0
2654,2011,E01030229,2011 super output areas - lower layer,298,Age 25 to 29,0.0
2655,2011,E01030229,2011 super output areas - lower layer,298,Age 30 to 44,0.0
2656,2011,E01030229,2011 super output areas - lower layer,298,Age 45 to 59,0.0
2657,2011,E01030229,2011 super output areas - lower layer,298,Age 60 to 64,0.0
2658,2011,E01030229,2011 super output areas - lower layer,298,Age 65 to 74,0.0
2659,2011,E01030229,2011 super output areas - lower layer,298,Age 75 to 84,0.0
2660,2011,E01030229,2011 super output areas - lower layer,298,Age 85 to 89,0.0
2661,2011,E01030229,2011 super output areas - lower layer,298,Age 90 and over,0.0
2662,2011,E01030229,2011 super output areas - lower layer,298,Mean Age,
2663,2011,E01030229,2011 super output areas - lower layer,298,Median Age,0.5
2664,2011,E01030229,2011 super output areas - lower layer,298,All usual residents,0.0
2665,2011,E01030229,2011 super output areas - lower layer,298,Age 0 to 4,0.0
2666,2011,E01030229,2011 super output areas - lower layer,298,Age 5 to 7,0.0
2667,2011,E01030229,2011 super output areas - lower layer,298,Age 8 to 9,0.0
2668,2011,E01030229,2011 super output areas - lower layer,298,Age 10 to 14,0.0
2669,2011,E01030229,2011 super output areas - lower layer,298,Age 15,0.0
2670,2011,E01030229,2011 super output areas - lower layer,298,Age 16 to 17,0.0
2671,2011,E01030229,2011 super output areas - lower layer,298,Age 18 to 19,0.0
2672,2011,E01030229,2011 super output areas - lower layer,298,Age 20 to 24,0.0
2673,2011,E01030229,2011 super output areas - lower layer,298,Age 25 to 29,0.0
2674,2011,E01030229,2011 super output areas - lower layer,298,Age 30 to 44,0.0
2675,2011,E01030229,2011 super output areas - lower layer,298,Age 45 to 59,0.0
2676,2011,E01030229,2011 super output areas - lower layer,298,Age 60 to 64,0.0
2677,2011,E01030229,2011 super output areas - lower layer,298,Age 65 to 74,0.0
2678,2011,E01030229,2011 super output areas - lower layer,298,Age 75 to 84,0.0
2679,2011,E01030229,2011 super output areas - lower layer,298,Age 85 to 89,0.0
2680,2011,E01030229,2011 super output areas - lower layer,298,Age 90 and over,0.0
2681,2011,E01030229,2011 super output areas - lower layer,298,Mean Age,
2682,2011,E01030229,2011 super output areas - lower layer,298,Median Age,0.5
2683,2011,E01030229,2011 super output areas - lower layer,298,All usual residents,0.0
2684,2011,E01030229,2011 super output areas - lower layer,298,Age 0 to 4,0.0
2685,2011,E01030229,2011 super output areas - lower layer,298,Age 5 to 7,0.0
2686,2011,E01030229,2011 super output areas - lower layer,298,Age 8 to 9,0.0
2687,2011,E01030229,2011 super output areas - lower layer,298,Age 10 to 14,0.0
2688,2011,E01030229,2011 super output areas - lower layer,298,Age 15,0.0
2689,2011,E01030229,2011 super output areas - lower layer,298,Age 16 to 17,0.0
2690,2011,E01030229,2011 super output areas - lower layer,298,Age 18 to 19,0.0
2691,2011,E01030229,2011 super output areas - lower layer,298,Age 20 to 24,0.0
2692,2011,E01030229,2011 super output areas - lower layer,298,Age 25 to 29,0.0
2693,2011,E01030229,2011 super output areas - lower layer,298,Age 30 to 44,0.0
2694,2011,E01030229,2011 super output areas - lower layer,298,Age 45 to 59,0.0
2695,2011,E01030229,2011 super output areas - lower layer,298,Age 60 to 64,0.0
2696,2011,E01030229,2011 super output areas - lower layer,298,Age 65 to 74,0.0
2697,2011,E01030229,2011 super output areas - lower layer,298,Age 75 to 84,0.0
2698,2011,E01030229,2011 super output areas - lower layer,298,Age 85 to 89,0.0
2699,2011,E01030229,2011 super output areas - lower layer,298,Age 90 and over,0.0
2700,2011,E01030229,2011 super output areas - lower layer,298,Mean Age,
2701,2011,E01030229,2011 super output areas - lower layer,298,Median Age,0.5
2702,2011,E01030229,2011 super output areas - lower layer,298,All usual residents,0.0
2703,2011,E01030229,2011 super output areas - lower layer,298,Age 0 to 4,0.0
2704,2011,E01030229,2011 super output areas - lower layer,298,Age 5 to 7,0.0
2705,2011,E01030229,2011 super output areas - lower layer,298,Age 8 to 9,0.0
2706,2011,E01030229,2011 super output areas - lower layer,298,Age 10 to 14,0.0
2707,2011,E01030229,2011 super output areas - lower layer,298,Age 15,0.0
2708,2011,E01030229,2011 super output areas - lower layer,298,Age 16 to 17,0.0
2709,2011,E01030229,2011 super output areas - lower layer,298,Age 18 to 19,0.0
2710,2011,E01030229,2011 super output areas - lower layer,298,Age 20 to 24,0.0
2711,2011,E01030229,2011 super output areas - lower layer,298,Age 25 to 29,0.0
2712,2011,E01030229,2011 super output areas - lower layer,298,Age 30 to 44,0.0
2713,2011,E01030229,2011 super output areas - lower layer,298,Age 45 to 59,0.0
2714,2011,E01030229,2011 super output areas - lower layer,298,Age 60 to 64,0.0
2715,2011,E01030229,2011 super output areas - lower layer,298,Age 65 to 74,0.0
2716,2011,E01030229,2011 super output areas - lower layer,298,Age 75 to 84,0.0
2717,2011,E01030229,2011 super output areas - lower layer,298,Age 85 to 89,0.0
2718,2011,E01030229,2011 super output areas - lower layer,298,Age 90 and over,0.0
2719,2011,E01030229,2011 super output areas - lower layer,298,Mean Age,
2720,2011,E01030229,2011 super output areas - lower layer,298,Median Age,0.5
2721,2011,E01030243,2011 super output areas - lower layer,298,All usual residents,1461.0
2722,2011,E01030243,2011 super output areas - lower layer,298,Age 0 to 4,83.0
2723,2011,E01030243,2011 super output areas - lower layer,298,Age 5 to 7,42.0
2724,2011,E01030243,2011 super output areas - lower layer,298,Age 8 to 9,22.0
2725,2011,E01030243,2011 super output areas - lower layer,298,Age 10 to 14,83.0
2726,2011,E01030243,2011 super output areas - lower layer,298,Age 15,19.0
2727,2011,E01030243,2011 super output areas - lower layer,298,Age 16 to 17,38.0
2728,2011,E01030243,2011 super output areas - lower layer,298,Age 18 to 19,34.0
2729,2011,E01030243,2011 super output areas - lower layer,298,Age 20 to 24,77.0
2730,2011,E01030243,2011 super output areas - lower layer,298,Age 25 to 29,66.0
2731,2011,E01030243,2011 super output areas - lower layer,298,Age 30 to 44,241.0
2732,2011,E01030243,2011 super output areas - lower layer,298,Age 45 to 59,274.0
2733,2011,E01030243,2011 super output areas - lower layer,298,Age 60 to 64,104.0
2734,2011,E01030243,2011 super output areas - lower layer,298,Age 65 to 74,196.0
2735,2011,E01030243,2011 super output areas - lower layer,298,Age 75 to 84,123.0
2736,2011,E01030243,2011 super output areas - lower layer,298,Age 85 to 89,38.0
2737,2011,E01030243,2011 super output areas - lower layer,298,Age 90 and over,21.0
2738,2011,E01030243,2011 super output areas - lower layer,298,Mean Age,44.4
2739,2011,E01030243,2011 super output areas - lower layer,298,Median Age,46.0
2740,2011,E01030243,2011 super output areas - lower layer,298,All usual residents,0.0
2741,2011,E01030243,2011 super output areas - lower layer,298,Age 0 to 4,0.0
2742,2011,E01030243,2011 super output areas - lower layer,298,Age 5 to 7,0.0
2743,2011,E01030243,2011 super output areas - lower layer,298,Age 8 to 9,0.0
2744,2011,E01030243,2011 super output areas - lower layer,298,Age 10 to 14,0.0
2745,2011,E01030243,2011 super output areas - lower layer,298,Age 15,0.0
2746,2011,E01030243,2011 super output areas - lower layer,298,Age 16 to 17,0.0
2747,2011,E01030243,2011 super output areas - lower layer,298,Age 18 to 19,0.0
2748,2011,E01030243,2011 super output areas - lower layer,298,Age 20 to 24,0.0
2749,2011,E01030243,2011 super output areas - lower layer,298,Age 25 to 29,0.0
2750,2011,E01030243,2011 super output areas - lower layer,298,Age 30 to 44,0.0
2751,2011,E01030243,2011 super output areas - lower layer,298,Age 45 to 59,0.0
2752,2011,E01030243,2011 super output areas - lower layer,298,Age 60 to 64,0.0
2753,2011,E01030243,2011 super output areas - lower layer,298,Age 65 to 74,0.0
2754,2011,E01030243,2011 super output areas - lower layer,298,Age 75 to 84,0.0
2755,2011,E01030243,2011 super output areas - lower layer,298,Age 85 to 89,0.0
2756,2011,E01030243,2011 super output areas - lower layer,298,Age 90 and over,0.0
2757,2011,E01030243,2011 super output areas - lower layer,298,Mean Age,
2758,2011,E01030243,2011 super output areas - lower layer,298,Median Age,0.5
2759,2011,E01030243,2011 super output areas - lower layer,298,All usual residents,0.0
2760,2011,E01030243,2011 super output areas - lower layer,298,Age 0 to 4,0.0
2761,2011,E01030243,2011 super output areas - lower layer,298,Age 5 to 7,0.0
2762,2011,E01030243,2011 super output areas - lower layer,298,Age 8 to 9,0.0
2763,2011,E01030243,2011 super output areas - lower layer,298,Age 10 to 14,0.0
2764,2011,E01030243,2011 super output areas - lower layer,298,Age 15,0.0
2765,2011,E01030243,2011 super output areas - lower layer,298,Age 16 to 17,0.0
2766,2011,E01030243,2011 super output areas - lower layer,298,Age 18 to 19,0.0
2767,2011,E01030243,2011 super output areas - lower layer,298,Age 20 to 24,0.0
2768,2011,E01030243,2011 super output areas - lower layer,298,Age 25 to 29,0.0
2769,2011,E01030243,2011 super output areas - lower layer,298,Age 30 to 44,0.0
2770,2011,E01030243,2011 super output areas - lower layer,298,Age 45 to 59,0.0
2771,2011,E01030243,2011 super output areas - lower layer,298,Age 60 to 64,0.0
2772,2011,E01030243,2011 super output areas - lower layer,298,Age 65 to 74,0.0
2773,2011,E01030243,2011 super output areas - lower layer,298,Age 75 to 84,0.0
2774,2011,E01030243,2011 super output areas - lower layer,298,Age 85 to 89,0.0
2775,2011,E01030243,2011 super output areas - lower layer,298,Age 90 and over,0.0
2776,2011,E01030243,2011 super output areas - lower layer,298,Mean Age,
2777,2011,E01030243,2011 super output areas - lower layer,298,Median Age,0.5
2778,2011,E01030243,2011 super output areas - lower layer,298,All usual residents,0.0
2779,2011,E01030243,2011 super output areas - lower layer,298,Age 0 to 4,0.0
2780,2011,E01030243,2011 super output areas - lower layer,298,Age 5 to 7,0.0
2781,2011,E01030243,2011 super output areas - lower layer,298,Age 8 to 9,0.0
2782,2011,E01030243,2011 super output areas - lower layer,298,Age 10 to 14,0.0
2783,2011,E01030243,2011 super output areas - lower layer,298,Age 15,0.0
2784,2011,E01030243,2011 super output areas - lower layer,298,Age 16 to 17,0.0
2785,2011,E01030243,2011 super output areas - lower layer,298,Age 18 to 19,0.0
2786,2011,E01030243,2011 super output areas - lower layer,298,Age 20 to 24,0.0
2787,2011,E01030243,2011 super output areas - lower layer,298,Age 25 to 29,0.0
2788,2011,E01030243,2011 super output areas - lower layer,298,Age 30 to 44,0.0
2789,2011,E01030243,2011 super output areas - lower layer,298,Age 45 to 59,0.0
2790,2011,E01030243,2011 super output areas - lower layer,298,Age 60 to 64,0.0
2791,2011,E01030243,2011 super output areas - lower layer,298,Age 65 to 74,0.0
2792,2011,E01030243,2011 super output areas - lower layer,298,Age 75 to 84,0.0
2793,2011,E01030243,2011 super output areas - lower layer,298,Age 85 to 89,0.0
2794,2011,E01030243,2011 super output areas - lower layer,298,Age 90 and over,0.0
2795,2011,E01030243,2011 super output areas - lower layer,298,Mean Age,
2796,2011,E01030243,2011 super output areas - lower layer,298,Median Age,0.5
2797,2011,E01030243,2011 super output areas - lower layer,298,All usual residents,0.0
2798,2011,E01030243,2011 super output areas - lower layer,298,Age 0 to 4,0.0
2799,2011,E01030243,2011 super output areas - lower layer,298,Age 5 to 7,0.0
2800,2011,E01030243,2011 super output areas - lower layer,298,Age 8 to 9,0.0
2801,2011,E01030243,2011 super output areas - lower layer,298,Age 10 to 14,0.0
2802,2011,E01030243,2011 super output areas - lower layer,298,Age 15,0.0
2803,2011,E01030243,2011 super output areas - lower layer,298,Age 16 to 17,0.0
2804,2011,E01030243,2011 super output areas - lower layer,298,Age 18 to 19,0.0
2805,2011,E01030243,2011 super output areas - lower layer,298,Age 20 to 24,0.0
2806,2011,E01030243,2011 super output areas - lower layer,298,Age 25 to 29,0.0
2807,2011,E01030243,2011 super output areas - lower layer,298,Age 30 to 44,0.0
2808,2011,E01030243,2011 super output areas - lower layer,298,Age 45 to 59,0.0
2809,2011,E01030243,2011 super output areas - lower layer,298,Age 60 to 64,0.0
2810,2011,E01030243,2011 super output areas - lower layer,298,Age 65 to 74,0.0
2811,2011,E01030243,2011 super output areas - lower layer,298,Age 75 to 84,0.0
2812,2011,E01030243,2011 super output areas - lower layer,298,Age 85 to 89,0.0
2813,2011,E01030243,2011 super output areas - lower layer,298,Age 90 and over,0.0
2814,2011,E01030243,2011 super output areas - lower layer,298,Mean Age,
2815,2011,E01030243,2011 super output areas - lower layer,298,Median Age,0.5
2816,2011,E01030243,2011 super output areas - lower layer,298,All usual residents,0.0
2817,2011,E01030243,2011 super output areas - lower layer,298,Age 0 to 4,0.0
2818,2011,E01030243,2011 super output areas - lower layer,298,Age 5 to 7,0.0
2819,2011,E01030243,2011 super output areas - lower layer,298,Age 8 to 9,0.0
2820,2011,E01030243,2011 super output areas - lower layer,298,Age 10 to 14,0.0
2821,2011,E01030243,2011 super output areas - lower layer,298,Age 15,0.0
2822,2011,E01030243,2011 super output areas - lower layer,298,Age 16 to 17,0.0
2823,2011,E01030243,2011 super output areas - lower layer,298,Age 18 to 19,0.0
2824,2011,E01030243,2011 super output areas - lower layer,298,Age 20 to 24,0.0
2825,2011,E01030243,2011 super output areas - lower layer,298,Age 25 to 29,0.0
2826,2011,E01030243,2011 super output areas - lower layer,298,Age 30 to 44,0.0
2827,2011,E01030243,2011 super output areas - lower layer,298,Age 45 to 59,0.0
2828,2011,E01030243,2011 super output areas - lower layer,298,Age 60 to 64,0.0
2829,2011,E01030243,2011 super output areas - lower layer,298,Age 65 to 74,0.0
2830,2011,E01030243,2011 super output areas - lower layer,298,Age 75 to 84,0.0
2831,2011,E01030243,2011 super output areas - lower layer,298,Age 85 to 89,0.0
2832,2011,E01030243,2011 super output areas - lower layer,298,Age 90 and over,0.0
2833,2011,E01030243,2011 super output areas - lower layer,298,Mean Age,
2834,2011,E01030243,2011 super output areas - lower layer,298,Median Age,0.5
2835,2011,E01030243,2011 super output areas - lower layer,298,All usual residents,0.0
2836,2011,E01030243,2011 super output areas - lower layer,298,Age 0 to 4,0.0
2837,2011,E01030243,2011 super output areas - lower layer,298,Age 5 to 7,0.0
2838,2011,E01030243,2011 super output areas - lower layer,298,Age 8 to 9,0.0
2839,2011,E01030243,2011 super output areas - lower layer,298,Age 10 to 14,0.0
2840,2011,E01030243,2011 super output areas - lower layer,298,Age 15,0.0
2841,2011,E01030243,2011 super output areas - lower layer,298,Age 16 to 17,0.0
2842,2011,E01030243,2011 super output areas - lower layer,298,Age 18 to 19,0.0
2843,2011,E01030243,2011 super output areas - lower layer,298,Age 20 to 24,0.0
2844,2011,E01030243,2011 super output areas - lower layer,298,Age 25 to 29,0.0
2845,2011,E01030243,2011 super output areas - lower layer,298,Age 30 to 44,0.0
2846,2011,E01030243,2011 super output areas - lower layer,298,Age 45 to 59,0.0
2847,2011,E01030243,2011 super output areas - lower layer,298,Age 60 to 64,0.0
2848,2011,E01030243,2011 super output areas - lower layer,298,Age 65 to 74,0.0
2849,2011,E01030243,2011 super output areas - lower layer,298,Age 75 to 84,0.0
2850,2011,E01030243,2011 super output areas - lower layer,298,Age 85 to 89,0.0
2851,2011,E01030243,2011 super output areas - lower layer,298,Age 90 and over,0.0
2852,2011,E01030243,2011 super output areas - lower layer,298,Mean Age,
2853,2011,E01030243,2011 super output areas - lower layer,298,Median Age,0.5
2854,2011,E01030243,2011 super output areas - lower layer,298,All usual residents,0.0
2855,2011,E01030243,2011 super output areas - lower layer,298,Age 0 to 4,0.0
2856,2011,E01030243,2011 super output areas - lower layer,298,Age 5 to 7,0.0
2857,2011,E01030243,2011 super output areas - lower layer,298,Age 8 to 9,0.0
2858,2011,E01030243,2011 super output areas - lower layer,298,Age 10 to 14,0.0
2859,2011,E01030243,2011 super output areas - lower layer,298,Age 15,0.0
2860,2011,E01030243,2011 super output areas - lower layer,298,Age 16 to 17,0.0
2861,2011,E01030243,2011 super output areas - lower layer,298,Age 18 to 19,0.0
2862,2011,E01030243,2011 super output areas - lower layer,298,Age 20 to 24,0.0
2863,2011,E01030243,2011 super output areas - lower layer,298,Age 25 to 29,0.0
2864,2011,E01030243,2011 super output areas - lower layer,298,Age 30 to 44,0.0
2865,2011,E01030243,2011 super output areas - lower layer,298,Age 45 to 59,0.0
2866,2011,E01030243,2011 super output areas - lower layer,298,Age 60 to 64,0.0
2867,2011,E01030243,2011 super output areas - lower layer,298,Age 65 to 74,0.0
2868,2011,E01030243,2011 super output areas - lower layer,298,Age 75 to 84,0.0
2869,2011,E01030243,2011 super output areas - lower layer,298,Age 85 to 89,0.0
2870,2011,E01030243,2011 super output areas - lower layer,298,Age 90 and over,0.0
2871,2011,E01030243,2011 super output areas - lower layer,298,Mean Age,
2872,2011,E01030243,2011 super output areas - lower layer,298,Median Age,0.5
2873,2011,E01030243,2011 super output areas - lower layer,298,All usual residents,0.0
2874,2011,E01030243,2011 super output areas - lower layer,298,Age 0 to 4,0.0
2875,2011,E01030243,2011 super output areas - lower layer,298,Age 5 to 7,0.0
2876,2011,E01030243,2011 super output areas - lower layer,298,Age 8 to 9,0.0
2877,2011,E01030243,2011 super output areas - lower layer,298,Age 10 to 14,0.0
2878,2011,E01030243,2011 super output areas - lower layer,298,Age 15,0.0
2879,2011,E01030243,2011 super output areas - lower layer,298,Age 16 to 17,0.0
2880,2011,E01030243,2011 super output areas - lower layer,298,Age 18 to 19,0.0
2881,2011,E01030243,2011 super output areas - lower layer,298,Age 20 to 24,0.0
2882,2011,E01030243,2011 super output areas - lower layer,298,Age 25 to 29,0.0
2883,2011,E01030243,2011 super output areas - lower layer,298,Age 30 to 44,0.0
2884,2011,E01030243,2011 super output areas - lower layer,298,Age 45 to 59,0.0
2885,2011,E01030243,2011 super output areas - lower layer,298,Age 60 to 64,0.0
2886,2011,E01030243,2011 super output areas - lower layer,298,Age 65 to 74,0.0
2887,2011,E01030243,2011 super output areas - lower layer,298,Age 75 to 84,0.0
2888,2011,E01030243,2011 super output areas - lower layer,298,Age 85 to 89,0.0
2889,2011,E01030243,2011 super output areas - lower layer,298,Age 90 and over,0.0
2890,2011,E01030243,2011 super output areas - lower layer,298,Mean Age,
2891,2011,E01030243,2011 super output areas - lower layer,298,Median Age,0.5
2892,2011,E01030243,2011 super output areas - lower layer,298,All usual residents,0.0
2893,2011,E01030243,2011 super output areas - lower layer,298,Age 0 to 4,0.0
2894,2011,E01030243,2011 super output areas - lower layer,298,Age 5 to 7,0.0
2895,2011,E01030243,2011 super output areas - lower layer,298,Age 8 to 9,0.0
2896,2011,E01030243,2011 super output areas - lower layer,298,Age 10 to 14,0.0
2897,2011,E01030243,2011 super output areas - lower layer,298,Age 15,0.0
2898,2011,E01030243,2011 super output areas - lower layer,298,Age 16 to 17,0.0
2899,2011,E01030243,2011 super output areas - lower layer,298,Age 18 to 19,0.0
2900,2011,E01030243,2011 super output areas - lower layer,298,Age 20 to 24,0.0
2901,2011,E01030243,2011 super output areas - lower layer,298,Age 25 to 29,0.0
2902,2011,E01030243,2011 super output areas - lower layer,298,Age 30 to 44,0.0
2903,2011,E01030243,2011 super output areas - lower layer,298,Age 45 to 59,0.0
2904,2011,E01030243,2011 super output areas - lower layer,298,Age 60 to 64,0.0
2905,2011,E01030243,2011 super output areas - lower layer,298,Age 65 to 74,0.0
2906,2011,E01030243,2011 super output areas - lower layer,298,Age 75 to 84,0.0
2907,2011,E01030243,2011 super output areas - lower layer,298,Age 85 to 89,0.0
2908,2011,E01030243,2011 super output areas - lower layer,298,Age 90 and over,0.0
2909,2011,E01030243,2011 super output areas - lower layer,298,Mean Age,
2910,2011,E01030243,2011 super output areas - lower layer,298,Median Age,0.5
2911,2011,E01030243,2011 super output areas - lower layer,298,All usual residents,0.0
2912,2011,E01030243,2011 super output areas - lower layer,298,Age 0 to 4,0.0
2913,2011,E01030243,2011 super output areas - lower layer,298,Age 5 to 7,0.0
2914,2011,E01030243,2011 super output areas - lower layer,298,Age 8 to 9,0.0
2915,2011,E01030243,2011 super output areas - lower layer,298,Age 10 to 14,0.0
2916,2011,E01030243,2011 super output areas - lower layer,298,Age 15,0.0
2917,2011,E01030243,2011 super output areas - lower layer,298,Age 16 to 17,0.0
2918,2011,E01030243,2011 super output areas - lower layer,298,Age 18 to 19,0.0
2919,2011,E01030243,2011 super output areas - lower layer,298,Age 20 to 24,0.0
2920,2011,E01030243,2011 super output areas - lower layer,298,Age 25 to 29,0.0
2921,2011,E01030243,2011 super output areas - lower layer,298,Age 30 to 44,0.0
2922,2011,E01030243,2011 super output areas - lower layer,298,Age 45 to 59,0.0
2923,2011,E01030243,2011 super output areas - lower layer,298,Age 60 to 64,0.0
2924,2011,E01030243,2011 super output areas - lower layer,298,Age 65 to 74,0.0
2925,2011,E01030243,2011 super output areas - lower layer,298,Age 75 to 84,0.0
2926,2011,E01030243,2011 super output areas - lower layer,298,Age 85 to 89,0.0
2927,2011,E01030243,2011 super output areas - lower layer,298,Age 90 and over,0.0
2928,2011,E01030243,2011 super output areas - lower layer,298,Mean Age,
2929,2011,E01030243,2011 super output areas - lower layer,298,Median Age,0.5
2930,2011,E01030243,2011 super output areas - lower layer,298,All usual residents,0.0
2931,2011,E01030243,2011 super output areas - lower layer,298,Age 0 to 4,0.0
2932,2011,E01030243,2011 super output areas - lower layer,298,Age 5 to 7,0.0
2933,2011,E01030243,2011 super output areas - lower layer,298,Age 8 to 9,0.0
2934,2011,E01030243,2011 super output areas - lower layer,298,Age 10 to 14,0.0
2935,2011,E01030243,2011 super output areas - lower layer,298,Age 15,0.0
2936,2011,E01030243,2011 super output areas - lower layer,298,Age 16 to 17,0.0
2937,2011,E01030243,2011 super output areas - lower layer,298,Age 18 to 19,0.0
2938,2011,E01030243,2011 super output areas - lower layer,298,Age 20 to 24,0.0
2939,2011,E01030243,2011 super output areas - lower layer,298,Age 25 to 29,0.0
2940,2011,E01030243,2011 super output areas - lower layer,298,Age 30 to 44,0.0
2941,2011,E01030243,2011 super output areas - lower layer,298,Age 45 to 59,0.0
2942,2011,E01030243,2011 super output areas - lower layer,298,Age 60 to 64,0.0
2943,2011,E01030243,2011 super output areas - lower layer,298,Age 65 to 74,0.0
2944,2011,E01030243,2011 super output areas - lower layer,298,Age 75 to 84,0.0
2945,2011,E01030243,2011 super output areas - lower layer,298,Age 85 to 89,0.0
2946,2011,E01030243,2011 super output areas - lower layer,298,Age 90 and over,0.0
2947,2011,E01030243,2011 super output areas - lower layer,298,Mean Age,
2948,2011,E01030243,2011 super output areas - lower layer,298,Median Age,0.5
2949,2011,E01030243,2011 super output areas - lower layer,298,All usual residents,0.0
2950,2011,E01030243,2011 super output areas - lower layer,298,Age 0 to 4,0.0
2951,2011,E01030243,2011 super output areas - lower layer,298,Age 5 to 7,0.0
2952,2011,E01030243,2011 super output areas - lower layer,298,Age 8 to 9,0.0
2953,2011,E01030243,2011 super output areas - lower layer,298,Age 10 to 14,0.0
2954,2011,E01030243,2011 super output areas - lower layer,298,Age 15,0.0
2955,2011,E01030243,2011 super output areas - lower layer,298,Age 16 to 17,0.0
2956,2011,E01030243,2011 super output areas - lower layer,298,Age 18 to 19,0.0
2957,2011,E01030243,2011 super output areas - lower layer,298,Age 20 to 24,0.0
2958,2011,E01030243,2011 super output areas - lower layer,298,Age 25 to 29,0.0
2959,2011,E01030243,2011 super output areas - lower layer,298,Age 30 to 44,0.0
2960,2011,E01030243,2011 super output areas - lower layer,298,Age 45 to 59,0.0
2961,2011,E01030243,2011 super output areas - lower layer,298,Age 60 to 64,0.0
2962,2011,E01030243,2011 super output areas - lower layer,298,Age 65 to 74,0.0
2963,2011,E01030243,2011 super output areas - lower layer,298,Age 75 to 84,0.0
2964,2011,E01030243,2011 super output areas - lower layer,298,Age 85 to 89,0.0
2965,2011,E01030243,2011 super output areas - lower layer,298,Age 90 and over,0.0
2966,2011,E01030243,2011 super output areas - lower layer,298,Mean Age,
2967,2011,E01030243,2011 super output areas - lower layer,298,Median Age,0.5
2968,2011,E01030244,2011 super output areas - lower layer,298,All usual residents,1677.0
2969,2011,E01030244,2011 super output areas - lower layer,298,Age 0 to 4,46.0
2970,2011,E01030244,2011 super output areas - lower layer,298,Age 5 to 7,25.0
2971,2011,E01030244,2011 super output areas - lower layer,298,Age 8 to 9,21.0
2972,2011,E01030244,2011 super output areas - lower layer,298,Age 10 to 14,52.0
2973,2011,E01030244,2011 super output areas - lower layer,298,Age 15,15.0
2974,2011,E01030244,2011 super output areas - lower layer,298,Age 16 to 17,32.0
2975,2011,E01030244,2011 super output areas - lower layer,298,Age 18 to 19,36.0
2976,2011,E01030244,2011 super output areas - lower layer,298,Age 20 to 24,78.0
2977,2011,E01030244,2011 super output areas - lower layer,298,Age 25 to 29,71.0
2978,2011,E01030244,2011 super output areas - lower layer,298,Age 30 to 44,193.0
2979,2011,E01030244,2011 super output areas - lower layer,298,Age 45 to 59,332.0
2980,2011,E01030244,2011 super output areas - lower layer,298,Age 60 to 64,149.0
2981,2011,E01030244,2011 super output areas - lower layer,298,Age 65 to 74,246.0
2982,2011,E01030244,2011 super output areas - lower layer,298,Age 75 to 84,240.0
2983,2011,E01030244,2011 super output areas - lower layer,298,Age 85 to 89,85.0
2984,2011,E01030244,2011 super output areas - lower layer,298,Age 90 and over,56.0
2985,2011,E01030244,2011 super output areas - lower layer,298,Mean Age,52.9
2986,2011,E01030244,2011 super output areas - lower layer,298,Median Age,57.0
2987,2011,E01030244,2011 super output areas - lower layer,298,All usual residents,0.0
2988,2011,E01030244,2011 super output areas - lower layer,298,Age 0 to 4,0.0
2989,2011,E01030244,2011 super output areas - lower layer,298,Age 5 to 7,0.0
2990,2011,E01030244,2011 super output areas - lower layer,298,Age 8 to 9,0.0
2991,2011,E01030244,2011 super output areas - lower layer,298,Age 10 to 14,0.0
2992,2011,E01030244,2011 super output areas - lower layer,298,Age 15,0.0
2993,2011,E01030244,2011 super output areas - lower layer,298,Age 16 to 17,0.0
2994,2011,E01030244,2011 super output areas - lower layer,298,Age 18 to 19,0.0
2995,2011,E01030244,2011 super output areas - lower layer,298,Age 20 to 24,0.0
2996,2011,E01030244,2011 super output areas - lower layer,298,Age 25 to 29,0.0
2997,2011,E01030244,2011 super output areas - lower layer,298,Age 30 to 44,0.0
2998,2011,E01030244,2011 super output areas - lower layer,298,Age 45 to 59,0.0
2999,2011,E01030244,2011 super output areas - lower layer,298,Age 60 to 64,0.0
3000,2011,E01030244,2011 super output areas - lower layer,298,Age 65 to 74,0.0
3001,2011,E01030244,2011 super output areas - lower layer,298,Age 75 to 84,0.0
3002,2011,E01030244,2011 super output areas - lower layer,298,Age 85 to 89,0.0
3003,2011,E01030244,2011 super output areas - lower layer,298,Age 90 and over,0.0
3004,2011,E01030244,2011 super output areas - lower layer,298,Mean Age,
3005,2011,E01030244,2011 super output areas - lower layer,298,Median Age,0.5
3006,2011,E01030244,2011 super output areas - lower layer,298,All usual residents,0.0
3007,2011,E01030244,2011 super output areas - lower layer,298,Age 0 to 4,0.0
3008,2011,E01030244,2011 super output areas - lower layer,298,Age 5 to 7,0.0
3009,2011,E01030244,2011 super output areas - lower layer,298,Age 8 to 9,0.0
3010,2011,E01030244,2011 super output areas - lower layer,298,Age 10 to 14,0.0
3011,2011,E01030244,2011 super output areas - lower layer,298,Age 15,0.0
3012,2011,E01030244,2011 super output areas - lower layer,298,Age 16 to 17,0.0
3013,2011,E01030244,2011 super output areas - lower layer,298,Age 18 to 19,0.0
3014,2011,E01030244,2011 super output areas - lower layer,298,Age 20 to 24,0.0
3015,2011,E01030244,2011 super output areas - lower layer,298,Age 25 to 29,0.0
3016,2011,E01030244,2011 super output areas - lower layer,298,Age 30 to 44,0.0
3017,2011,E01030244,2011 super output areas - lower layer,298,Age 45 to 59,0.0
3018,2011,E01030244,2011 super output areas - lower layer,298,Age 60 to 64,0.0
3019,2011,E01030244,2011 super output areas - lower layer,298,Age 65 to 74,0.0
3020,2011,E01030244,2011 super output areas - lower layer,298,Age 75 to 84,0.0
3021,2011,E01030244,2011 super output areas - lower layer,298,Age 85 to 89,0.0
3022,2011,E01030244,2011 super output areas - lower layer,298,Age 90 and over,0.0
3023,2011,E01030244,2011 super output areas - lower layer,298,Mean Age,
3024,2011,E01030244,2011 super output areas - lower layer,298,Median Age,0.5
3025,2011,E01030244,2011 super output areas - lower layer,298,All usual residents,0.0
3026,2011,E01030244,2011 super output areas - lower layer,298,Age 0 to 4,0.0
3027,2011,E01030244,2011 super output areas - lower layer,298,Age 5 to 7,0.0
3028,2011,E01030244,2011 super output areas - lower layer,298,Age 8 to 9,0.0
3029,2011,E01030244,2011 super output areas - lower layer,298,Age 10 to 14,0.0
3030,2011,E01030244,2011 super output areas - lower layer,298,Age 15,0.0
3031,2011,E01030244,2011 super output areas - lower layer,298,Age 16 to 17,0.0
3032,2011,E01030244,2011 super output areas - lower layer,298,Age 18 to 19,0.0
3033,2011,E01030244,2011 super output areas - lower layer,298,Age 20 to 24,0.0
3034,2011,E01030244,2011 super output areas - lower layer,298,Age 25 to 29,0.0
3035,2011,E01030244,2011 super output areas - lower layer,298,Age 30 to 44,0.0
3036,2011,E01030244,2011 super output areas - lower layer,298,Age 45 to 59,0.0
3037,2011,E01030244,2011 super output areas - lower layer,298,Age 60 to 64,0.0
3038,2011,E01030244,2011 super output areas - lower layer,298,Age 65 to 74,0.0
3039,2011,E01030244,2011 super output areas - lower layer,298,Age 75 to 84,0.0
3040,2011,E01030244,2011 super output areas - lower layer,298,Age 85 to 89,0.0
3041,2011,E01030244,2011 super output areas - lower layer,298,Age 90 and over,0.0
3042,2011,E01030244,2011 super output areas - lower layer,298,Mean Age,
3043,2011,E01030244,2011 super output areas - lower layer,298,Median Age,0.5
3044,2011,E01030244,2011 super output areas - lower layer,298,All usual residents,0.0
3045,2011,E01030244,2011 super output areas - lower layer,298,Age 0 to 4,0.0
3046,2011,E01030244,2011 super output areas - lower layer,298,Age 5 to 7,0.0
3047,2011,E01030244,2011 super output areas - lower layer,298,Age 8 to 9,0.0
3048,2011,E01030244,2011 super output areas - lower layer,298,Age 10 to 14,0.0
3049,2011,E01030244,2011 super output areas - lower layer,298,Age 15,0.0
3050,2011,E01030244,2011 super output areas - lower layer,298,Age 16 to 17,0.0
3051,2011,E01030244,2011 super output areas - lower layer,298,Age 18 to 19,0.0
3052,2011,E01030244,2011 super output areas - lower layer,298,Age 20 to 24,0.0
3053,2011,E01030244,2011 super output areas - lower layer,298,Age 25 to 29,0.0
3054,2011,E01030244,2011 super output areas - lower layer,298,Age 30 to 44,0.0
3055,2011,E01030244,2011 super output areas - lower layer,298,Age 45 to 59,0.0
3056,2011,E01030244,2011 super output areas - lower layer,298,Age 60 to 64,0.0
3057,2011,E01030244,2011 super output areas - lower layer,298,Age 65 to 74,0.0
3058,2011,E01030244,2011 super output areas - lower layer,298,Age 75 to 84,0.0
3059,2011,E01030244,2011 super output areas - lower layer,298,Age 85 to 89,0.0
3060,2011,E01030244,2011 super output areas - lower layer,298,Age 90 and over,0.0
3061,2011,E01030244,2011 super output areas - lower layer,298,Mean Age,
3062,2011,E01030244,2011 super output areas - lower layer,298,Median Age,0.5
3063,2011,E01030244,2011 super output areas - lower layer,298,All usual residents,0.0
3064,2011,E01030244,2011 super output areas - lower layer,298,Age 0 to 4,0.0
3065,2011,E01030244,2011 super output areas - lower layer,298,Age 5 to 7,0.0
3066,2011,E01030244,2011 super output areas - lower layer,298,Age 8 to 9,0.0
3067,2011,E01030244,2011 super output areas - lower layer,298,Age 10 to 14,0.0
3068,2011,E01030244,2011 super output areas - lower layer,298,Age 15,0.0
3069,2011,E01030244,2011 super output areas - lower layer,298,Age 16 to 17,0.0
3070,2011,E01030244,2011 super output areas - lower layer,298,Age 18 to 19,0.0
3071,2011,E01030244,2011 super output areas - lower layer,298,Age 20 to 24,0.0
3072,2011,E01030244,2011 super output areas - lower layer,298,Age 25 to 29,0.0
3073,2011,E01030244,2011 super output areas - lower layer,298,Age 30 to 44,0.0
3074,2011,E01030244,2011 super output areas - lower layer,298,Age 45 to 59,0.0
3075,2011,E01030244,2011 super output areas - lower layer,298,Age 60 to 64,0.0
3076,2011,E01030244,2011 super output areas - lower layer,298,Age 65 to 74,0.0
3077,2011,E01030244,2011 super output areas - lower layer,298,Age 75 to 84,0.0
3078,2011,E01030244,2011 super output areas - lower layer,298,Age 85 to 89,0.0
3079,2011,E01030244,2011 super output areas - lower layer,298,Age 90 and over,0.0
3080,2011,E01030244,2011 super output areas - lower layer,298,Mean Age,
3081,2011,E01030244,2011 super output areas - lower layer,298,Median Age,0.5
3082,2011,E01030244,2011 super output areas - lower layer,298,All usual residents,0.0
3083,2011,E01030244,2011 super output areas - lower layer,298,Age 0 to 4,0.0
3084,2011,E01030244,2011 super output areas - lower layer,298,Age 5 to 7,0.0
3085,2011,E01030244,2011 super output areas - lower layer,298,Age 8 to 9,0.0
3086,2011,E01030244,2011 super output areas - lower layer,298,Age 10 to 14,0.0
3087,2011,E01030244,2011 super output areas - lower layer,298,Age 15,0.0
3088,2011,E01030244,2011 super output areas - lower layer,298,Age 16 to 17,0.0
3089,2011,E01030244,2011 super output areas - lower layer,298,Age 18 to 19,0.0
3090,2011,E01030244,2011 super output areas - lower layer,298,Age 20 to 24,0.0
3091,2011,E01030244,2011 super output areas - lower layer,298,Age 25 to 29,0.0
3092,2011,E01030244,2011 super output areas - lower layer,298,Age 30 to 44,0.0
3093,2011,E01030244,2011 super output areas - lower layer,298,Age 45 to 59,0.0
3094,2011,E01030244,2011 super output areas - lower layer,298,Age 60 to 64,0.0
3095,2011,E01030244,2011 super output areas - lower layer,298,Age 65 to 74,0.0
3096,2011,E01030244,2011 super output areas - lower layer,298,Age 75 to 84,0.0
3097,2011,E01030244,2011 super output areas - lower layer,298,Age 85 to 89,0.0
3098,2011,E01030244,2011 super output areas - lower layer,298,Age 90 and over,0.0
3099,2011,E01030244,2011 super output areas - lower layer,298,Mean Age,
3100,2011,E01030244,2011 super output areas - lower layer,298,Median Age,0.5
3101,2011,E01030244,2011 super output areas - lower layer,298,All usual residents,0.0
3102,2011,E01030244,2011 super output areas - lower layer,298,Age 0 to 4,0.0
3103,2011,E01030244,2011 super output areas - lower layer,298,Age 5 to 7,0.0
3104,2011,E01030244,2011 super output areas - lower layer,298,Age 8 to 9,0.0
3105,2011,E01030244,2011 super output areas - lower layer,298,Age 10 to 14,0.0
3106,2011,E01030244,2011 super output areas - lower layer,298,Age 15,0.0
3107,2011,E01030244,2011 super output areas - lower layer,298,Age 16 to 17,0.0
3108,2011,E01030244,2011 super output areas - lower layer,298,Age 18 to 19,0.0
3109,2011,E01030244,2011 super output areas - lower layer,298,Age 20 to 24,0.0
3110,2011,E01030244,2011 super output areas - lower layer,298,Age 25 to 29,0.0
3111,2011,E01030244,2011 super output areas - lower layer,298,Age 30 to 44,0.0
3112,2011,E01030244,2011 super output areas - lower layer,298,Age 45 to 59,0.0
3113,2011,E01030244,2011 super output areas - lower layer,298,Age 60 to 64,0.0
3114,2011,E01030244,2011 super output areas - lower layer,298,Age 65 to 74,0.0
3115,2011,E01030244,2011 super output areas - lower layer,298,Age 75 to 84,0.0
3116,2011,E01030244,2011 super output areas - lower layer,298,Age 85 to 89,0.0
3117,2011,E01030244,2011 super output areas - lower layer,298,Age 90 and over,0.0
3118,2011,E01030244,2011 super output areas - lower layer,298,Mean Age,
3119,2011,E01030244,2011 super output areas - lower layer,298,Median Age,0.5
3120,2011,E01030244,2011 super output areas - lower layer,298,All usual residents,0.0
3121,2011,E01030244,2011 super output areas - lower layer,298,Age 0 to 4,0.0
3122,2011,E01030244,2011 super output areas - lower layer,298,Age 5 to 7,0.0
3123,2011,E01030244,2011 super output areas - lower layer,298,Age 8 to 9,0.0
3124,2011,E01030244,2011 super output areas - lower layer,298,Age 10 to 14,0.0
3125,2011,E01030244,2011 super output areas - lower layer,298,Age 15,0.0
3126,2011,E01030244,2011 super output areas - lower layer,298,Age 16 to 17,0.0
3127,2011,E01030244,2011 super output areas - lower layer,298,Age 18 to 19,0.0
3128,2011,E01030244,2011 super output areas - lower layer,298,Age 20 to 24,0.0
3129,2011,E01030244,2011 super output areas - lower layer,298,Age 25 to 29,0.0
3130,2011,E01030244,2011 super output areas - lower layer,298,Age 30 to 44,0.0
3131,2011,E01030244,2011 super output areas - lower layer,298,Age 45 to 59,0.0
3132,2011,E01030244,2011 super output areas - lower layer,298,Age 60 to 64,0.0
3133,2011,E01030244,2011 super output areas - lower layer,298,Age 65 to 74,0.0
3134,2011,E01030244,2011 super output areas - lower layer,298,Age 75 to 84,0.0
3135,2011,E01030244,2011 super output areas - lower layer,298,Age 85 to 89,0.0
3136,2011,E01030244,2011 super output areas - lower layer,298,Age 90 and over,0.0
3137,2011,E01030244,2011 super output areas - lower layer,298,Mean Age,
3138,2011,E01030244,2011 super output areas - lower layer,298,Median Age,0.5
3139,2011,E01030244,2011 super output areas - lower layer,298,All usual residents,0.0
3140,2011,E01030244,2011 super output areas - lower layer,298,Age 0 to 4,0.0
3141,2011,E01030244,2011 super output areas - lower layer,298,Age 5 to 7,0.0
3142,2011,E01030244,2011 super output areas - lower layer,298,Age 8 to 9,0.0
3143,2011,E01030244,2011 super output areas - lower layer,298,Age 10 to 14,0.0
3144,2011,E01030244,2011 super output areas - lower layer,298,Age 15,0.0
3145,2011,E01030244,2011 super output areas - lower layer,298,Age 16 to 17,0.0
3146,2011,E01030244,2011 super output areas - lower layer,298,Age 18 to 19,0.0
3147,2011,E01030244,2011 super output areas - lower layer,298,Age 20 to 24,0.0
3148,2011,E01030244,2011 super output areas - lower layer,298,Age 25 to 29,0.0
3149,2011,E01030244,2011 super output areas - lower layer,298,Age 30 to 44,0.0
3150,2011,E01030244,2011 super output areas - lower layer,298,Age 45 to 59,0.0
3151,2011,E01030244,2011 super output areas - lower layer,298,Age 60 to 64,0.0
3152,2011,E01030244,2011 super output areas - lower layer,298,Age 65 to 74,0.0
3153,2011,E01030244,2011 super output areas - lower layer,298,Age 75 to 84,0.0
3154,2011,E01030244,2011 super output areas - lower layer,298,Age 85 to 89,0.0
3155,2011,E01030244,2011 super output areas - lower layer,298,Age 90 and over,0.0
3156,2011,E01030244,2011 super output areas - lower layer,298,Mean Age,
3157,2011,E01030244,2011 super output areas - lower layer,298,Median Age,0.5
3158,2011,E01030244,2011 super output areas - lower layer,298,All usual residents,0.0
3159,2011,E01030244,2011 super output areas - lower layer,298,Age 0 to 4,0.0
3160,2011,E01030244,2011 super output areas - lower layer,298,Age 5 to 7,0.0
3161,2011,E01030244,2011 super output areas - lower layer,298,Age 8 to 9,0.0
3162,2011,E01030244,2011 super output areas - lower layer,298,Age 10 to 14,0.0
3163,2011,E01030244,2011 super output areas - lower layer,298,Age 15,0.0
3164,2011,E01030244,2011 super output areas - lower layer,298,Age 16 to 17,0.0
3165,2011,E01030244,2011 super output areas - lower layer,298,Age 18 to 19,0.0
3166,2011,E01030244,2011 super output areas - lower layer,298,Age 20 to 24,0.0
3167,2011,E01030244,2011 super output areas - lower layer,298,Age 25 to 29,0.0
3168,2011,E01030244,2011 super output areas - lower layer,298,Age 30 to 44,0.0
3169,2011,E01030244,2011 super output areas - lower layer,298,Age 45 to 59,0.0
3170,2011,E01030244,2011 super output areas - lower layer,298,Age 60 to 64,0.0
3171,2011,E01030244,2011 super output areas - lower layer,298,Age 65 to 74,0.0
3172,2011,E01030244,2011 super output areas - lower layer,298,Age 75 to 84,0.0
3173,2011,E01030244,2011 super output areas - lower layer,298,Age 85 to 89,0.0
3174,2011,E01030244,2011 super output areas - lower layer,298,Age 90 and over,0.0
3175,2011,E01030244,2011 super output areas - lower layer,298,Mean Age,
3176,2011,E01030244,2011 super output areas - lower layer,298,Median Age,0.5
3177,2011,E01030244,2011 super output areas - lower layer,298,All usual residents,0.0
3178,2011,E01030244,2011 super output areas - lower layer,298,Age 0 to 4,0.0
3179,2011,E01030244,2011 super output areas - lower layer,298,Age 5 to 7,0.0
3180,2011,E01030244,2011 super output areas - lower layer,298,Age 8 to 9,0.0
3181,2011,E01030244,2011 super output areas - lower layer,298,Age 10 to 14,0.0
3182,2011,E01030244,2011 super output areas - lower layer,298,Age 15,0.0
3183,2011,E01030244,2011 super output areas - lower layer,298,Age 16 to 17,0.0
3184,2011,E01030244,2011 super output areas - lower layer,298,Age 18 to 19,0.0
3185,2011,E01030244,2011 super output areas - lower layer,298,Age 20 to 24,0.0
3186,2011,E01030244,2011 super output areas - lower layer,298,Age 25 to 29,0.0
3187,2011,E01030244,2011 super output areas - lower layer,298,Age 30 to 44,0.0
3188,2011,E01030244,2011 super output areas - lower layer,298,Age 45 to 59,0.0
3189,2011,E01030244,2011 super output areas - lower layer,298,Age 60 to 64,0.0
3190,2011,E01030244,2011 super output areas - lower layer,298,Age 65 to 74,0.0
3191,2011,E01030244,2011 super output areas - lower layer,298,Age 75 to 84,0.0
3192,2011,E01030244,2011 super output areas - lower layer,298,Age 85 to 89,0.0
3193,2011,E01030244,2011 super output areas - lower layer,298,Age 90 and over,0.0
3194,2011,E01030244,2011 super output areas - lower layer,298,Mean Age,
3195,2011,E01030244,2011 super output areas - lower layer,298,Median Age,0.5
3196,2011,E01030244,2011 super output areas - lower layer,298,All usual residents,0.0
3197,2011,E01030244,2011 super output areas - lower layer,298,Age 0 to 4,0.0
3198,2011,E01030244,2011 super output areas - lower layer,298,Age 5 to 7,0.0
3199,2011,E01030244,2011 super output areas - lower layer,298,Age 8 to 9,0.0
3200,2011,E01030244,2011 super output areas - lower layer,298,Age 10 to 14,0.0
3201,2011,E01030244,2011 super output areas - lower layer,298,Age 15,0.0
3202,2011,E01030244,2011 super output areas - lower layer,298,Age 16 to 17,0.0
3203,2011,E01030244,2011 super output areas - lower layer,298,Age 18 to 19,0.0
3204,2011,E01030244,2011 super output areas - lower layer,298,Age 20 to 24,0.0
3205,2011,E01030244,2011 super output areas - lower layer,298,Age 25 to 29,0.0
3206,2011,E01030244,2011 super output areas - lower layer,298,Age 30 to 44,0.0
3207,2011,E01030244,2011 super output areas - lower layer,298,Age 45 to 59,0.0
3208,2011,E01030244,2011 super output areas - lower layer,298,Age 60 to 64,0.0
3209,2011,E01030244,2011 super output areas - lower layer,298,Age 65 to 74,0.0
3210,2011,E01030244,2011 super output areas - lower layer,298,Age 75 to 84,0.0
3211,2011,E01030244,2011 super output areas - lower layer,298,Age 85 to 89,0.0
3212,2011,E01030244,2011 super output areas - lower layer,298,Age 90 and over,0.0
3213,2011,E01030244,2011 super output areas - lower layer,298,Mean Age,
3214,2011,E01030244,2011 super output areas - lower layer,298,Median Age,0.5
3215,2011,E01030245,2011 super output areas - lower layer,298,All usual residents,1588.0
3216,2011,E01030245,2011 super output areas - lower layer,298,Age 0 to 4,69.0
3217,2011,E01030245,2011 super output areas - lower layer,298,Age 5 to 7,28.0
3218,2011,E01030245,2011 super output areas - lower layer,298,Age 8 to 9,19.0
3219,2011,E01030245,2011 super output areas - lower layer,298,Age 10 to 14,88.0
3220,2011,E01030245,2011 super output areas - lower layer,298,Age 15,18.0
3221,2011,E01030245,2011 super output areas - lower layer,298,Age 16 to 17,33.0
3222,2011,E01030245,2011 super output areas - lower layer,298,Age 18 to 19,22.0
3223,2011,E01030245,2011 super output areas - lower layer,298,Age 20 to 24,71.0
3224,2011,E01030245,2011 super output areas - lower layer,298,Age 25 to 29,74.0
3225,2011,E01030245,2011 super output areas - lower layer,298,Age 30 to 44,202.0
3226,2011,E01030245,2011 super output areas - lower layer,298,Age 45 to 59,295.0
3227,2011,E01030245,2011 super output areas - lower layer,298,Age 60 to 64,116.0
3228,2011,E01030245,2011 super output areas - lower layer,298,Age 65 to 74,248.0
3229,2011,E01030245,2011 super output areas - lower layer,298,Age 75 to 84,225.0
3230,2011,E01030245,2011 super output areas - lower layer,298,Age 85 to 89,54.0
3231,2011,E01030245,2011 super output areas - lower layer,298,Age 90 and over,26.0
3232,2011,E01030245,2011 super output areas - lower layer,298,Mean Age,49.5
3233,2011,E01030245,2011 super output areas - lower layer,298,Median Age,53.0
3234,2011,E01030245,2011 super output areas - lower layer,298,All usual residents,0.0
3235,2011,E01030245,2011 super output areas - lower layer,298,Age 0 to 4,0.0
3236,2011,E01030245,2011 super output areas - lower layer,298,Age 5 to 7,0.0
3237,2011,E01030245,2011 super output areas - lower layer,298,Age 8 to 9,0.0
3238,2011,E01030245,2011 super output areas - lower layer,298,Age 10 to 14,0.0
3239,2011,E01030245,2011 super output areas - lower layer,298,Age 15,0.0
3240,2011,E01030245,2011 super output areas - lower layer,298,Age 16 to 17,0.0
3241,2011,E01030245,2011 super output areas - lower layer,298,Age 18 to 19,0.0
3242,2011,E01030245,2011 super output areas - lower layer,298,Age 20 to 24,0.0
3243,2011,E01030245,2011 super output areas - lower layer,298,Age 25 to 29,0.0
3244,2011,E01030245,2011 super output areas - lower layer,298,Age 30 to 44,0.0
3245,2011,E01030245,2011 super output areas - lower layer,298,Age 45 to 59,0.0
3246,2011,E01030245,2011 super output areas - lower layer,298,Age 60 to 64,0.0
3247,2011,E01030245,2011 super output areas - lower layer,298,Age 65 to 74,0.0
3248,2011,E01030245,2011 super output areas - lower layer,298,Age 75 to 84,0.0
3249,2011,E01030245,2011 super output areas - lower layer,298,Age 85 to 89,0.0
3250,2011,E01030245,2011 super output areas - lower layer,298,Age 90 and over,0.0
3251,2011,E01030245,2011 super output areas - lower layer,298,Mean Age,
3252,2011,E01030245,2011 super output areas - lower layer,298,Median Age,0.5
3253,2011,E01030245,2011 super output areas - lower layer,298,All usual residents,0.0
3254,2011,E01030245,2011 super output areas - lower layer,298,Age 0 to 4,0.0
3255,2011,E01030245,2011 super output areas - lower layer,298,Age 5 to 7,0.0
3256,2011,E01030245,2011 super output areas - lower layer,298,Age 8 to 9,0.0
3257,2011,E01030245,2011 super output areas - lower layer,298,Age 10 to 14,0.0
3258,2011,E01030245,2011 super output areas - lower layer,298,Age 15,0.0
3259,2011,E01030245,2011 super output areas - lower layer,298,Age 16 to 17,0.0
3260,2011,E01030245,2011 super output areas - lower layer,298,Age 18 to 19,0.0
3261,2011,E01030245,2011 super output areas - lower layer,298,Age 20 to 24,0.0
3262,2011,E01030245,2011 super output areas - lower layer,298,Age 25 to 29,0.0
3263,2011,E01030245,2011 super output areas - lower layer,298,Age 30 to 44,0.0
3264,2011,E01030245,2011 super output areas - lower layer,298,Age 45 to 59,0.0
3265,2011,E01030245,2011 super output areas - lower layer,298,Age 60 to 64,0.0
3266,2011,E01030245,2011 super output areas - lower layer,298,Age 65 to 74,0.0
3267,2011,E01030245,2011 super output areas - lower layer,298,Age 75 to 84,0.0
3268,2011,E01030245,2011 super output areas - lower layer,298,Age 85 to 89,0.0
3269,2011,E01030245,2011 super output areas - lower layer,298,Age 90 and over,0.0
3270,2011,E01030245,2011 super output areas - lower layer,298,Mean Age,
3271,2011,E01030245,2011 super output areas - lower layer,298,Median Age,0.5
3272,2011,E01030245,2011 super output areas - lower layer,298,All usual residents,0.0
3273,2011,E01030245,2011 super output areas - lower layer,298,Age 0 to 4,0.0
3274,2011,E01030245,2011 super output areas - lower layer,298,Age 5 to 7,0.0
3275,2011,E01030245,2011 super output areas - lower layer,298,Age 8 to 9,0.0
3276,2011,E01030245,2011 super output areas - lower layer,298,Age 10 to 14,0.0
3277,2011,E01030245,2011 super output areas - lower layer,298,Age 15,0.0
3278,2011,E01030245,2011 super output areas - lower layer,298,Age 16 to 17,0.0
3279,2011,E01030245,2011 super output areas - lower layer,298,Age 18 to 19,0.0
3280,2011,E01030245,2011 super output areas - lower layer,298,Age 20 to 24,0.0
3281,2011,E01030245,2011 super output areas - lower layer,298,Age 25 to 29,0.0
3282,2011,E01030245,2011 super output areas - lower layer,298,Age 30 to 44,0.0
3283,2011,E01030245,2011 super output areas - lower layer,298,Age 45 to 59,0.0
3284,2011,E01030245,2011 super output areas - lower layer,298,Age 60 to 64,0.0
3285,2011,E01030245,2011 super output areas - lower layer,298,Age 65 to 74,0.0
3286,2011,E01030245,2011 super output areas - lower layer,298,Age 75 to 84,0.0
3287,2011,E01030245,2011 super output areas - lower layer,298,Age 85 to 89,0.0
3288,2011,E01030245,2011 super output areas - lower layer,298,Age 90 and over,0.0
3289,2011,E01030245,2011 super output areas - lower layer,298,Mean Age,
3290,2011,E01030245,2011 super output areas - lower layer,298,Median Age,0.5
3291,2011,E01030245,2011 super output areas - lower layer,298,All usual residents,0.0
3292,2011,E01030245,2011 super output areas - lower layer,298,Age 0 to 4,0.0
3293,2011,E01030245,2011 super output areas - lower layer,298,Age 5 to 7,0.0
3294,2011,E01030245,2011 super output areas - lower layer,298,Age 8 to 9,0.0
3295,2011,E01030245,2011 super output areas - lower layer,298,Age 10 to 14,0.0
3296,2011,E01030245,2011 super output areas - lower layer,298,Age 15,0.0
3297,2011,E01030245,2011 super output areas - lower layer,298,Age 16 to 17,0.0
3298,2011,E01030245,2011 super output areas - lower layer,298,Age 18 to 19,0.0
3299,2011,E01030245,2011 super output areas - lower layer,298,Age 20 to 24,0.0
3300,2011,E01030245,2011 super output areas - lower layer,298,Age 25 to 29,0.0
3301,2011,E01030245,2011 super output areas - lower layer,298,Age 30 to 44,0.0
3302,2011,E01030245,2011 super output areas - lower layer,298,Age 45 to 59,0.0
3303,2011,E01030245,2011 super output areas - lower layer,298,Age 60 to 64,0.0
3304,2011,E01030245,2011 super output areas - lower layer,298,Age 65 to 74,0.0
3305,2011,E01030245,2011 super output areas - lower layer,298,Age 75 to 84,0.0
3306,2011,E01030245,2011 super output areas - lower layer,298,Age 85 to 89,0.0
3307,2011,E01030245,2011 super output areas - lower layer,298,Age 90 and over,0.0
3308,2011,E01030245,2011 super output areas - lower layer,298,Mean Age,
3309,2011,E01030245,2011 super output areas - lower layer,298,Median Age,0.5
3310,2011,E01030245,2011 super output areas - lower layer,298,All usual residents,0.0
3311,2011,E01030245,2011 super output areas - lower layer,298,Age 0 to 4,0.0
3312,2011,E01030245,2011 super output areas - lower layer,298,Age 5 to 7,0.0
3313,2011,E01030245,2011 super output areas - lower layer,298,Age 8 to 9,0.0
3314,2011,E01030245,2011 super output areas - lower layer,298,Age 10 to 14,0.0
3315,2011,E01030245,2011 super output areas - lower layer,298,Age 15,0.0
3316,2011,E01030245,2011 super output areas - lower layer,298,Age 16 to 17,0.0
3317,2011,E01030245,2011 super output areas - lower layer,298,Age 18 to 19,0.0
3318,2011,E01030245,2011 super output areas - lower layer,298,Age 20 to 24,0.0
3319,2011,E01030245,2011 super output areas - lower layer,298,Age 25 to 29,0.0
3320,2011,E01030245,2011 super output areas - lower layer,298,Age 30 to 44,0.0
3321,2011,E01030245,2011 super output areas - lower layer,298,Age 45 to 59,0.0
3322,2011,E01030245,2011 super output areas - lower layer,298,Age 60 to 64,0.0
3323,2011,E01030245,2011 super output areas - lower layer,298,Age 65 to 74,0.0
3324,2011,E01030245,2011 super output areas - lower layer,298,Age 75 to 84,0.0
3325,2011,E01030245,2011 super output areas - lower layer,298,Age 85 to 89,0.0
3326,2011,E01030245,2011 super output areas - lower layer,298,Age 90 and over,0.0
3327,2011,E01030245,2011 super output areas - lower layer,298,Mean Age,
3328,2011,E01030245,2011 super output areas - lower layer,298,Median Age,0.5
3329,2011,E01030245,2011 super output areas - lower layer,298,All usual residents,0.0
3330,2011,E01030245,2011 super output areas - lower layer,298,Age 0 to 4,0.0
3331,2011,E01030245,2011 super output areas - lower layer,298,Age 5 to 7,0.0
3332,2011,E01030245,2011 super output areas - lower layer,298,Age 8 to 9,0.0
3333,2011,E01030245,2011 super output areas - lower layer,298,Age 10 to 14,0.0
3334,2011,E01030245,2011 super output areas - lower layer,298,Age 15,0.0
3335,2011,E01030245,2011 super output areas - lower layer,298,Age 16 to 17,0.0
3336,2011,E01030245,2011 super output areas - lower layer,298,Age 18 to 19,0.0
3337,2011,E01030245,2011 super output areas - lower layer,298,Age 20 to 24,0.0
3338,2011,E01030245,2011 super output areas - lower layer,298,Age 25 to 29,0.0
3339,2011,E01030245,2011 super output areas - lower layer,298,Age 30 to 44,0.0
3340,2011,E01030245,2011 super output areas - lower layer,298,Age 45 to 59,0.0
3341,2011,E01030245,2011 super output areas - lower layer,298,Age 60 to 64,0.0
3342,2011,E01030245,2011 super output areas - lower layer,298,Age 65 to 74,0.0
3343,2011,E01030245,2011 super output areas - lower layer,298,Age 75 to 84,0.0
3344,2011,E01030245,2011 super output areas - lower layer,298,Age 85 to 89,0.0
3345,2011,E01030245,2011 super output areas - lower layer,298,Age 90 and over,0.0
3346,2011,E01030245,2011 super output areas - lower layer,298,Mean Age,
3347,2011,E01030245,2011 super output areas - lower layer,298,Median Age,0.5
3348,2011,E01030245,2011 super output areas - lower layer,298,All usual residents,0.0
3349,2011,E01030245,2011 super output areas - lower layer,298,Age 0 to 4,0.0
3350,2011,E01030245,2011 super output areas - lower layer,298,Age 5 to 7,0.0
3351,2011,E01030245,2011 super output areas - lower layer,298,Age 8 to 9,0.0
3352,2011,E01030245,2011 super output areas - lower layer,298,Age 10 to 14,0.0
3353,2011,E01030245,2011 super output areas - lower layer,298,Age 15,0.0
3354,2011,E01030245,2011 super output areas - lower layer,298,Age 16 to 17,0.0
3355,2011,E01030245,2011 super output areas - lower layer,298,Age 18 to 19,0.0
3356,2011,E01030245,2011 super output areas - lower layer,298,Age 20 to 24,0.0
3357,2011,E01030245,2011 super output areas - lower layer,298,Age 25 to 29,0.0
3358,2011,E01030245,2011 super output areas - lower layer,298,Age 30 to 44,0.0
3359,2011,E01030245,2011 super output areas - lower layer,298,Age 45 to 59,0.0
3360,2011,E01030245,2011 super output areas - lower layer,298,Age 60 to 64,0.0
3361,2011,E01030245,2011 super output areas - lower layer,298,Age 65 to 74,0.0
3362,2011,E01030245,2011 super output areas - lower layer,298,Age 75 to 84,0.0
3363,2011,E01030245,2011 super output areas - lower layer,298,Age 85 to 89,0.0
3364,2011,E01030245,2011 super output areas - lower layer,298,Age 90 and over,0.0
3365,2011,E01030245,2011 super output areas - lower layer,298,Mean Age,
3366,2011,E01030245,2011 super output areas - lower layer,298,Median Age,0.5
3367,2011,E01030245,2011 super output areas - lower layer,298,All usual residents,0.0
3368,2011,E01030245,2011 super output areas - lower layer,298,Age 0 to 4,0.0
3369,2011,E01030245,2011 super output areas - lower layer,298,Age 5 to 7,0.0
3370,2011,E01030245,2011 super output areas - lower layer,298,Age 8 to 9,0.0
3371,2011,E01030245,2011 super output areas - lower layer,298,Age 10 to 14,0.0
3372,2011,E01030245,2011 super output areas - lower layer,298,Age 15,0.0
3373,2011,E01030245,2011 super output areas - lower layer,298,Age 16 to 17,0.0
3374,2011,E01030245,2011 super output areas - lower layer,298,Age 18 to 19,0.0
3375,2011,E01030245,2011 super output areas - lower layer,298,Age 20 to 24,0.0
3376,2011,E01030245,2011 super output areas - lower layer,298,Age 25 to 29,0.0
3377,2011,E01030245,2011 super output areas - lower layer,298,Age 30 to 44,0.0
3378,2011,E01030245,2011 super output areas - lower layer,298,Age 45 to 59,0.0
3379,2011,E01030245,2011 super output areas - lower layer,298,Age 60 to 64,0.0
3380,2011,E01030245,2011 super output areas - lower layer,298,Age 65 to 74,0.0
3381,2011,E01030245,2011 super output areas - lower layer,298,Age 75 to 84,0.0
3382,2011,E01030245,2011 super output areas - lower layer,298,Age 85 to 89,0.0
3383,2011,E01030245,2011 super output areas - lower layer,298,Age 90 and over,0.0
3384,2011,E01030245,2011 super output areas - lower layer,298,Mean Age,
3385,2011,E01030245,2011 super output areas - lower layer,298,Median Age,0.5
3386,2011,E01030245,2011 super output areas - lower layer,298,All usual residents,0.0
3387,2011,E01030245,2011 super output areas - lower layer,298,Age 0 to 4,0.0
3388,2011,E01030245,2011 super output areas - lower layer,298,Age 5 to 7,0.0
3389,2011,E01030245,2011 super output areas - lower layer,298,Age 8 to 9,0.0
3390,2011,E01030245,2011 super output areas - lower layer,298,Age 10 to 14,0.0
3391,2011,E01030245,2011 super output areas - lower layer,298,Age 15,0.0
3392,2011,E01030245,2011 super output areas - lower layer,298,Age 16 to 17,0.0
3393,2011,E01030245,2011 super output areas - lower layer,298,Age 18 to 19,0.0
3394,2011,E01030245,2011 super output areas - lower layer,298,Age 20 to 24,0.0
3395,2011,E01030245,2011 super output areas - lower layer,298,Age 25 to 29,0.0
3396,2011,E01030245,2011 super output areas - lower layer,298,Age 30 to 44,0.0
3397,2011,E01030245,2011 super output areas - lower layer,298,Age 45 to 59,0.0
3398,2011,E01030245,2011 super output areas - lower layer,298,Age 60 to 64,0.0
3399,2011,E01030245,2011 super output areas - lower layer,298,Age 65 to 74,0.0
3400,2011,E01030245,2011 super output areas - lower layer,298,Age 75 to 84,0.0
3401,2011,E01030245,2011 super output areas - lower layer,298,Age 85 to 89,0.0
3402,2011,E01030245,2011 super output areas - lower layer,298,Age 90 and over,0.0
3403,2011,E01030245,2011 super output areas - lower layer,298,Mean Age,
3404,2011,E01030245,2011 super output areas - lower layer,298,Median Age,0.5
3405,2011,E01030245,2011 super output areas - lower layer,298,All usual residents,0.0
3406,2011,E01030245,2011 super output areas - lower layer,298,Age 0 to 4,0.0
3407,2011,E01030245,2011 super output areas - lower layer,298,Age 5 to 7,0.0
3408,2011,E01030245,2011 super output areas - lower layer,298,Age 8 to 9,0.0
3409,2011,E01030245,2011 super output areas - lower layer,298,Age 10 to 14,0.0
3410,2011,E01030245,2011 super output areas - lower layer,298,Age 15,0.0
3411,2011,E01030245,2011 super output areas - lower layer,298,Age 16 to 17,0.0
3412,2011,E01030245,2011 super output areas - lower layer,298,Age 18 to 19,0.0
3413,2011,E01030245,2011 super output areas - lower layer,298,Age 20 to 24,0.0
3414,2011,E01030245,2011 super output areas - lower layer,298,Age 25 to 29,0.0
3415,2011,E01030245,2011 super output areas - lower layer,298,Age 30 to 44,0.0
3416,2011,E01030245,2011 super output areas - lower layer,298,Age 45 to 59,0.0
3417,2011,E01030245,2011 super output areas - lower layer,298,Age 60 to 64,0.0
3418,2011,E01030245,2011 super output areas - lower layer,298,Age 65 to 74,0.0
3419,2011,E01030245,2011 super output areas - lower layer,298,Age 75 to 84,0.0
3420,2011,E01030245,2011 super output areas - lower layer,298,Age 85 to 89,0.0
3421,2011,E01030245,2011 super output areas - lower layer,298,Age 90 and over,0.0
3422,2011,E01030245,2011 super output areas - lower layer,298,Mean Age,
3423,2011,E01030245,2011 super output areas - lower layer,298,Median Age,0.5
3424,2011,E01030245,2011 super output areas - lower layer,298,All usual residents,0.0
3425,2011,E01030245,2011 super output areas - lower layer,298,Age 0 to 4,0.0
3426,2011,E01030245,2011 super output areas - lower layer,298,Age 5 to 7,0.0
3427,2011,E01030245,2011 super output areas - lower layer,298,Age 8 to 9,0.0
3428,2011,E01030245,2011 super output areas - lower layer,298,Age 10 to 14,0.0
3429,2011,E01030245,2011 super output areas - lower layer,298,Age 15,0.0
3430,2011,E01030245,2011 super output areas - lower layer,298,Age 16 to 17,0.0
3431,2011,E01030245,2011 super output areas - lower layer,298,Age 18 to 19,0.0
3432,2011,E01030245,2011 super output areas - lower layer,298,Age 20 to 24,0.0
3433,2011,E01030245,2011 super output areas - lower layer,298,Age 25 to 29,0.0
3434,2011,E01030245,2011 super output areas - lower layer,298,Age 30 to 44,0.0
3435,2011,E01030245,2011 super output areas - lower layer,298,Age 45 to 59,0.0
3436,2011,E01030245,2011 super output areas - lower layer,298,Age 60 to 64,0.0
3437,2011,E01030245,2011 super output areas - lower layer,298,Age 65 to 74,0.0
3438,2011,E01030245,2011 super output areas - lower layer,298,Age 75 to 84,0.0
3439,2011,E01030245,2011 super output areas - lower layer,298,Age 85 to 89,0.0
3440,2011,E01030245,2011 super output areas - lower layer,298,Age 90 and over,0.0
3441,2011,E01030245,2011 super output areas - lower layer,298,Mean Age,
3442,2011,E01030245,2011 super output areas - lower layer,298,Median Age,0.5
3443,2011,E01030245,2011 super output areas - lower layer,298,All usual residents,0.0
3444,2011,E01030245,2011 super output areas - lower layer,298,Age 0 to 4,0.0
3445,2011,E01030245,2011 super output areas - lower layer,298,Age 5 to 7,0.0
3446,2011,E01030245,2011 super output areas - lower layer,298,Age 8 to 9,0.0
3447,2011,E01030245,2011 super output areas - lower layer,298,Age 10 to 14,0.0
3448,2011,E01030245,2011 super output areas - lower layer,298,Age 15,0.0
3449,2011,E01030245,2011 super output areas - lower layer,298,Age 16 to 17,0.0
3450,2011,E01030245,2011 super output areas - lower layer,298,Age 18 to 19,0.0
3451,2011,E01030245,2011 super output areas - lower layer,298,Age 20 to 24,0.0
3452,2011,E01030245,2011 super output areas - lower layer,298,Age 25 to 29,0.0
3453,2011,E01030245,2011 super output areas - lower layer,298,Age 30 to 44,0.0
3454,2011,E01030245,2011 super output areas - lower layer,298,Age 45 to 59,0.0
3455,2011,E01030245,2011 super output areas - lower layer,298,Age 60 to 64,0.0
3456,2011,E01030245,2011 super output areas - lower layer,298,Age 65 to 74,0.0
3457,2011,E01030245,2011 super output areas - lower layer,298,Age 75 to 84,0.0
3458,2011,E01030245,2011 super output areas - lower layer,298,Age 85 to 89,0.0
3459,2011,E01030245,2011 super output areas - lower layer,298,Age 90 and over,0.0
3460,2011,E01030245,2011 super output areas - lower layer,298,Mean Age,
3461,2011,E01030245,2011 super output areas - lower layer,298,Median Age,0.5
3462,2011,E01000907,2011 super output areas - lower layer,298,All usual residents,1430.0
3463,2011,E01000907,2011 super output areas - lower layer,298,Age 0 to 4,97.0
3464,2011,E01000907,2011 super output areas - lower layer,298,Age 5 to 7,61.0
3465,2011,E01000907,2011 super output areas - lower layer,298,Age 8 to 9,38.0
3466,2011,E01000907,2011 super output areas - lower layer,298,Age 10 to 14,84.0
3467,2011,E01000907,2011 super output areas - lower layer,298,Age 15,15.0
3468,2011,E01000907,2011 super output areas - lower layer,298,Age 16 to 17,30.0
3469,2011,E01000907,2011 super output areas - lower layer,298,Age 18 to 19,27.0
3470,2011,E01000907,2011 super output areas - lower layer,298,Age 20 to 24,84.0
3471,2011,E01000907,2011 super output areas - lower layer,298,Age 25 to 29,116.0
3472,2011,E01000907,2011 super output areas - lower layer,298,Age 30 to 44,372.0
3473,2011,E01000907,2011 super output areas - lower layer,298,Age 45 to 59,281.0
3474,2011,E01000907,2011 super output areas - lower layer,298,Age 60 to 64,62.0
3475,2011,E01000907,2011 super output areas - lower layer,298,Age 65 to 74,90.0
3476,2011,E01000907,2011 super output areas - lower layer,298,Age 75 to 84,57.0
3477,2011,E01000907,2011 super output areas - lower layer,298,Age 85 to 89,8.0
3478,2011,E01000907,2011 super output areas - lower layer,298,Age 90 and over,8.0
3479,2011,E01000907,2011 super output areas - lower layer,298,Mean Age,36.5
3480,2011,E01000907,2011 super output areas - lower layer,298,Median Age,36.0
3481,2011,E01000907,2011 super output areas - lower layer,298,All usual residents,0.0
3482,2011,E01000907,2011 super output areas - lower layer,298,Age 0 to 4,0.0
3483,2011,E01000907,2011 super output areas - lower layer,298,Age 5 to 7,0.0
3484,2011,E01000907,2011 super output areas - lower layer,298,Age 8 to 9,0.0
3485,2011,E01000907,2011 super output areas - lower layer,298,Age 10 to 14,0.0
3486,2011,E01000907,2011 super output areas - lower layer,298,Age 15,0.0
3487,2011,E01000907,2011 super output areas - lower layer,298,Age 16 to 17,0.0
3488,2011,E01000907,2011 super output areas - lower layer,298,Age 18 to 19,0.0
3489,2011,E01000907,2011 super output areas - lower layer,298,Age 20 to 24,0.0
3490,2011,E01000907,2011 super output areas - lower layer,298,Age 25 to 29,0.0
3491,2011,E01000907,2011 super output areas - lower layer,298,Age 30 to 44,0.0
3492,2011,E01000907,2011 super output areas - lower layer,298,Age 45 to 59,0.0
3493,2011,E01000907,2011 super output areas - lower layer,298,Age 60 to 64,0.0
3494,2011,E01000907,2011 super output areas - lower layer,298,Age 65 to 74,0.0
3495,2011,E01000907,2011 super output areas - lower layer,298,Age 75 to 84,0.0
3496,2011,E01000907,2011 super output areas - lower layer,298,Age 85 to 89,0.0
3497,2011,E01000907,2011 super output areas - lower layer,298,Age 90 and over,0.0
3498,2011,E01000907,2011 super output areas - lower layer,298,Mean Age,
3499,2011,E01000907,2011 super output areas - lower layer,298,Median Age,0.5
3500,2011,E01000907,2011 super output areas - lower layer,298,All usual residents,0.0
3501,2011,E01000907,2011 super output areas - lower layer,298,Age 0 to 4,0.0
3502,2011,E01000907,2011 super output areas - lower layer,298,Age 5 to 7,0.0
3503,2011,E01000907,2011 super output areas - lower layer,298,Age 8 to 9,0.0
3504,2011,E01000907,2011 super output areas - lower layer,298,Age 10 to 14,0.0
3505,2011,E01000907,2011 super output areas - lower layer,298,Age 15,0.0
3506,2011,E01000907,2011 super output areas - lower layer,298,Age 16 to 17,0.0
3507,2011,E01000907,2011 super output areas - lower layer,298,Age 18 to 19,0.0
3508,2011,E01000907,2011 super output areas - lower layer,298,Age 20 to 24,0.0
3509,2011,E01000907,2011 super output areas - lower layer,298,Age 25 to 29,0.0
3510,2011,E01000907,2011 super output areas - lower layer,298,Age 30 to 44,0.0
3511,2011,E01000907,2011 super output areas - lower layer,298,Age 45 to 59,0.0
3512,2011,E01000907,2011 super output areas - lower layer,298,Age 60 to 64,0.0
3513,2011,E01000907,2011 super output areas - lower layer,298,Age 65 to 74,0.0
3514,2011,E01000907,2011 super output areas - lower layer,298,Age 75 to 84,0.0
3515,2011,E01000907,2011 super output areas - lower layer,298,Age 85 to 89,0.0
3516,2011,E01000907,2011 super output areas - lower layer,298,Age 90 and over,0.0
3517,2011,E01000907,2011 super output areas - lower layer,298,Mean Age,
3518,2011,E01000907,2011 super output areas - lower layer,298,Median Age,0.5
3519,2011,E01000907,2011 super output areas - lower layer,298,All usual residents,0.0
3520,2011,E01000907,2011 super output areas - lower layer,298,Age 0 to 4,0.0
3521,2011,E01000907,2011 super output areas - lower layer,298,Age 5 to 7,0.0
3522,2011,E01000907,2011 super output areas - lower layer,298,Age 8 to 9,0.0
3523,2011,E01000907,2011 super output areas - lower layer,298,Age 10 to 14,0.0
3524,2011,E01000907,2011 super output areas - lower layer,298,Age 15,0.0
3525,2011,E01000907,2011 super output areas - lower layer,298,Age 16 to 17,0.0
3526,2011,E01000907,2011 super output areas - lower layer,298,Age 18 to 19,0.0
3527,2011,E01000907,2011 super output areas - lower layer,298,Age 20 to 24,0.0
3528,2011,E01000907,2011 super output areas - lower layer,298,Age 25 to 29,0.0
3529,2011,E01000907,2011 super output areas - lower layer,298,Age 30 to 44,0.0
3530,2011,E01000907,2011 super output areas - lower layer,298,Age 45 to 59,0.0
3531,2011,E01000907,2011 super output areas - lower layer,298,Age 60 to 64,0.0
3532,2011,E01000907,2011 super output areas - lower layer,298,Age 65 to 74,0.0
3533,2011,E01000907,2011 super output areas - lower layer,298,Age 75 to 84,0.0
3534,2011,E01000907,2011 super output areas - lower layer,298,Age 85 to 89,0.0
3535,2011,E01000907,2011 super output areas - lower layer,298,Age 90 and over,0.0
3536,2011,E01000907,2011 super output areas - lower layer,298,Mean Age,
3537,2011,E01000907,2011 super output areas - lower layer,298,Median Age,0.5
3538,2011,E01000907,2011 super output areas - lower layer,298,All usual residents,0.0
3539,2011,E01000907,2011 super output areas - lower layer,298,Age 0 to 4,0.0
3540,2011,E01000907,2011 super output areas - lower layer,298,Age 5 to 7,0.0
3541,2011,E01000907,2011 super output areas - lower layer,298,Age 8 to 9,0.0
3542,2011,E01000907,2011 super output areas - lower layer,298,Age 10 to 14,0.0
3543,2011,E01000907,2011 super output areas - lower layer,298,Age 15,0.0
3544,2011,E01000907,2011 super output areas - lower layer,298,Age 16 to 17,0.0
3545,2011,E01000907,2011 super output areas - lower layer,298,Age 18 to 19,0.0
3546,2011,E01000907,2011 super output areas - lower layer,298,Age 20 to 24,0.0
3547,2011,E01000907,2011 super output areas - lower layer,298,Age 25 to 29,0.0
3548,2011,E01000907,2011 super output areas - lower layer,298,Age 30 to 44,0.0
3549,2011,E01000907,2011 super output areas - lower layer,298,Age 45 to 59,0.0
3550,2011,E01000907,2011 super output areas - lower layer,298,Age 60 to 64,0.0
3551,2011,E01000907,2011 super output areas - lower layer,298,Age 65 to 74,0.0
3552,2011,E01000907,2011 super output areas - lower layer,298,Age 75 to 84,0.0
3553,2011,E01000907,2011 super output areas - lower layer,298,Age 85 to 89,0.0
3554,2011,E01000907,2011 super output areas - lower layer,298,Age 90 and over,0.0
3555,2011,E01000907,2011 super output areas - lower layer,298,Mean Age,
3556,2011,E01000907,2011 super output areas - lower layer,298,Median Age,0.5
3557,2011,E01000907,2011 super output areas - lower layer,298,All usual residents,0.0
3558,2011,E01000907,2011 super output areas - lower layer,298,Age 0 to 4,0.0
3559,2011,E01000907,2011 super output areas - lower layer,298,Age 5 to 7,0.0
3560,2011,E01000907,2011 super output areas - lower layer,298,Age 8 to 9,0.0
3561,2011,E01000907,2011 super output areas - lower layer,298,Age 10 to 14,0.0
3562,2011,E01000907,2011 super output areas - lower layer,298,Age 15,0.0
3563,2011,E01000907,2011 super output areas - lower layer,298,Age 16 to 17,0.0
3564,2011,E01000907,2011 super output areas - lower layer,298,Age 18 to 19,0.0
3565,2011,E01000907,2011 super output areas - lower layer,298,Age 20 to 24,0.0
3566,2011,E01000907,2011 super output areas - lower layer,298,Age 25 to 29,0.0
3567,2011,E01000907,2011 super output areas - lower layer,298,Age 30 to 44,0.0
3568,2011,E01000907,2011 super output areas - lower layer,298,Age 45 to 59,0.0
3569,2011,E01000907,2011 super output areas - lower layer,298,Age 60 to 64,0.0
3570,2011,E01000907,2011 super output areas - lower layer,298,Age 65 to 74,0.0
3571,2011,E01000907,2011 super output areas - lower layer,298,Age 75 to 84,0.0
3572,2011,E01000907,2011 super output areas - lower layer,298,Age 85 to 89,0.0
3573,2011,E01000907,2011 super output areas - lower layer,298,Age 90 and over,0.0
3574,2011,E01000907,2011 super output areas - lower layer,298,Mean Age,
3575,2011,E01000907,2011 super output areas - lower layer,298,Median Age,0.5
3576,2011,E01000907,2011 super output areas - lower layer,298,All usual residents,0.0
3577,2011,E01000907,2011 super output areas - lower layer,298,Age 0 to 4,0.0
3578,2011,E01000907,2011 super output areas - lower layer,298,Age 5 to 7,0.0
3579,2011,E01000907,2011 super output areas - lower layer,298,Age 8 to 9,0.0
3580,2011,E01000907,2011 super output areas - lower layer,298,Age 10 to 14,0.0
3581,2011,E01000907,2011 super output areas - lower layer,298,Age 15,0.0
3582,2011,E01000907,2011 super output areas - lower layer,298,Age 16 to 17,0.0
3583,2011,E01000907,2011 super output areas - lower layer,298,Age 18 to 19,0.0
3584,2011,E01000907,2011 super output areas - lower layer,298,Age 20 to 24,0.0
3585,2011,E01000907,2011 super output areas - lower layer,298,Age 25 to 29,0.0
3586,2011,E01000907,2011 super output areas - lower layer,298,Age 30 to 44,0.0
3587,2011,E01000907,2011 super output areas - lower layer,298,Age 45 to 59,0.0
3588,2011,E01000907,2011 super output areas - lower layer,298,Age 60 to 64,0.0
3589,2011,E01000907,2011 super output areas - lower layer,298,Age 65 to 74,0.0
3590,2011,E01000907,2011 super output areas - lower layer,298,Age 75 to 84,0.0
3591,2011,E01000907,2011 super output areas - lower layer,298,Age 85 to 89,0.0
3592,2011,E01000907,2011 super output areas - lower layer,298,Age 90 and over,0.0
3593,2011,E01000907,2011 super output areas - lower layer,298,Mean Age,
3594,2011,E01000907,2011 super output areas - lower layer,298,Median Age,0.5
3595,2011,E01000907,2011 super output areas - lower layer,298,All usual residents,0.0
3596,2011,E01000907,2011 super output areas - lower layer,298,Age 0 to 4,0.0
3597,2011,E01000907,2011 super output areas - lower layer,298,Age 5 to 7,0.0
3598,2011,E01000907,2011 super output areas - lower layer,298,Age 8 to 9,0.0
3599,2011,E01000907,2011 super output areas - lower layer,298,Age 10 to 14,0.0
3600,2011,E01000907,2011 super output areas - lower layer,298,Age 15,0.0
3601,2011,E01000907,2011 super output areas - lower layer,298,Age 16 to 17,0.0
3602,2011,E01000907,2011 super output areas - lower layer,298,Age 18 to 19,0.0
3603,2011,E01000907,2011 super output areas - lower layer,298,Age 20 to 24,0.0
3604,2011,E01000907,2011 super output areas - lower layer,298,Age 25 to 29,0.0
3605,2011,E01000907,2011 super output areas - lower layer,298,Age 30 to 44,0.0
3606,2011,E01000907,2011 super output areas - lower layer,298,Age 45 to 59,0.0
3607,2011,E01000907,2011 super output areas - lower layer,298,Age 60 to 64,0.0
3608,2011,E01000907,2011 super output areas - lower layer,298,Age 65 to 74,0.0
3609,2011,E01000907,2011 super output areas - lower layer,298,Age 75 to 84,0.0
3610,2011,E01000907,2011 super output areas - lower layer,298,Age 85 to 89,0.0
3611,2011,E01000907,2011 super output areas - lower layer,298,Age 90 and over,0.0
3612,2011,E01000907,2011 super output areas - lower layer,298,Mean Age,
3613,2011,E01000907,2011 super output areas - lower layer,298,Median Age,0.5
3614,2011,E01000907,2011 super output areas - lower layer,298,All usual residents,0.0
3615,2011,E01000907,2011 super output areas - lower layer,298,Age 0 to 4,0.0
3616,2011,E01000907,2011 super output areas - lower layer,298,Age 5 to 7,0.0
3617,2011,E01000907,2011 super output areas - lower layer,298,Age 8 to 9,0.0
3618,2011,E01000907,2011 super output areas - lower layer,298,Age 10 to 14,0.0
3619,2011,E01000907,2011 super output areas - lower layer,298,Age 15,0.0
3620,2011,E01000907,2011 super output areas - lower layer,298,Age 16 to 17,0.0
3621,2011,E01000907,2011 super output areas - lower layer,298,Age 18 to 19,0.0
3622,2011,E01000907,2011 super output areas - lower layer,298,Age 20 to 24,0.0
3623,2011,E01000907,2011 super output areas - lower layer,298,Age 25 to 29,0.0
3624,2011,E01000907,2011 super output areas - lower layer,298,Age 30 to 44,0.0
3625,2011,E01000907,2011 super output areas - lower layer,298,Age 45 to 59,0.0
3626,2011,E01000907,2011 super output areas - lower layer,298,Age 60 to 64,0.0
3627,2011,E01000907,2011 super output areas - lower layer,298,Age 65 to 74,0.0
3628,2011,E01000907,2011 super output areas - lower layer,298,Age 75 to 84,0.0
3629,2011,E01000907,2011 super output areas - lower layer,298,Age 85 to 89,0.0
3630,2011,E01000907,2011 super output areas - lower layer,298,Age 90 and over,0.0
3631,2011,E01000907,2011 super output areas - lower layer,298,Mean Age,
3632,2011,E01000907,2011 super output areas - lower layer,298,Median Age,0.5
3633,2011,E01000907,2011 super output areas - lower layer,298,All usual residents,0.0
3634,2011,E01000907,2011 super output areas - lower layer,298,Age 0 to 4,0.0
3635,2011,E01000907,2011 super output areas - lower layer,298,Age 5 to 7,0.0
3636,2011,E01000907,2011 super output areas - lower layer,298,Age 8 to 9,0.0
3637,2011,E01000907,2011 super output areas - lower layer,298,Age 10 to 14,0.0
3638,2011,E01000907,2011 super output areas - lower layer,298,Age 15,0.0
3639,2011,E01000907,2011 super output areas - lower layer,298,Age 16 to 17,0.0
3640,2011,E01000907,2011 super output areas - lower layer,298,Age 18 to 19,0.0
3641,2011,E01000907,2011 super output areas - lower layer,298,Age 20 to 24,0.0
3642,2011,E01000907,2011 super output areas - lower layer,298,Age 25 to 29,0.0
3643,2011,E01000907,2011 super output areas - lower layer,298,Age 30 to 44,0.0
3644,2011,E01000907,2011 super output areas - lower layer,298,Age 45 to 59,0.0
3645,2011,E01000907,2011 super output areas - lower layer,298,Age 60 to 64,0.0
3646,2011,E01000907,2011 super output areas - lower layer,298,Age 65 to 74,0.0
3647,2011,E01000907,2011 super output areas - lower layer,298,Age 75 to 84,0.0
3648,2011,E01000907,2011 super output areas - lower layer,298,Age 85 to 89,0.0
3649,2011,E01000907,2011 super output areas - lower layer,298,Age 90 and over,0.0
3650,2011,E01000907,2011 super output areas - lower layer,298,Mean Age,
3651,2011,E01000907,2011 super output areas - lower layer,298,Median Age,0.5
3652,2011,E01000907,2011 super output areas - lower layer,298,All usual residents,0.0
3653,2011,E01000907,2011 super output areas - lower layer,298,Age 0 to 4,0.0
3654,2011,E01000907,2011 super output areas - lower layer,298,Age 5 to 7,0.0
3655,2011,E01000907,2011 super output areas - lower layer,298,Age 8 to 9,0.0
3656,2011,E01000907,2011 super output areas - lower layer,298,Age 10 to 14,0.0
3657,2011,E01000907,2011 super output areas - lower layer,298,Age 15,0.0
3658,2011,E01000907,2011 super output areas - lower layer,298,Age 16 to 17,0.0
3659,2011,E01000907,2011 super output areas - lower layer,298,Age 18 to 19,0.0
3660,2011,E01000907,2011 super output areas - lower layer,298,Age 20 to 24,0.0
3661,2011,E01000907,2011 super output areas - lower layer,298,Age 25 to 29,0.0
3662,2011,E01000907,2011 super output areas - lower layer,298,Age 30 to 44,0.0
3663,2011,E01000907,2011 super output areas - lower layer,298,Age 45 to 59,0.0
3664,2011,E01000907,2011 super output areas - lower layer,298,Age 60 to 64,0.0
3665,2011,E01000907,2011 super output areas - lower layer,298,Age 65 to 74,0.0
3666,2011,E01000907,2011 super output areas - lower layer,298,Age 75 to 84,0.0
3667,2011,E01000907,2011 super output areas - lower layer,298,Age 85 to 89,0.0
3668,2011,E01000907,2011 super output areas - lower layer,298,Age 90 and over,0.0
3669,2011,E01000907,2011 super output areas - lower layer,298,Mean Age,
3670,2011,E01000907,2011 super output areas - lower layer,298,Median Age,0.5
3671,2011,E01000907,2011 super output areas - lower layer,298,All usual residents,0.0
3672,2011,E01000907,2011 super output areas - lower layer,298,Age 0 to 4,0.0
3673,2011,E01000907,2011 super output areas - lower layer,298,Age 5 to 7,0.0
3674,2011,E01000907,2011 super output areas - lower layer,298,Age 8 to 9,0.0
3675,2011,E01000907,2011 super output areas - lower layer,298,Age 10 to 14,0.0
3676,2011,E01000907,2011 super output areas - lower layer,298,Age 15,0.0
3677,2011,E01000907,2011 super output areas - lower layer,298,Age 16 to 17,0.0
3678,2011,E01000907,2011 super output areas - lower layer,298,Age 18 to 19,0.0
3679,2011,E01000907,2011 super output areas - lower layer,298,Age 20 to 24,0.0
3680,2011,E01000907,2011 super output areas - lower layer,298,Age 25 to 29,0.0
3681,2011,E01000907,2011 super output areas - lower layer,298,Age 30 to 44,0.0
3682,2011,E01000907,2011 super output areas - lower layer,298,Age 45 to 59,0.0
3683,2011,E01000907,2011 super output areas - lower layer,298,Age 60 to 64,0.0
3684,2011,E01000907,2011 super output areas - lower layer,298,Age 65 to 74,0.0
3685,2011,E01000907,2011 super output areas - lower layer,298,Age 75 to 84,0.0
3686,2011,E01000907,2011 super output areas - lower layer,298,Age 85 to 89,0.0
3687,2011,E01000907,2011 super output areas - lower layer,298,Age 90 and over,0.0
3688,2011,E01000907,2011 super output areas - lower layer,298,Mean Age,
3689,2011,E01000907,2011 super output areas - lower layer,298,Median Age,0.5
3690,2011,E01000907,2011 super output areas - lower layer,298,All usual residents,0.0
3691,2011,E01000907,2011 super output areas - lower layer,298,Age 0 to 4,0.0
3692,2011,E01000907,2011 super output areas - lower layer,298,Age 5 to 7,0.0
3693,2011,E01000907,2011 super output areas - lower layer,298,Age 8 to 9,0.0
3694,2011,E01000907,2011 super output areas - lower layer,298,Age 10 to 14,0.0
3695,2011,E01000907,2011 super output areas - lower layer,298,Age 15,0.0
3696,2011,E01000907,2011 super output areas - lower layer,298,Age 16 to 17,0.0
3697,2011,E01000907,2011 super output areas - lower layer,298,Age 18 to 19,0.0
3698,2011,E01000907,2011 super output areas - lower layer,298,Age 20 to 24,0.0
3699,2011,E01000907,2011 super output areas - lower layer,298,Age 25 to 29,0.0
3700,2011,E01000907,2011 super output areas - lower layer,298,Age 30 to 44,0.0
3701,2011,E01000907,2011 super output areas - lower layer,298,Age 45 to 59,0.0
3702,2011,E01000907,2011 super output areas - lower layer,298,Age 60 to 64,0.0
3703,2011,E01000907,2011 super output areas - lower layer,298,Age 65 to 74,0.0
3704,2011,E01000907,2011 super output areas - lower layer,298,Age 75 to 84,0.0
3705,2011,E01000907,2011 super output areas - lower layer,298,Age 85 to 89,0.0
3706,2011,E01000907,2011 super output areas - lower layer,298,Age 90 and over,0.0
3707,2011,E01000907,2011 super output areas - lower layer,298,Mean Age,
3708,2011,E01000907,2011 super output areas - lower layer,298,Median Age,0.5
3709,2011,E01000908,2011 super output areas - lower layer,298,All usual residents,1581.0
3710,2011,E01000908,2011 super output areas - lower layer,298,Age 0 to 4,99.0
3711,2011,E01000908,2011 super output areas - lower layer,298,Age 5 to 7,51.0
3712,2011,E01000908,2011 super output areas - lower layer,298,Age 8 to 9,41.0
3713,2011,E01000908,2011 super output areas - lower layer,298,Age 10 to 14,85.0
3714,2011,E01000908,2011 super output areas - lower layer,298,Age 15,16.0
3715,2011,E01000908,2011 super output areas - lower layer,298,Age 16 to 17,21.0
3716,2011,E01000908,2011 super output areas - lower layer,298,Age 18 to 19,28.0
3717,2011,E01000908,2011 super output areas - lower layer,298,Age 20 to 24,74.0
3718,2011,E01000908,2011 super output areas - lower layer,298,Age 25 to 29,117.0
3719,2011,E01000908,2011 super output areas - lower layer,298,Age 30 to 44,431.0
3720,2011,E01000908,2011 super output areas - lower layer,298,Age 45 to 59,313.0
3721,2011,E01000908,2011 super output areas - lower layer,298,Age 60 to 64,94.0
3722,2011,E01000908,2011 super output areas - lower layer,298,Age 65 to 74,106.0
3723,2011,E01000908,2011 super output areas - lower layer,298,Age 75 to 84,78.0
3724,2011,E01000908,2011 super output areas - lower layer,298,Age 85 to 89,17.0
3725,2011,E01000908,2011 super output areas - lower layer,298,Age 90 and over,10.0
3726,2011,E01000908,2011 super output areas - lower layer,298,Mean Age,39.1
3727,2011,E01000908,2011 super output areas - lower layer,298,Median Age,40.0
3728,2011,E01000908,2011 super output areas - lower layer,298,All usual residents,0.0
3729,2011,E01000908,2011 super output areas - lower layer,298,Age 0 to 4,0.0
3730,2011,E01000908,2011 super output areas - lower layer,298,Age 5 to 7,0.0
3731,2011,E01000908,2011 super output areas - lower layer,298,Age 8 to 9,0.0
3732,2011,E01000908,2011 super output areas - lower layer,298,Age 10 to 14,0.0
3733,2011,E01000908,2011 super output areas - lower layer,298,Age 15,0.0
3734,2011,E01000908,2011 super output areas - lower layer,298,Age 16 to 17,0.0
3735,2011,E01000908,2011 super output areas - lower layer,298,Age 18 to 19,0.0
3736,2011,E01000908,2011 super output areas - lower layer,298,Age 20 to 24,0.0
3737,2011,E01000908,2011 super output areas - lower layer,298,Age 25 to 29,0.0
3738,2011,E01000908,2011 super output areas - lower layer,298,Age 30 to 44,0.0
3739,2011,E01000908,2011 super output areas - lower layer,298,Age 45 to 59,0.0
3740,2011,E01000908,2011 super output areas - lower layer,298,Age 60 to 64,0.0
3741,2011,E01000908,2011 super output areas - lower layer,298,Age 65 to 74,0.0
3742,2011,E01000908,2011 super output areas - lower layer,298,Age 75 to 84,0.0
3743,2011,E01000908,2011 super output areas - lower layer,298,Age 85 to 89,0.0
3744,2011,E01000908,2011 super output areas - lower layer,298,Age 90 and over,0.0
3745,2011,E01000908,2011 super output areas - lower layer,298,Mean Age,
3746,2011,E01000908,2011 super output areas - lower layer,298,Median Age,0.5
3747,2011,E01000908,2011 super output areas - lower layer,298,All usual residents,0.0
3748,2011,E01000908,2011 super output areas - lower layer,298,Age 0 to 4,0.0
3749,2011,E01000908,2011 super output areas - lower layer,298,Age 5 to 7,0.0
3750,2011,E01000908,2011 super output areas - lower layer,298,Age 8 to 9,0.0
3751,2011,E01000908,2011 super output areas - lower layer,298,Age 10 to 14,0.0
3752,2011,E01000908,2011 super output areas - lower layer,298,Age 15,0.0
3753,2011,E01000908,2011 super output areas - lower layer,298,Age 16 to 17,0.0
3754,2011,E01000908,2011 super output areas - lower layer,298,Age 18 to 19,0.0
3755,2011,E01000908,2011 super output areas - lower layer,298,Age 20 to 24,0.0
3756,2011,E01000908,2011 super output areas - lower layer,298,Age 25 to 29,0.0
3757,2011,E01000908,2011 super output areas - lower layer,298,Age 30 to 44,0.0
3758,2011,E01000908,2011 super output areas - lower layer,298,Age 45 to 59,0.0
3759,2011,E01000908,2011 super output areas - lower layer,298,Age 60 to 64,0.0
3760,2011,E01000908,2011 super output areas - lower layer,298,Age 65 to 74,0.0
3761,2011,E01000908,2011 super output areas - lower layer,298,Age 75 to 84,0.0
3762,2011,E01000908,2011 super output areas - lower layer,298,Age 85 to 89,0.0
3763,2011,E01000908,2011 super output areas - lower layer,298,Age 90 and over,0.0
3764,2011,E01000908,2011 super output areas - lower layer,298,Mean Age,
3765,2011,E01000908,2011 super output areas - lower layer,298,Median Age,0.5
3766,2011,E01000908,2011 super output areas - lower layer,298,All usual residents,0.0
3767,2011,E01000908,2011 super output areas - lower layer,298,Age 0 to 4,0.0
3768,2011,E01000908,2011 super output areas - lower layer,298,Age 5 to 7,0.0
3769,2011,E01000908,2011 super output areas - lower layer,298,Age 8 to 9,0.0
3770,2011,E01000908,2011 super output areas - lower layer,298,Age 10 to 14,0.0
3771,2011,E01000908,2011 super output areas - lower layer,298,Age 15,0.0
3772,2011,E01000908,2011 super output areas - lower layer,298,Age 16 to 17,0.0
3773,2011,E01000908,2011 super output areas - lower layer,298,Age 18 to 19,0.0
3774,2011,E01000908,2011 super output areas - lower layer,298,Age 20 to 24,0.0
3775,2011,E01000908,2011 super output areas - lower layer,298,Age 25 to 29,0.0
3776,2011,E01000908,2011 super output areas - lower layer,298,Age 30 to 44,0.0
3777,2011,E01000908,2011 super output areas - lower layer,298,Age 45 to 59,0.0
3778,2011,E01000908,2011 super output areas - lower layer,298,Age 60 to 64,0.0
3779,2011,E01000908,2011 super output areas - lower layer,298,Age 65 to 74,0.0
3780,2011,E01000908,2011 super output areas - lower layer,298,Age 75 to 84,0.0
3781,2011,E01000908,2011 super output areas - lower layer,298,Age 85 to 89,0.0
3782,2011,E01000908,2011 super output areas - lower layer,298,Age 90 and over,0.0
3783,2011,E01000908,2011 super output areas - lower layer,298,Mean Age,
3784,2011,E01000908,2011 super output areas - lower layer,298,Median Age,0.5
3785,2011,E01000908,2011 super output areas - lower layer,298,All usual residents,0.0
3786,2011,E01000908,2011 super output areas - lower layer,298,Age 0 to 4,0.0
3787,2011,E01000908,2011 super output areas - lower layer,298,Age 5 to 7,0.0
3788,2011,E01000908,2011 super output areas - lower layer,298,Age 8 to 9,0.0
3789,2011,E01000908,2011 super output areas - lower layer,298,Age 10 to 14,0.0
3790,2011,E01000908,2011 super output areas - lower layer,298,Age 15,0.0
3791,2011,E01000908,2011 super output areas - lower layer,298,Age 16 to 17,0.0
3792,2011,E01000908,2011 super output areas - lower layer,298,Age 18 to 19,0.0
3793,2011,E01000908,2011 super output areas - lower layer,298,Age 20 to 24,0.0
3794,2011,E01000908,2011 super output areas - lower layer,298,Age 25 to 29,0.0
3795,2011,E01000908,2011 super output areas - lower layer,298,Age 30 to 44,0.0
3796,2011,E01000908,2011 super output areas - lower layer,298,Age 45 to 59,0.0
3797,2011,E01000908,2011 super output areas - lower layer,298,Age 60 to 64,0.0
3798,2011,E01000908,2011 super output areas - lower layer,298,Age 65 to 74,0.0
3799,2011,E01000908,2011 super output areas - lower layer,298,Age 75 to 84,0.0
3800,2011,E01000908,2011 super output areas - lower layer,298,Age 85 to 89,0.0
3801,2011,E01000908,2011 super output areas - lower layer,298,Age 90 and over,0.0
3802,2011,E01000908,2011 super output areas - lower layer,298,Mean Age,
3803,2011,E01000908,2011 super output areas - lower layer,298,Median Age,0.5
3804,2011,E01000908,2011 super output areas - lower layer,298,All usual residents,0.0
3805,2011,E01000908,2011 super output areas - lower layer,298,Age 0 to 4,0.0
3806,2011,E01000908,2011 super output areas - lower layer,298,Age 5 to 7,0.0
3807,2011,E01000908,2011 super output areas - lower layer,298,Age 8 to 9,0.0
3808,2011,E01000908,2011 super output areas - lower layer,298,Age 10 to 14,0.0
3809,2011,E01000908,2011 super output areas - lower layer,298,Age 15,0.0
3810,2011,E01000908,2011 super output areas - lower layer,298,Age 16 to 17,0.0
3811,2011,E01000908,2011 super output areas - lower layer,298,Age 18 to 19,0.0
3812,2011,E01000908,2011 super output areas - lower layer,298,Age 20 to 24,0.0
3813,2011,E01000908,2011 super output areas - lower layer,298,Age 25 to 29,0.0
3814,2011,E01000908,2011 super output areas - lower layer,298,Age 30 to 44,0.0
3815,2011,E01000908,2011 super output areas - lower layer,298,Age 45 to 59,0.0
3816,2011,E01000908,2011 super output areas - lower layer,298,Age 60 to 64,0.0
3817,2011,E01000908,2011 super output areas - lower layer,298,Age 65 to 74,0.0
3818,2011,E01000908,2011 super output areas - lower layer,298,Age 75 to 84,0.0
3819,2011,E01000908,2011 super output areas - lower layer,298,Age 85 to 89,0.0
3820,2011,E01000908,2011 super output areas - lower layer,298,Age 90 and over,0.0
3821,2011,E01000908,2011 super output areas - lower layer,298,Mean Age,
3822,2011,E01000908,2011 super output areas - lower layer,298,Median Age,0.5
3823,2011,E01000908,2011 super output areas - lower layer,298,All usual residents,0.0
3824,2011,E01000908,2011 super output areas - lower layer,298,Age 0 to 4,0.0
3825,2011,E01000908,2011 super output areas - lower layer,298,Age 5 to 7,0.0
3826,2011,E01000908,2011 super output areas - lower layer,298,Age 8 to 9,0.0
3827,2011,E01000908,2011 super output areas - lower layer,298,Age 10 to 14,0.0
3828,2011,E01000908,2011 super output areas - lower layer,298,Age 15,0.0
3829,2011,E01000908,2011 super output areas - lower layer,298,Age 16 to 17,0.0
3830,2011,E01000908,2011 super output areas - lower layer,298,Age 18 to 19,0.0
3831,2011,E01000908,2011 super output areas - lower layer,298,Age 20 to 24,0.0
3832,2011,E01000908,2011 super output areas - lower layer,298,Age 25 to 29,0.0
3833,2011,E01000908,2011 super output areas - lower layer,298,Age 30 to 44,0.0
3834,2011,E01000908,2011 super output areas - lower layer,298,Age 45 to 59,0.0
3835,2011,E01000908,2011 super output areas - lower layer,298,Age 60 to 64,0.0
3836,2011,E01000908,2011 super output areas - lower layer,298,Age 65 to 74,0.0
3837,2011,E01000908,2011 super output areas - lower layer,298,Age 75 to 84,0.0
3838,2011,E01000908,2011 super output areas - lower layer,298,Age 85 to 89,0.0
3839,2011,E01000908,2011 super output areas - lower layer,298,Age 90 and over,0.0
3840,2011,E01000908,2011 super output areas - lower layer,298,Mean Age,
3841,2011,E01000908,2011 super output areas - lower layer,298,Median Age,0.5
3842,2011,E01000908,2011 super output areas - lower layer,298,All usual residents,0.0
3843,2011,E01000908,2011 super output areas - lower layer,298,Age 0 to 4,0.0
3844,2011,E01000908,2011 super output areas - lower layer,298,Age 5 to 7,0.0
3845,2011,E01000908,2011 super output areas - lower layer,298,Age 8 to 9,0.0
3846,2011,E01000908,2011 super output areas - lower layer,298,Age 10 to 14,0.0
3847,2011,E01000908,2011 super output areas - lower layer,298,Age 15,0.0
3848,2011,E01000908,2011 super output areas - lower layer,298,Age 16 to 17,0.0
3849,2011,E01000908,2011 super output areas - lower layer,298,Age 18 to 19,0.0
3850,2011,E01000908,2011 super output areas - lower layer,298,Age 20 to 24,0.0
3851,2011,E01000908,2011 super output areas - lower layer,298,Age 25 to 29,0.0
3852,2011,E01000908,2011 super output areas - lower layer,298,Age 30 to 44,0.0
3853,2011,E01000908,2011 super output areas - lower layer,298,Age 45 to 59,0.0
3854,2011,E01000908,2011 super output areas - lower layer,298,Age 60 to 64,0.0
3855,2011,E01000908,2011 super output areas - lower layer,298,Age 65 to 74,0.0
3856,2011,E01000908,2011 super output areas - lower layer,298,Age 75 to 84,0.0
3857,2011,E01000908,2011 super output areas - lower layer,298,Age 85 to 89,0.0
3858,2011,E01000908,2011 super output areas - lower layer,298,Age 90 and over,0.0
3859,2011,E01000908,2011 super output areas - lower layer,298,Mean Age,
3860,2011,E01000908,2011 super output areas - lower layer,298,Median Age,0.5
3861,2011,E01000908,2011 super output areas - lower layer,298,All usual residents,0.0
3862,2011,E01000908,2011 super output areas - lower layer,298,Age 0 to 4,0.0
3863,2011,E01000908,2011 super output areas - lower layer,298,Age 5 to 7,0.0
3864,2011,E01000908,2011 super output areas - lower layer,298,Age 8 to 9,0.0
3865,2011,E01000908,2011 super output areas - lower layer,298,Age 10 to 14,0.0
3866,2011,E01000908,2011 super output areas - lower layer,298,Age 15,0.0
3867,2011,E01000908,2011 super output areas - lower layer,298,Age 16 to 17,0.0
3868,2011,E01000908,2011 super output areas - lower layer,298,Age 18 to 19,0.0
3869,2011,E01000908,2011 super output areas - lower layer,298,Age 20 to 24,0.0
3870,2011,E01000908,2011 super output areas - lower layer,298,Age 25 to 29,0.0
3871,2011,E01000908,2011 super output areas - lower layer,298,Age 30 to 44,0.0
3872,2011,E01000908,2011 super output areas - lower layer,298,Age 45 to 59,0.0
3873,2011,E01000908,2011 super output areas - lower layer,298,Age 60 to 64,0.0
3874,2011,E01000908,2011 super output areas - lower layer,298,Age 65 to 74,0.0
3875,2011,E01000908,2011 super output areas - lower layer,298,Age 75 to 84,0.0
3876,2011,E01000908,2011 super output areas - lower layer,298,Age 85 to 89,0.0
3877,2011,E01000908,2011 super output areas - lower layer,298,Age 90 and over,0.0
3878,2011,E01000908,2011 super output areas - lower layer,298,Mean Age,
3879,2011,E01000908,2011 super output areas - lower layer,298,Median Age,0.5
3880,2011,E01000908,2011 super output areas - lower layer,298,All usual residents,0.0
3881,2011,E01000908,2011 super output areas - lower layer,298,Age 0 to 4,0.0
3882,2011,E01000908,2011 super output areas - lower layer,298,Age 5 to 7,0.0
3883,2011,E01000908,2011 super output areas - lower layer,298,Age 8 to 9,0.0
3884,2011,E01000908,2011 super output areas - lower layer,298,Age 10 to 14,0.0
3885,2011,E01000908,2011 super output areas - lower layer,298,Age 15,0.0
3886,2011,E01000908,2011 super output areas - lower layer,298,Age 16 to 17,0.0
3887,2011,E01000908,2011 super output areas - lower layer,298,Age 18 to 19,0.0
3888,2011,E01000908,2011 super output areas - lower layer,298,Age 20 to 24,0.0
3889,2011,E01000908,2011 super output areas - lower layer,298,Age 25 to 29,0.0
3890,2011,E01000908,2011 super output areas - lower layer,298,Age 30 to 44,0.0
3891,2011,E01000908,2011 super output areas - lower layer,298,Age 45 to 59,0.0
3892,2011,E01000908,2011 super output areas - lower layer,298,Age 60 to 64,0.0
3893,2011,E01000908,2011 super output areas - lower layer,298,Age 65 to 74,0.0
3894,2011,E01000908,2011 super output areas - lower layer,298,Age 75 to 84,0.0
3895,2011,E01000908,2011 super output areas - lower layer,298,Age 85 to 89,0.0
3896,2011,E01000908,2011 super output areas - lower layer,298,Age 90 and over,0.0
3897,2011,E01000908,2011 super output areas - lower layer,298,Mean Age,
3898,2011,E01000908,2011 super output areas - lower layer,298,Median Age,0.5
3899,2011,E01000908,2011 super output areas - lower layer,298,All usual residents,0.0
3900,2011,E01000908,2011 super output areas - lower layer,298,Age 0 to 4,0.0
3901,2011,E01000908,2011 super output areas - lower layer,298,Age 5 to 7,0.0
3902,2011,E01000908,2011 super output areas - lower layer,298,Age 8 to 9,0.0
3903,2011,E01000908,2011 super output areas - lower layer,298,Age 10 to 14,0.0
3904,2011,E01000908,2011 super output areas - lower layer,298,Age 15,0.0
3905,2011,E01000908,2011 super output areas - lower layer,298,Age 16 to 17,0.0
3906,2011,E01000908,2011 super output areas - lower layer,298,Age 18 to 19,0.0
3907,2011,E01000908,2011 super output areas - lower layer,298,Age 20 to 24,0.0
3908,2011,E01000908,2011 super output areas - lower layer,298,Age 25 to 29,0.0
3909,2011,E01000908,2011 super output areas - lower layer,298,Age 30 to 44,0.0
3910,2011,E01000908,2011 super output areas - lower layer,298,Age 45 to 59,0.0
3911,2011,E01000908,2011 super output areas - lower layer,298,Age 60 to 64,0.0
3912,2011,E01000908,2011 super output areas - lower layer,298,Age 65 to 74,0.0
3913,2011,E01000908,2011 super output areas - lower layer,298,Age 75 to 84,0.0
3914,2011,E01000908,2011 super output areas - lower layer,298,Age 85 to 89,0.0
3915,2011,E01000908,2011 super output areas - lower layer,298,Age 90 and over,0.0
3916,2011,E01000908,2011 super output areas - lower layer,298,Mean Age,
3917,2011,E01000908,2011 super output areas - lower layer,298,Median Age,0.5
3918,2011,E01000908,2011 super output areas - lower layer,298,All usual residents,0.0
3919,2011,E01000908,2011 super output areas - lower layer,298,Age 0 to 4,0.0
3920,2011,E01000908,2011 super output areas - lower layer,298,Age 5 to 7,0.0
3921,2011,E01000908,2011 super output areas - lower layer,298,Age 8 to 9,0.0
3922,2011,E01000908,2011 super output areas - lower layer,298,Age 10 to 14,0.0
3923,2011,E01000908,2011 super output areas - lower layer,298,Age 15,0.0
3924,2011,E01000908,2011 super output areas - lower layer,298,Age 16 to 17,0.0
3925,2011,E01000908,2011 super output areas - lower layer,298,Age 18 to 19,0.0
3926,2011,E01000908,2011 super output areas - lower layer,298,Age 20 to 24,0.0
3927,2011,E01000908,2011 super output areas - lower layer,298,Age 25 to 29,0.0
3928,2011,E01000908,2011 super output areas - lower layer,298,Age 30 to 44,0.0
3929,2011,E01000908,2011 super output areas - lower layer,298,Age 45 to 59,0.0
3930,2011,E01000908,2011 super output areas - lower layer,298,Age 60 to 64,0.0
3931,2011,E01000908,2011 super output areas - lower layer,298,Age 65 to 74,0.0
3932,2011,E01000908,2011 super output areas - lower layer,298,Age 75 to 84,0.0
3933,2011,E01000908,2011 super output areas - lower layer,298,Age 85 to 89,0.0
3934,2011,E01000908,2011 super output areas - lower layer,298,Age 90 and over,0.0
3935,2011,E01000908,2011 super output areas - lower layer,298,Mean Age,
3936,2011,E01000908,2011 super output areas - lower layer,298,Median Age,0.5
3937,2011,E01000908,2011 super output areas - lower layer,298,All usual residents,0.0
3938,2011,E01000908,2011 super output areas - lower layer,298,Age 0 to 4,0.0
3939,2011,E01000908,2011 super output areas - lower layer,298,Age 5 to 7,0.0
3940,2011,E01000908,2011 super output areas - lower layer,298,Age 8 to 9,0.0
3941,2011,E01000908,2011 super output areas - lower layer,298,Age 10 to 14,0.0
3942,2011,E01000908,2011 super output areas - lower layer,298,Age 15,0.0
3943,2011,E01000908,2011 super output areas - lower layer,298,Age 16 to 17,0.0
3944,2011,E01000908,2011 super output areas - lower layer,298,Age 18 to 19,0.0
3945,2011,E01000908,2011 super output areas - lower layer,298,Age 20 to 24,0.0
3946,2011,E01000908,2011 super output areas - lower layer,298,Age 25 to 29,0.0
3947,2011,E01000908,2011 super output areas - lower layer,298,Age 30 to 44,0.0
3948,2011,E01000908,2011 super output areas - lower layer,298,Age 45 to 59,0.0
3949,2011,E01000908,2011 super output areas - lower layer,298,Age 60 to 64,0.0
3950,2011,E01000908,2011 super output areas - lower layer,298,Age 65 to 74,0.0
3951,2011,E01000908,2011 super output areas - lower layer,298,Age 75 to 84,0.0
3952,2011,E01000908,2011 super output areas - lower layer,298,Age 85 to 89,0.0
3953,2011,E01000908,2011 super output areas - lower layer,298,Age 90 and over,0.0
3954,2011,E01000908,2011 super output areas - lower layer,298,Mean Age,
3955,2011,E01000908,2011 super output areas - lower layer,298,Median Age,0.5
3956,2011,E01000909,2011 super output areas - lower layer,298,All usual residents,1614.0
3957,2011,E01000909,2011 super output areas - lower layer,298,Age 0 to 4,78.0
3958,2011,E01000909,2011 super output areas - lower layer,298,Age 5 to 7,56.0
3959,2011,E01000909,2011 super output areas - lower layer,298,Age 8 to 9,22.0
3960,2011,E01000909,2011 super output areas - lower layer,298,Age 10 to 14,69.0
3961,2011,E01000909,2011 super output areas - lower layer,298,Age 15,19.0
3962,2011,E01000909,2011 super output areas - lower layer,298,Age 16 to 17,45.0
3963,2011,E01000909,2011 super output areas - lower layer,298,Age 18 to 19,36.0
3964,2011,E01000909,2011 super output areas - lower layer,298,Age 20 to 24,74.0
3965,2011,E01000909,2011 super output areas - lower layer,298,Age 25 to 29,136.0
3966,2011,E01000909,2011 super output areas - lower layer,298,Age 30 to 44,328.0
3967,2011,E01000909,2011 super output areas - lower layer,298,Age 45 to 59,340.0
3968,2011,E01000909,2011 super output areas - lower layer,298,Age 60 to 64,122.0
3969,2011,E01000909,2011 super output areas - lower layer,298,Age 65 to 74,172.0
3970,2011,E01000909,2011 super output areas - lower layer,298,Age 75 to 84,81.0
3971,2011,E01000909,2011 super output areas - lower layer,298,Age 85 to 89,29.0
3972,2011,E01000909,2011 super output areas - lower layer,298,Age 90 and over,7.0
3973,2011,E01000909,2011 super output areas - lower layer,298,Mean Age,41.7
3974,2011,E01000909,2011 super output areas - lower layer,298,Median Age,42.0
3975,2011,E01000909,2011 super output areas - lower layer,298,All usual residents,0.0
3976,2011,E01000909,2011 super output areas - lower layer,298,Age 0 to 4,0.0
3977,2011,E01000909,2011 super output areas - lower layer,298,Age 5 to 7,0.0
3978,2011,E01000909,2011 super output areas - lower layer,298,Age 8 to 9,0.0
3979,2011,E01000909,2011 super output areas - lower layer,298,Age 10 to 14,0.0
3980,2011,E01000909,2011 super output areas - lower layer,298,Age 15,0.0
3981,2011,E01000909,2011 super output areas - lower layer,298,Age 16 to 17,0.0
3982,2011,E01000909,2011 super output areas - lower layer,298,Age 18 to 19,0.0
3983,2011,E01000909,2011 super output areas - lower layer,298,Age 20 to 24,0.0
3984,2011,E01000909,2011 super output areas - lower layer,298,Age 25 to 29,0.0
3985,2011,E01000909,2011 super output areas - lower layer,298,Age 30 to 44,0.0
3986,2011,E01000909,2011 super output areas - lower layer,298,Age 45 to 59,0.0
3987,2011,E01000909,2011 super output areas - lower layer,298,Age 60 to 64,0.0
3988,2011,E01000909,2011 super output areas - lower layer,298,Age 65 to 74,0.0
3989,2011,E01000909,2011 super output areas - lower layer,298,Age 75 to 84,0.0
3990,2011,E01000909,2011 super output areas - lower layer,298,Age 85 to 89,0.0
3991,2011,E01000909,2011 super output areas - lower layer,298,Age 90 and over,0.0
3992,2011,E01000909,2011 super output areas - lower layer,298,Mean Age,
3993,2011,E01000909,2011 super output areas - lower layer,298,Median Age,0.5
3994,2011,E01000909,2011 super output areas - lower layer,298,All usual residents,0.0
3995,2011,E01000909,2011 super output areas - lower layer,298,Age 0 to 4,0.0
3996,2011,E01000909,2011 super output areas - lower layer,298,Age 5 to 7,0.0
3997,2011,E01000909,2011 super output areas - lower layer,298,Age 8 to 9,0.0
3998,2011,E01000909,2011 super output areas - lower layer,298,Age 10 to 14,0.0
3999,2011,E01000909,2011 super output areas - lower layer,298,Age 15,0.0
4000,2011,E01000909,2011 super output areas - lower layer,298,Age 16 to 17,0.0
4001,2011,E01000909,2011 super output areas - lower layer,298,Age 18 to 19,0.0
4002,2011,E01000909,2011 super output areas - lower layer,298,Age 20 to 24,0.0
4003,2011,E01000909,2011 super output areas - lower layer,298,Age 25 to 29,0.0
4004,2011,E01000909,2011 super output areas - lower layer,298,Age 30 to 44,0.0
4005,2011,E01000909,2011 super output areas - lower layer,298,Age 45 to 59,0.0
4006,2011,E01000909,2011 super output areas - lower layer,298,Age 60 to 64,0.0
4007,2011,E01000909,2011 super output areas - lower layer,298,Age 65 to 74,0.0
4008,2011,E01000909,2011 super output areas - lower layer,298,Age 75 to 84,0.0
4009,2011,E01000909,2011 super output areas - lower layer,298,Age 85 to 89,0.0
4010,2011,E01000909,2011 super output areas - lower layer,298,Age 90 and over,0.0
4011,2011,E01000909,2011 super output areas - lower layer,298,Mean Age,
4012,2011,E01000909,2011 super output areas - lower layer,298,Median Age,0.5
4013,2011,E01000909,2011 super output areas - lower layer,298,All usual residents,0.0
4014,2011,E01000909,2011 super output areas - lower layer,298,Age 0 to 4,0.0
4015,2011,E01000909,2011 super output areas - lower layer,298,Age 5 to 7,0.0
4016,2011,E01000909,2011 super output areas - lower layer,298,Age 8 to 9,0.0
4017,2011,E01000909,2011 super output areas - lower layer,298,Age 10 to 14,0.0
4018,2011,E01000909,2011 super output areas - lower layer,298,Age 15,0.0
4019,2011,E01000909,2011 super output areas - lower layer,298,Age 16 to 17,0.0
4020,2011,E01000909,2011 super output areas - lower layer,298,Age 18 to 19,0.0
4021,2011,E01000909,2011 super output areas - lower layer,298,Age 20 to 24,0.0
4022,2011,E01000909,2011 super output areas - lower layer,298,Age 25 to 29,0.0
4023,2011,E01000909,2011 super output areas - lower layer,298,Age 30 to 44,0.0
4024,2011,E01000909,2011 super output areas - lower layer,298,Age 45 to 59,0.0
4025,2011,E01000909,2011 super output areas - lower layer,298,Age 60 to 64,0.0
4026,2011,E01000909,2011 super output areas - lower layer,298,Age 65 to 74,0.0
4027,2011,E01000909,2011 super output areas - lower layer,298,Age 75 to 84,0.0
4028,2011,E01000909,2011 super output areas - lower layer,298,Age 85 to 89,0.0
4029,2011,E01000909,2011 super output areas - lower layer,298,Age 90 and over,0.0
4030,2011,E01000909,2011 super output areas - lower layer,298,Mean Age,
4031,2011,E01000909,2011 super output areas - lower layer,298,Median Age,0.5
4032,2011,E01000909,2011 super output areas - lower layer,298,All usual residents,0.0
4033,2011,E01000909,2011 super output areas - lower layer,298,Age 0 to 4,0.0
4034,2011,E01000909,2011 super output areas - lower layer,298,Age 5 to 7,0.0
4035,2011,E01000909,2011 super output areas - lower layer,298,Age 8 to 9,0.0
4036,2011,E01000909,2011 super output areas - lower layer,298,Age 10 to 14,0.0
4037,2011,E01000909,2011 super output areas - lower layer,298,Age 15,0.0
4038,2011,E01000909,2011 super output areas - lower layer,298,Age 16 to 17,0.0
4039,2011,E01000909,2011 super output areas - lower layer,298,Age 18 to 19,0.0
4040,2011,E01000909,2011 super output areas - lower layer,298,Age 20 to 24,0.0
4041,2011,E01000909,2011 super output areas - lower layer,298,Age 25 to 29,0.0
4042,2011,E01000909,2011 super output areas - lower layer,298,Age 30 to 44,0.0
4043,2011,E01000909,2011 super output areas - lower layer,298,Age 45 to 59,0.0
4044,2011,E01000909,2011 super output areas - lower layer,298,Age 60 to 64,0.0
4045,2011,E01000909,2011 super output areas - lower layer,298,Age 65 to 74,0.0
4046,2011,E01000909,2011 super output areas - lower layer,298,Age 75 to 84,0.0
4047,2011,E01000909,2011 super output areas - lower layer,298,Age 85 to 89,0.0
4048,2011,E01000909,2011 super output areas - lower layer,298,Age 90 and over,0.0
4049,2011,E01000909,2011 super output areas - lower layer,298,Mean Age,
4050,2011,E01000909,2011 super output areas - lower layer,298,Median Age,0.5
4051,2011,E01000909,2011 super output areas - lower layer,298,All usual residents,0.0
4052,2011,E01000909,2011 super output areas - lower layer,298,Age 0 to 4,0.0
4053,2011,E01000909,2011 super output areas - lower layer,298,Age 5 to 7,0.0
4054,2011,E01000909,2011 super output areas - lower layer,298,Age 8 to 9,0.0
4055,2011,E01000909,2011 super output areas - lower layer,298,Age 10 to 14,0.0
4056,2011,E01000909,2011 super output areas - lower layer,298,Age 15,0.0
4057,2011,E01000909,2011 super output areas - lower layer,298,Age 16 to 17,0.0
4058,2011,E01000909,2011 super output areas - lower layer,298,Age 18 to 19,0.0
4059,2011,E01000909,2011 super output areas - lower layer,298,Age 20 to 24,0.0
4060,2011,E01000909,2011 super output areas - lower layer,298,Age 25 to 29,0.0
4061,2011,E01000909,2011 super output areas - lower layer,298,Age 30 to 44,0.0
4062,2011,E01000909,2011 super output areas - lower layer,298,Age 45 to 59,0.0
4063,2011,E01000909,2011 super output areas - lower layer,298,Age 60 to 64,0.0
4064,2011,E01000909,2011 super output areas - lower layer,298,Age 65 to 74,0.0
4065,2011,E01000909,2011 super output areas - lower layer,298,Age 75 to 84,0.0
4066,2011,E01000909,2011 super output areas - lower layer,298,Age 85 to 89,0.0
4067,2011,E01000909,2011 super output areas - lower layer,298,Age 90 and over,0.0
4068,2011,E01000909,2011 super output areas - lower layer,298,Mean Age,
4069,2011,E01000909,2011 super output areas - lower layer,298,Median Age,0.5
4070,2011,E01000909,2011 super output areas - lower layer,298,All usual residents,0.0
4071,2011,E01000909,2011 super output areas - lower layer,298,Age 0 to 4,0.0
4072,2011,E01000909,2011 super output areas - lower layer,298,Age 5 to 7,0.0
4073,2011,E01000909,2011 super output areas - lower layer,298,Age 8 to 9,0.0
4074,2011,E01000909,2011 super output areas - lower layer,298,Age 10 to 14,0.0
4075,2011,E01000909,2011 super output areas - lower layer,298,Age 15,0.0
4076,2011,E01000909,2011 super output areas - lower layer,298,Age 16 to 17,0.0
4077,2011,E01000909,2011 super output areas - lower layer,298,Age 18 to 19,0.0
4078,2011,E01000909,2011 super output areas - lower layer,298,Age 20 to 24,0.0
4079,2011,E01000909,2011 super output areas - lower layer,298,Age 25 to 29,0.0
4080,2011,E01000909,2011 super output areas - lower layer,298,Age 30 to 44,0.0
4081,2011,E01000909,2011 super output areas - lower layer,298,Age 45 to 59,0.0
4082,2011,E01000909,2011 super output areas - lower layer,298,Age 60 to 64,0.0
4083,2011,E01000909,2011 super output areas - lower layer,298,Age 65 to 74,0.0
4084,2011,E01000909,2011 super output areas - lower layer,298,Age 75 to 84,0.0
4085,2011,E01000909,2011 super output areas - lower layer,298,Age 85 to 89,0.0
4086,2011,E01000909,2011 super output areas - lower layer,298,Age 90 and over,0.0
4087,2011,E01000909,2011 super output areas - lower layer,298,Mean Age,
4088,2011,E01000909,2011 super output areas - lower layer,298,Median Age,0.5
4089,2011,E01000909,2011 super output areas - lower layer,298,All usual residents,0.0
4090,2011,E01000909,2011 super output areas - lower layer,298,Age 0 to 4,0.0
4091,2011,E01000909,2011 super output areas - lower layer,298,Age 5 to 7,0.0
4092,2011,E01000909,2011 super output areas - lower layer,298,Age 8 to 9,0.0
4093,2011,E01000909,2011 super output areas - lower layer,298,Age 10 to 14,0.0
4094,2011,E01000909,2011 super output areas - lower layer,298,Age 15,0.0
4095,2011,E01000909,2011 super output areas - lower layer,298,Age 16 to 17,0.0
4096,2011,E01000909,2011 super output areas - lower layer,298,Age 18 to 19,0.0
4097,2011,E01000909,2011 super output areas - lower layer,298,Age 20 to 24,0.0
4098,2011,E01000909,2011 super output areas - lower layer,298,Age 25 to 29,0.0
4099,2011,E01000909,2011 super output areas - lower layer,298,Age 30 to 44,0.0
4100,2011,E01000909,2011 super output areas - lower layer,298,Age 45 to 59,0.0
4101,2011,E01000909,2011 super output areas - lower layer,298,Age 60 to 64,0.0
4102,2011,E01000909,2011 super output areas - lower layer,298,Age 65 to 74,0.0
4103,2011,E01000909,2011 super output areas - lower layer,298,Age 75 to 84,0.0
4104,2011,E01000909,2011 super output areas - lower layer,298,Age 85 to 89,0.0
4105,2011,E01000909,2011 super output areas - lower layer,298,Age 90 and over,0.0
4106,2011,E01000909,2011 super output areas - lower layer,298,Mean Age,
4107,2011,E01000909,2011 super output areas - lower layer,298,Median Age,0.5
4108,2011,E01000909,2011 super output areas - lower layer,298,All usual residents,0.0
4109,2011,E01000909,2011 super output areas - lower layer,298,Age 0 to 4,0.0
4110,2011,E01000909,2011 super output areas - lower layer,298,Age 5 to 7,0.0
4111,2011,E01000909,2011 super output areas - lower layer,298,Age 8 to 9,0.0
4112,2011,E01000909,2011 super output areas - lower layer,298,Age 10 to 14,0.0
4113,2011,E01000909,2011 super output areas - lower layer,298,Age 15,0.0
4114,2011,E01000909,2011 super output areas - lower layer,298,Age 16 to 17,0.0
4115,2011,E01000909,2011 super output areas - lower layer,298,Age 18 to 19,0.0
4116,2011,E01000909,2011 super output areas - lower layer,298,Age 20 to 24,0.0
4117,2011,E01000909,2011 super output areas - lower layer,298,Age 25 to 29,0.0
4118,2011,E01000909,2011 super output areas - lower layer,298,Age 30 to 44,0.0
4119,2011,E01000909,2011 super output areas - lower layer,298,Age 45 to 59,0.0
4120,2011,E01000909,2011 super output areas - lower layer,298,Age 60 to 64,0.0
4121,2011,E01000909,2011 super output areas - lower layer,298,Age 65 to 74,0.0
4122,2011,E01000909,2011 super output areas - lower layer,298,Age 75 to 84,0.0
4123,2011,E01000909,2011 super output areas - lower layer,298,Age 85 to 89,0.0
4124,2011,E01000909,2011 super output areas - lower layer,298,Age 90 and over,0.0
4125,2011,E01000909,2011 super output areas - lower layer,298,Mean Age,
4126,2011,E01000909,2011 super output areas - lower layer,298,Median Age,0.5
4127,2011,E01000909,2011 super output areas - lower layer,298,All usual residents,0.0
4128,2011,E01000909,2011 super output areas - lower layer,298,Age 0 to 4,0.0
4129,2011,E01000909,2011 super output areas - lower layer,298,Age 5 to 7,0.0
4130,2011,E01000909,2011 super output areas - lower layer,298,Age 8 to 9,0.0
4131,2011,E01000909,2011 super output areas - lower layer,298,Age 10 to 14,0.0
4132,2011,E01000909,2011 super output areas - lower layer,298,Age 15,0.0
4133,2011,E01000909,2011 super output areas - lower layer,298,Age 16 to 17,0.0
4134,2011,E01000909,2011 super output areas - lower layer,298,Age 18 to 19,0.0
4135,2011,E01000909,2011 super output areas - lower layer,298,Age 20 to 24,0.0
4136,2011,E01000909,2011 super output areas - lower layer,298,Age 25 to 29,0.0
4137,2011,E01000909,2011 super output areas - lower layer,298,Age 30 to 44,0.0
4138,2011,E01000909,2011 super output areas - lower layer,298,Age 45 to 59,0.0
4139,2011,E01000909,2011 super output areas - lower layer,298,Age 60 to 64,0.0
4140,2011,E01000909,2011 super output areas - lower layer,298,Age 65 to 74,0.0
4141,2011,E01000909,2011 super output areas - lower layer,298,Age 75 to 84,0.0
4142,2011,E01000909,2011 super output areas - lower layer,298,Age 85 to 89,0.0
4143,2011,E01000909,2011 super output areas - lower layer,298,Age 90 and over,0.0
4144,2011,E01000909,2011 super output areas - lower layer,298,Mean Age,
4145,2011,E01000909,2011 super output areas - lower layer,298,Median Age,0.5
4146,2011,E01000909,2011 super output areas - lower layer,298,All usual residents,0.0
4147,2011,E01000909,2011 super output areas - lower layer,298,Age 0 to 4,0.0
4148,2011,E01000909,2011 super output areas - lower layer,298,Age 5 to 7,0.0
4149,2011,E01000909,2011 super output areas - lower layer,298,Age 8 to 9,0.0
4150,2011,E01000909,2011 super output areas - lower layer,298,Age 10 to 14,0.0
4151,2011,E01000909,2011 super output areas - lower layer,298,Age 15,0.0
4152,2011,E01000909,2011 super output areas - lower layer,298,Age 16 to 17,0.0
4153,2011,E01000909,2011 super output areas - lower layer,298,Age 18 to 19,0.0
4154,2011,E01000909,2011 super output areas - lower layer,298,Age 20 to 24,0.0
4155,2011,E01000909,2011 super output areas - lower layer,298,Age 25 to 29,0.0
4156,2011,E01000909,2011 super output areas - lower layer,298,Age 30 to 44,0.0
4157,2011,E01000909,2011 super output areas - lower layer,298,Age 45 to 59,0.0
4158,2011,E01000909,2011 super output areas - lower layer,298,Age 60 to 64,0.0
4159,2011,E01000909,2011 super output areas - lower layer,298,Age 65 to 74,0.0
4160,2011,E01000909,2011 super output areas - lower layer,298,Age 75 to 84,0.0
4161,2011,E01000909,2011 super output areas - lower layer,298,Age 85 to 89,0.0
4162,2011,E01000909,2011 super output areas - lower layer,298,Age 90 and over,0.0
4163,2011,E01000909,2011 super output areas - lower layer,298,Mean Age,
4164,2011,E01000909,2011 super output areas - lower layer,298,Median Age,0.5
4165,2011,E01000909,2011 super output areas - lower layer,298,All usual residents,0.0
4166,2011,E01000909,2011 super output areas - lower layer,298,Age 0 to 4,0.0
4167,2011,E01000909,2011 super output areas - lower layer,298,Age 5 to 7,0.0
4168,2011,E01000909,2011 super output areas - lower layer,298,Age 8 to 9,0.0
4169,2011,E01000909,2011 super output areas - lower layer,298,Age 10 to 14,0.0
4170,2011,E01000909,2011 super output areas - lower layer,298,Age 15,0.0
4171,2011,E01000909,2011 super output areas - lower layer,298,Age 16 to 17,0.0
4172,2011,E01000909,2011 super output areas - lower layer,298,Age 18 to 19,0.0
4173,2011,E01000909,2011 super output areas - lower layer,298,Age 20 to 24,0.0
4174,2011,E01000909,2011 super output areas - lower layer,298,Age 25 to 29,0.0
4175,2011,E01000909,2011 super output areas - lower layer,298,Age 30 to 44,0.0
4176,2011,E01000909,2011 super output areas - lower layer,298,Age 45 to 59,0.0
4177,2011,E01000909,2011 super output areas - lower layer,298,Age 60 to 64,0.0
4178,2011,E01000909,2011 super output areas - lower layer,298,Age 65 to 74,0.0
4179,2011,E01000909,2011 super output areas - lower layer,298,Age 75 to 84,0.0
4180,2011,E01000909,2011 super output areas - lower layer,298,Age 85 to 89,0.0
4181,2011,E01000909,2011 super output areas - lower layer,298,Age 90 and over,0.0
4182,2011,E01000909,2011 super output areas - lower layer,298,Mean Age,
4183,2011,E01000909,2011 super output areas - lower layer,298,Median Age,0.5
4184,2011,E01000909,2011 super output areas - lower layer,298,All usual residents,0.0
4185,2011,E01000909,2011 super output areas - lower layer,298,Age 0 to 4,0.0
4186,2011,E01000909,2011 super output areas - lower layer,298,Age 5 to 7,0.0
4187,2011,E01000909,2011 super output areas - lower layer,298,Age 8 to 9,0.0
4188,2011,E01000909,2011 super output areas - lower layer,298,Age 10 to 14,0.0
4189,2011,E01000909,2011 super output areas - lower layer,298,Age 15,0.0
4190,2011,E01000909,2011 super output areas - lower layer,298,Age 16 to 17,0.0
4191,2011,E01000909,2011 super output areas - lower layer,298,Age 18 to 19,0.0
4192,2011,E01000909,2011 super output areas - lower layer,298,Age 20 to 24,0.0
4193,2011,E01000909,2011 super output areas - lower layer,298,Age 25 to 29,0.0
4194,2011,E01000909,2011 super output areas - lower layer,298,Age 30 to 44,0.0
4195,2011,E01000909,2011 super output areas - lower layer,298,Age 45 to 59,0.0
4196,2011,E01000909,2011 super output areas - lower layer,298,Age 60 to 64,0.0
4197,2011,E01000909,2011 super output areas - lower layer,298,Age 65 to 74,0.0
4198,2011,E01000909,2011 super output areas - lower layer,298,Age 75 to 84,0.0
4199,2011,E01000909,2011 super output areas - lower layer,298,Age 85 to 89,0.0
4200,2011,E01000909,2011 super output areas - lower layer,298,Age 90 and over,0.0
4201,2011,E01000909,2011 super output areas - lower layer,298,Mean Age,
4202,2011,E01000909,2011 super output areas - lower layer,298,Median Age,0.5
4203,2011,E01000912,2011 super output areas - lower layer,298,All usual residents,1589.0
4204,2011,E01000912,2011 super output areas - lower layer,298,Age 0 to 4,89.0
4205,2011,E01000912,2011 super output areas - lower layer,298,Age 5 to 7,41.0
4206,2011,E01000912,2011 super output areas - lower layer,298,Age 8 to 9,25.0
4207,2011,E01000912,2011 super output areas - lower layer,298,Age 10 to 14,80.0
4208,2011,E01000912,2011 super output areas - lower layer,298,Age 15,25.0
4209,2011,E01000912,2011 super output areas - lower layer,298,Age 16 to 17,37.0
4210,2011,E01000912,2011 super output areas - lower layer,298,Age 18 to 19,32.0
4211,2011,E01000912,2011 super output areas - lower layer,298,Age 20 to 24,129.0
4212,2011,E01000912,2011 super output areas - lower layer,298,Age 25 to 29,158.0
4213,2011,E01000912,2011 super output areas - lower layer,298,Age 30 to 44,352.0
4214,2011,E01000912,2011 super output areas - lower layer,298,Age 45 to 59,313.0
4215,2011,E01000912,2011 super output areas - lower layer,298,Age 60 to 64,82.0
4216,2011,E01000912,2011 super output areas - lower layer,298,Age 65 to 74,132.0
4217,2011,E01000912,2011 super output areas - lower layer,298,Age 75 to 84,60.0
4218,2011,E01000912,2011 super output areas - lower layer,298,Age 85 to 89,24.0
4219,2011,E01000912,2011 super output areas - lower layer,298,Age 90 and over,10.0
4220,2011,E01000912,2011 super output areas - lower layer,298,Mean Age,38.7
4221,2011,E01000912,2011 super output areas - lower layer,298,Median Age,38.0
4222,2011,E01000912,2011 super output areas - lower layer,298,All usual residents,0.0
4223,2011,E01000912,2011 super output areas - lower layer,298,Age 0 to 4,0.0
4224,2011,E01000912,2011 super output areas - lower layer,298,Age 5 to 7,0.0
4225,2011,E01000912,2011 super output areas - lower layer,298,Age 8 to 9,0.0
4226,2011,E01000912,2011 super output areas - lower layer,298,Age 10 to 14,0.0
4227,2011,E01000912,2011 super output areas - lower layer,298,Age 15,0.0
4228,2011,E01000912,2011 super output areas - lower layer,298,Age 16 to 17,0.0
4229,2011,E01000912,2011 super output areas - lower layer,298,Age 18 to 19,0.0
4230,2011,E01000912,2011 super output areas - lower layer,298,Age 20 to 24,0.0
4231,2011,E01000912,2011 super output areas - lower layer,298,Age 25 to 29,0.0
4232,2011,E01000912,2011 super output areas - lower layer,298,Age 30 to 44,0.0
4233,2011,E01000912,2011 super output areas - lower layer,298,Age 45 to 59,0.0
4234,2011,E01000912,2011 super output areas - lower layer,298,Age 60 to 64,0.0
4235,2011,E01000912,2011 super output areas - lower layer,298,Age 65 to 74,0.0
4236,2011,E01000912,2011 super output areas - lower layer,298,Age 75 to 84,0.0
4237,2011,E01000912,2011 super output areas - lower layer,298,Age 85 to 89,0.0
4238,2011,E01000912,2011 super output areas - lower layer,298,Age 90 and over,0.0
4239,2011,E01000912,2011 super output areas - lower layer,298,Mean Age,
4240,2011,E01000912,2011 super output areas - lower layer,298,Median Age,0.5
4241,2011,E01000912,2011 super output areas - lower layer,298,All usual residents,0.0
4242,2011,E01000912,2011 super output areas - lower layer,298,Age 0 to 4,0.0
4243,2011,E01000912,2011 super output areas - lower layer,298,Age 5 to 7,0.0
4244,2011,E01000912,2011 super output areas - lower layer,298,Age 8 to 9,0.0
4245,2011,E01000912,2011 super output areas - lower layer,298,Age 10 to 14,0.0
4246,2011,E01000912,2011 super output areas - lower layer,298,Age 15,0.0
4247,2011,E01000912,2011 super output areas - lower layer,298,Age 16 to 17,0.0
4248,2011,E01000912,2011 super output areas - lower layer,298,Age 18 to 19,0.0
4249,2011,E01000912,2011 super output areas - lower layer,298,Age 20 to 24,0.0
4250,2011,E01000912,2011 super output areas - lower layer,298,Age 25 to 29,0.0
4251,2011,E01000912,2011 super output areas - lower layer,298,Age 30 to 44,0.0
4252,2011,E01000912,2011 super output areas - lower layer,298,Age 45 to 59,0.0
4253,2011,E01000912,2011 super output areas - lower layer,298,Age 60 to 64,0.0
4254,2011,E01000912,2011 super output areas - lower layer,298,Age 65 to 74,0.0
4255,2011,E01000912,2011 super output areas - lower layer,298,Age 75 to 84,0.0
4256,2011,E01000912,2011 super output areas - lower layer,298,Age 85 to 89,0.0
4257,2011,E01000912,2011 super output areas - lower layer,298,Age 90 and over,0.0
4258,2011,E01000912,2011 super output areas - lower layer,298,Mean Age,
4259,2011,E01000912,2011 super output areas - lower layer,298,Median Age,0.5
4260,2011,E01000912,2011 super output areas - lower layer,298,All usual residents,0.0
4261,2011,E01000912,2011 super output areas - lower layer,298,Age 0 to 4,0.0
4262,2011,E01000912,2011 super output areas - lower layer,298,Age 5 to 7,0.0
4263,2011,E01000912,2011 super output areas - lower layer,298,Age 8 to 9,0.0
4264,2011,E01000912,2011 super output areas - lower layer,298,Age 10 to 14,0.0
4265,2011,E01000912,2011 super output areas - lower layer,298,Age 15,0.0
4266,2011,E01000912,2011 super output areas - lower layer,298,Age 16 to 17,0.0
4267,2011,E01000912,2011 super output areas - lower layer,298,Age 18 to 19,0.0
4268,2011,E01000912,2011 super output areas - lower layer,298,Age 20 to 24,0.0
4269,2011,E01000912,2011 super output areas - lower layer,298,Age 25 to 29,0.0
4270,2011,E01000912,2011 super output areas - lower layer,298,Age 30 to 44,0.0
4271,2011,E01000912,2011 super output areas - lower layer,298,Age 45 to 59,0.0
4272,2011,E01000912,2011 super output areas - lower layer,298,Age 60 to 64,0.0
4273,2011,E01000912,2011 super output areas - lower layer,298,Age 65 to 74,0.0
4274,2011,E01000912,2011 super output areas - lower layer,298,Age 75 to 84,0.0
4275,2011,E01000912,2011 super output areas - lower layer,298,Age 85 to 89,0.0
4276,2011,E01000912,2011 super output areas - lower layer,298,Age 90 and over,0.0
4277,2011,E01000912,2011 super output areas - lower layer,298,Mean Age,
4278,2011,E01000912,2011 super output areas - lower layer,298,Median Age,0.5
4279,2011,E01000912,2011 super output areas - lower layer,298,All usual residents,0.0
4280,2011,E01000912,2011 super output areas - lower layer,298,Age 0 to 4,0.0
4281,2011,E01000912,2011 super output areas - lower layer,298,Age 5 to 7,0.0
4282,2011,E01000912,2011 super output areas - lower layer,298,Age 8 to 9,0.0
4283,2011,E01000912,2011 super output areas - lower layer,298,Age 10 to 14,0.0
4284,2011,E01000912,2011 super output areas - lower layer,298,Age 15,0.0
4285,2011,E01000912,2011 super output areas - lower layer,298,Age 16 to 17,0.0
4286,2011,E01000912,2011 super output areas - lower layer,298,Age 18 to 19,0.0
4287,2011,E01000912,2011 super output areas - lower layer,298,Age 20 to 24,0.0
4288,2011,E01000912,2011 super output areas - lower layer,298,Age 25 to 29,0.0
4289,2011,E01000912,2011 super output areas - lower layer,298,Age 30 to 44,0.0
4290,2011,E01000912,2011 super output areas - lower layer,298,Age 45 to 59,0.0
4291,2011,E01000912,2011 super output areas - lower layer,298,Age 60 to 64,0.0
4292,2011,E01000912,2011 super output areas - lower layer,298,Age 65 to 74,0.0
4293,2011,E01000912,2011 super output areas - lower layer,298,Age 75 to 84,0.0
4294,2011,E01000912,2011 super output areas - lower layer,298,Age 85 to 89,0.0
4295,2011,E01000912,2011 super output areas - lower layer,298,Age 90 and over,0.0
4296,2011,E01000912,2011 super output areas - lower layer,298,Mean Age,
4297,2011,E01000912,2011 super output areas - lower layer,298,Median Age,0.5
4298,2011,E01000912,2011 super output areas - lower layer,298,All usual residents,0.0
4299,2011,E01000912,2011 super output areas - lower layer,298,Age 0 to 4,0.0
4300,2011,E01000912,2011 super output areas - lower layer,298,Age 5 to 7,0.0
4301,2011,E01000912,2011 super output areas - lower layer,298,Age 8 to 9,0.0
4302,2011,E01000912,2011 super output areas - lower layer,298,Age 10 to 14,0.0
4303,2011,E01000912,2011 super output areas - lower layer,298,Age 15,0.0
4304,2011,E01000912,2011 super output areas - lower layer,298,Age 16 to 17,0.0
4305,2011,E01000912,2011 super output areas - lower layer,298,Age 18 to 19,0.0
4306,2011,E01000912,2011 super output areas - lower layer,298,Age 20 to 24,0.0
4307,2011,E01000912,2011 super output areas - lower layer,298,Age 25 to 29,0.0
4308,2011,E01000912,2011 super output areas - lower layer,298,Age 30 to 44,0.0
4309,2011,E01000912,2011 super output areas - lower layer,298,Age 45 to 59,0.0
4310,2011,E01000912,2011 super output areas - lower layer,298,Age 60 to 64,0.0
4311,2011,E01000912,2011 super output areas - lower layer,298,Age 65 to 74,0.0
4312,2011,E01000912,2011 super output areas - lower layer,298,Age 75 to 84,0.0
4313,2011,E01000912,2011 super output areas - lower layer,298,Age 85 to 89,0.0
4314,2011,E01000912,2011 super output areas - lower layer,298,Age 90 and over,0.0
4315,2011,E01000912,2011 super output areas - lower layer,298,Mean Age,
4316,2011,E01000912,2011 super output areas - lower layer,298,Median Age,0.5
4317,2011,E01000912,2011 super output areas - lower layer,298,All usual residents,0.0
4318,2011,E01000912,2011 super output areas - lower layer,298,Age 0 to 4,0.0
4319,2011,E01000912,2011 super output areas - lower layer,298,Age 5 to 7,0.0
4320,2011,E01000912,2011 super output areas - lower layer,298,Age 8 to 9,0.0
4321,2011,E01000912,2011 super output areas - lower layer,298,Age 10 to 14,0.0
4322,2011,E01000912,2011 super output areas - lower layer,298,Age 15,0.0
4323,2011,E01000912,2011 super output areas - lower layer,298,Age 16 to 17,0.0
4324,2011,E01000912,2011 super output areas - lower layer,298,Age 18 to 19,0.0
4325,2011,E01000912,2011 super output areas - lower layer,298,Age 20 to 24,0.0
4326,2011,E01000912,2011 super output areas - lower layer,298,Age 25 to 29,0.0
4327,2011,E01000912,2011 super output areas - lower layer,298,Age 30 to 44,0.0
4328,2011,E01000912,2011 super output areas - lower layer,298,Age 45 to 59,0.0
4329,2011,E01000912,2011 super output areas - lower layer,298,Age 60 to 64,0.0
4330,2011,E01000912,2011 super output areas - lower layer,298,Age 65 to 74,0.0
4331,2011,E01000912,2011 super output areas - lower layer,298,Age 75 to 84,0.0
4332,2011,E01000912,2011 super output areas - lower layer,298,Age 85 to 89,0.0
4333,2011,E01000912,2011 super output areas - lower layer,298,Age 90 and over,0.0
4334,2011,E01000912,2011 super output areas - lower layer,298,Mean Age,
4335,2011,E01000912,2011 super output areas - lower layer,298,Median Age,0.5
4336,2011,E01000912,2011 super output areas - lower layer,298,All usual residents,0.0
4337,2011,E01000912,2011 super output areas - lower layer,298,Age 0 to 4,0.0
4338,2011,E01000912,2011 super output areas - lower layer,298,Age 5 to 7,0.0
4339,2011,E01000912,2011 super output areas - lower layer,298,Age 8 to 9,0.0
4340,2011,E01000912,2011 super output areas - lower layer,298,Age 10 to 14,0.0
4341,2011,E01000912,2011 super output areas - lower layer,298,Age 15,0.0
4342,2011,E01000912,2011 super output areas - lower layer,298,Age 16 to 17,0.0
4343,2011,E01000912,2011 super output areas - lower layer,298,Age 18 to 19,0.0
4344,2011,E01000912,2011 super output areas - lower layer,298,Age 20 to 24,0.0
4345,2011,E01000912,2011 super output areas - lower layer,298,Age 25 to 29,0.0
4346,2011,E01000912,2011 super output areas - lower layer,298,Age 30 to 44,0.0
4347,2011,E01000912,2011 super output areas - lower layer,298,Age 45 to 59,0.0
4348,2011,E01000912,2011 super output areas - lower layer,298,Age 60 to 64,0.0
4349,2011,E01000912,2011 super output areas - lower layer,298,Age 65 to 74,0.0
4350,2011,E01000912,2011 super output areas - lower layer,298,Age 75 to 84,0.0
4351,2011,E01000912,2011 super output areas - lower layer,298,Age 85 to 89,0.0
4352,2011,E01000912,2011 super output areas - lower layer,298,Age 90 and over,0.0
4353,2011,E01000912,2011 super output areas - lower layer,298,Mean Age,
4354,2011,E01000912,2011 super output areas - lower layer,298,Median Age,0.5
4355,2011,E01000912,2011 super output areas - lower layer,298,All usual residents,0.0
4356,2011,E01000912,2011 super output areas - lower layer,298,Age 0 to 4,0.0
4357,2011,E01000912,2011 super output areas - lower layer,298,Age 5 to 7,0.0
4358,2011,E01000912,2011 super output areas - lower layer,298,Age 8 to 9,0.0
4359,2011,E01000912,2011 super output areas - lower layer,298,Age 10 to 14,0.0
4360,2011,E01000912,2011 super output areas - lower layer,298,Age 15,0.0
4361,2011,E01000912,2011 super output areas - lower layer,298,Age 16 to 17,0.0
4362,2011,E01000912,2011 super output areas - lower layer,298,Age 18 to 19,0.0
4363,2011,E01000912,2011 super output areas - lower layer,298,Age 20 to 24,0.0
4364,2011,E01000912,2011 super output areas - lower layer,298,Age 25 to 29,0.0
4365,2011,E01000912,2011 super output areas - lower layer,298,Age 30 to 44,0.0
4366,2011,E01000912,2011 super output areas - lower layer,298,Age 45 to 59,0.0
4367,2011,E01000912,2011 super output areas - lower layer,298,Age 60 to 64,0.0
4368,2011,E01000912,2011 super output areas - lower layer,298,Age 65 to 74,0.0
4369,2011,E01000912,2011 super output areas - lower layer,298,Age 75 to 84,0.0
4370,2011,E01000912,2011 super output areas - lower layer,298,Age 85 to 89,0.0
4371,2011,E01000912,2011 super output areas - lower layer,298,Age 90 and over,0.0
4372,2011,E01000912,2011 super output areas - lower layer,298,Mean Age,
4373,2011,E01000912,2011 super output areas - lower layer,298,Median Age,0.5
4374,2011,E01000912,2011 super output areas - lower layer,298,All usual residents,0.0
4375,2011,E01000912,2011 super output areas - lower layer,298,Age 0 to 4,0.0
4376,2011,E01000912,2011 super output areas - lower layer,298,Age 5 to 7,0.0
4377,2011,E01000912,2011 super output areas - lower layer,298,Age 8 to 9,0.0
4378,2011,E01000912,2011 super output areas - lower layer,298,Age 10 to 14,0.0
4379,2011,E01000912,2011 super output areas - lower layer,298,Age 15,0.0
4380,2011,E01000912,2011 super output areas - lower layer,298,Age 16 to 17,0.0
4381,2011,E01000912,2011 super output areas - lower layer,298,Age 18 to 19,0.0
4382,2011,E01000912,2011 super output areas - lower layer,298,Age 20 to 24,0.0
4383,2011,E01000912,2011 super output areas - lower layer,298,Age 25 to 29,0.0
4384,2011,E01000912,2011 super output areas - lower layer,298,Age 30 to 44,0.0
4385,2011,E01000912,2011 super output areas - lower layer,298,Age 45 to 59,0.0
4386,2011,E01000912,2011 super output areas - lower layer,298,Age 60 to 64,0.0
4387,2011,E01000912,2011 super output areas - lower layer,298,Age 65 to 74,0.0
4388,2011,E01000912,2011 super output areas - lower layer,298,Age 75 to 84,0.0
4389,2011,E01000912,2011 super output areas - lower layer,298,Age 85 to 89,0.0
4390,2011,E01000912,2011 super output areas - lower layer,298,Age 90 and over,0.0
4391,2011,E01000912,2011 super output areas - lower layer,298,Mean Age,
4392,2011,E01000912,2011 super output areas - lower layer,298,Median Age,0.5
4393,2011,E01000912,2011 super output areas - lower layer,298,All usual residents,0.0
4394,2011,E01000912,2011 super output areas - lower layer,298,Age 0 to 4,0.0
4395,2011,E01000912,2011 super output areas - lower layer,298,Age 5 to 7,0.0
4396,2011,E01000912,2011 super output areas - lower layer,298,Age 8 to 9,0.0
4397,2011,E01000912,2011 super output areas - lower layer,298,Age 10 to 14,0.0
4398,2011,E01000912,2011 super output areas - lower layer,298,Age 15,0.0
4399,2011,E01000912,2011 super output areas - lower layer,298,Age 16 to 17,0.0
4400,2011,E01000912,2011 super output areas - lower layer,298,Age 18 to 19,0.0
4401,2011,E01000912,2011 super output areas - lower layer,298,Age 20 to 24,0.0
4402,2011,E01000912,2011 super output areas - lower layer,298,Age 25 to 29,0.0
4403,2011,E01000912,2011 super output areas - lower layer,298,Age 30 to 44,0.0
4404,2011,E01000912,2011 super output areas - lower layer,298,Age 45 to 59,0.0
4405,2011,E01000912,2011 super output areas - lower layer,298,Age 60 to 64,0.0
4406,2011,E01000912,2011 super output areas - lower layer,298,Age 65 to 74,0.0
4407,2011,E01000912,2011 super output areas - lower layer,298,Age 75 to 84,0.0
4408,2011,E01000912,2011 super output areas - lower layer,298,Age 85 to 89,0.0
4409,2011,E01000912,2011 super output areas - lower layer,298,Age 90 and over,0.0
4410,2011,E01000912,2011 super output areas - lower layer,298,Mean Age,
4411,2011,E01000912,2011 super output areas - lower layer,298,Median Age,0.5
4412,2011,E01000912,2011 super output areas - lower layer,298,All usual residents,0.0
4413,2011,E01000912,2011 super output areas - lower layer,298,Age 0 to 4,0.0
4414,2011,E01000912,2011 super output areas - lower layer,298,Age 5 to 7,0.0
4415,2011,E01000912,2011 super output areas - lower layer,298,Age 8 to 9,0.0
4416,2011,E01000912,2011 super output areas - lower layer,298,Age 10 to 14,0.0
4417,2011,E01000912,2011 super output areas - lower layer,298,Age 15,0.0
4418,2011,E01000912,2011 super output areas - lower layer,298,Age 16 to 17,0.0
4419,2011,E01000912,2011 super output areas - lower layer,298,Age 18 to 19,0.0
4420,2011,E01000912,2011 super output areas - lower layer,298,Age 20 to 24,0.0
4421,2011,E01000912,2011 super output areas - lower layer,298,Age 25 to 29,0.0
4422,2011,E01000912,2011 super output areas - lower layer,298,Age 30 to 44,0.0
4423,2011,E01000912,2011 super output areas - lower layer,298,Age 45 to 59,0.0
4424,2011,E01000912,2011 super output areas - lower layer,298,Age 60 to 64,0.0
4425,2011,E01000912,2011 super output areas - lower layer,298,Age 65 to 74,0.0
4426,2011,E01000912,2011 super output areas - lower layer,298,Age 75 to 84,0.0
4427,2011,E01000912,2011 super output areas - lower layer,298,Age 85 to 89,0.0
4428,2011,E01000912,2011 super output areas - lower layer,298,Age 90 and over,0.0
4429,2011,E01000912,2011 super output areas - lower layer,298,Mean Age,
4430,2011,E01000912,2011 super output areas - lower layer,298,Median Age,0.5
4431,2011,E01000912,2011 super output areas - lower layer,298,All usual residents,0.0
4432,2011,E01000912,2011 super output areas - lower layer,298,Age 0 to 4,0.0
4433,2011,E01000912,2011 super output areas - lower layer,298,Age 5 to 7,0.0
4434,2011,E01000912,2011 super output areas - lower layer,298,Age 8 to 9,0.0
4435,2011,E01000912,2011 super output areas - lower layer,298,Age 10 to 14,0.0
4436,2011,E01000912,2011 super output areas - lower layer,298,Age 15,0.0
4437,2011,E01000912,2011 super output areas - lower layer,298,Age 16 to 17,0.0
4438,2011,E01000912,2011 super output areas - lower layer,298,Age 18 to 19,0.0
4439,2011,E01000912,2011 super output areas - lower layer,298,Age 20 to 24,0.0
4440,2011,E01000912,2011 super output areas - lower layer,298,Age 25 to 29,0.0
4441,2011,E01000912,2011 super output areas - lower layer,298,Age 30 to 44,0.0
4442,2011,E01000912,2011 super output areas - lower layer,298,Age 45 to 59,0.0
4443,2011,E01000912,2011 super output areas - lower layer,298,Age 60 to 64,0.0
4444,2011,E01000912,2011 super output areas - lower layer,298,Age 65 to 74,0.0
4445,2011,E01000912,2011 super output areas - lower layer,298,Age 75 to 84,0.0
4446,2011,E01000912,2011 super output areas - lower layer,298,Age 85 to 89,0.0
4447,2011,E01000912,2011 super output areas - lower layer,298,Age 90 and over,0.0
4448,2011,E01000912,2011 super output areas - lower layer,298,Mean Age,
4449,2011,E01000912,2011 super output areas - lower layer,298,Median Age,0.5
4450,2011,E01000913,2011 super output areas - lower layer,298,All usual residents,1710.0
4451,2011,E01000913,2011 super output areas - lower layer,298,Age 0 to 4,88.0
4452,2011,E01000913,2011 super output areas - lower layer,298,Age 5 to 7,48.0
4453,2011,E01000913,2011 super output areas - lower layer,298,Age 8 to 9,41.0
4454,2011,E01000913,2011 super output areas - lower layer,298,Age 10 to 14,98.0
4455,2011,E01000913,2011 super output areas - lower layer,298,Age 15,17.0
4456,2011,E01000913,2011 super output areas - lower layer,298,Age 16 to 17,37.0
4457,2011,E01000913,2011 super output areas - lower layer,298,Age 18 to 19,16.0
4458,2011,E01000913,2011 super output areas - lower layer,298,Age 20 to 24,63.0
4459,2011,E01000913,2011 super output areas - lower layer,298,Age 25 to 29,104.0
4460,2011,E01000913,2011 super output areas - lower layer,298,Age 30 to 44,343.0
4461,2011,E01000913,2011 super output areas - lower layer,298,Age 45 to 59,387.0
4462,2011,E01000913,2011 super output areas - lower layer,298,Age 60 to 64,135.0
4463,2011,E01000913,2011 super output areas - lower layer,298,Age 65 to 74,201.0
4464,2011,E01000913,2011 super output areas - lower layer,298,Age 75 to 84,102.0
4465,2011,E01000913,2011 super output areas - lower layer,298,Age 85 to 89,19.0
4466,2011,E01000913,2011 super output areas - lower layer,298,Age 90 and over,11.0
4467,2011,E01000913,2011 super output areas - lower layer,298,Mean Age,42.8
4468,2011,E01000913,2011 super output areas - lower layer,298,Median Age,44.5
4469,2011,E01000913,2011 super output areas - lower layer,298,All usual residents,0.0
4470,2011,E01000913,2011 super output areas - lower layer,298,Age 0 to 4,0.0
4471,2011,E01000913,2011 super output areas - lower layer,298,Age 5 to 7,0.0
4472,2011,E01000913,2011 super output areas - lower layer,298,Age 8 to 9,0.0
4473,2011,E01000913,2011 super output areas - lower layer,298,Age 10 to 14,0.0
4474,2011,E01000913,2011 super output areas - lower layer,298,Age 15,0.0
4475,2011,E01000913,2011 super output areas - lower layer,298,Age 16 to 17,0.0
4476,2011,E01000913,2011 super output areas - lower layer,298,Age 18 to 19,0.0
4477,2011,E01000913,2011 super output areas - lower layer,298,Age 20 to 24,0.0
4478,2011,E01000913,2011 super output areas - lower layer,298,Age 25 to 29,0.0
4479,2011,E01000913,2011 super output areas - lower layer,298,Age 30 to 44,0.0
4480,2011,E01000913,2011 super output areas - lower layer,298,Age 45 to 59,0.0
4481,2011,E01000913,2011 super output areas - lower layer,298,Age 60 to 64,0.0
4482,2011,E01000913,2011 super output areas - lower layer,298,Age 65 to 74,0.0
4483,2011,E01000913,2011 super output areas - lower layer,298,Age 75 to 84,0.0
4484,2011,E01000913,2011 super output areas - lower layer,298,Age 85 to 89,0.0
4485,2011,E01000913,2011 super output areas - lower layer,298,Age 90 and over,0.0
4486,2011,E01000913,2011 super output areas - lower layer,298,Mean Age,
4487,2011,E01000913,2011 super output areas - lower layer,298,Median Age,0.5
4488,2011,E01000913,2011 super output areas - lower layer,298,All usual residents,0.0
4489,2011,E01000913,2011 super output areas - lower layer,298,Age 0 to 4,0.0
4490,2011,E01000913,2011 super output areas - lower layer,298,Age 5 to 7,0.0
4491,2011,E01000913,2011 super output areas - lower layer,298,Age 8 to 9,0.0
4492,2011,E01000913,2011 super output areas - lower layer,298,Age 10 to 14,0.0
4493,2011,E01000913,2011 super output areas - lower layer,298,Age 15,0.0
4494,2011,E01000913,2011 super output areas - lower layer,298,Age 16 to 17,0.0
4495,2011,E01000913,2011 super output areas - lower layer,298,Age 18 to 19,0.0
4496,2011,E01000913,2011 super output areas - lower layer,298,Age 20 to 24,0.0
4497,2011,E01000913,2011 super output areas - lower layer,298,Age 25 to 29,0.0
4498,2011,E01000913,2011 super output areas - lower layer,298,Age 30 to 44,0.0
4499,2011,E01000913,2011 super output areas - lower layer,298,Age 45 to 59,0.0
4500,2011,E01000913,2011 super output areas - lower layer,298,Age 60 to 64,0.0
4501,2011,E01000913,2011 super output areas - lower layer,298,Age 65 to 74,0.0
4502,2011,E01000913,2011 super output areas - lower layer,298,Age 75 to 84,0.0
4503,2011,E01000913,2011 super output areas - lower layer,298,Age 85 to 89,0.0
4504,2011,E01000913,2011 super output areas - lower layer,298,Age 90 and over,0.0
4505,2011,E01000913,2011 super output areas - lower layer,298,Mean Age,
4506,2011,E01000913,2011 super output areas - lower layer,298,Median Age,0.5
4507,2011,E01000913,2011 super output areas - lower layer,298,All usual residents,0.0
4508,2011,E01000913,2011 super output areas - lower layer,298,Age 0 to 4,0.0
4509,2011,E01000913,2011 super output areas - lower layer,298,Age 5 to 7,0.0
4510,2011,E01000913,2011 super output areas - lower layer,298,Age 8 to 9,0.0
4511,2011,E01000913,2011 super output areas - lower layer,298,Age 10 to 14,0.0
4512,2011,E01000913,2011 super output areas - lower layer,298,Age 15,0.0
4513,2011,E01000913,2011 super output areas - lower layer,298,Age 16 to 17,0.0
4514,2011,E01000913,2011 super output areas - lower layer,298,Age 18 to 19,0.0
4515,2011,E01000913,2011 super output areas - lower layer,298,Age 20 to 24,0.0
4516,2011,E01000913,2011 super output areas - lower layer,298,Age 25 to 29,0.0
4517,2011,E01000913,2011 super output areas - lower layer,298,Age 30 to 44,0.0
4518,2011,E01000913,2011 super output areas - lower layer,298,Age 45 to 59,0.0
4519,2011,E01000913,2011 super output areas - lower layer,298,Age 60 to 64,0.0
4520,2011,E01000913,2011 super output areas - lower layer,298,Age 65 to 74,0.0
4521,2011,E01000913,2011 super output areas - lower layer,298,Age 75 to 84,0.0
4522,2011,E01000913,2011 super output areas - lower layer,298,Age 85 to 89,0.0
4523,2011,E01000913,2011 super output areas - lower layer,298,Age 90 and over,0.0
4524,2011,E01000913,2011 super output areas - lower layer,298,Mean Age,
4525,2011,E01000913,2011 super output areas - lower layer,298,Median Age,0.5
4526,2011,E01000913,2011 super output areas - lower layer,298,All usual residents,0.0
4527,2011,E01000913,2011 super output areas - lower layer,298,Age 0 to 4,0.0
4528,2011,E01000913,2011 super output areas - lower layer,298,Age 5 to 7,0.0
4529,2011,E01000913,2011 super output areas - lower layer,298,Age 8 to 9,0.0
4530,2011,E01000913,2011 super output areas - lower layer,298,Age 10 to 14,0.0
4531,2011,E01000913,2011 super output areas - lower layer,298,Age 15,0.0
4532,2011,E01000913,2011 super output areas - lower layer,298,Age 16 to 17,0.0
4533,2011,E01000913,2011 super output areas - lower layer,298,Age 18 to 19,0.0
4534,2011,E01000913,2011 super output areas - lower layer,298,Age 20 to 24,0.0
4535,2011,E01000913,2011 super output areas - lower layer,298,Age 25 to 29,0.0
4536,2011,E01000913,2011 super output areas - lower layer,298,Age 30 to 44,0.0
4537,2011,E01000913,2011 super output areas - lower layer,298,Age 45 to 59,0.0
4538,2011,E01000913,2011 super output areas - lower layer,298,Age 60 to 64,0.0
4539,2011,E01000913,2011 super output areas - lower layer,298,Age 65 to 74,0.0
4540,2011,E01000913,2011 super output areas - lower layer,298,Age 75 to 84,0.0
4541,2011,E01000913,2011 super output areas - lower layer,298,Age 85 to 89,0.0
4542,2011,E01000913,2011 super output areas - lower layer,298,Age 90 and over,0.0
4543,2011,E01000913,2011 super output areas - lower layer,298,Mean Age,
4544,2011,E01000913,2011 super output areas - lower layer,298,Median Age,0.5
4545,2011,E01000913,2011 super output areas - lower layer,298,All usual residents,0.0
4546,2011,E01000913,2011 super output areas - lower layer,298,Age 0 to 4,0.0
4547,2011,E01000913,2011 super output areas - lower layer,298,Age 5 to 7,0.0
4548,2011,E01000913,2011 super output areas - lower layer,298,Age 8 to 9,0.0
4549,2011,E01000913,2011 super output areas - lower layer,298,Age 10 to 14,0.0
4550,2011,E01000913,2011 super output areas - lower layer,298,Age 15,0.0
4551,2011,E01000913,2011 super output areas - lower layer,298,Age 16 to 17,0.0
4552,2011,E01000913,2011 super output areas - lower layer,298,Age 18 to 19,0.0
4553,2011,E01000913,2011 super output areas - lower layer,298,Age 20 to 24,0.0
4554,2011,E01000913,2011 super output areas - lower layer,298,Age 25 to 29,0.0
4555,2011,E01000913,2011 super output areas - lower layer,298,Age 30 to 44,0.0
4556,2011,E01000913,2011 super output areas - lower layer,298,Age 45 to 59,0.0
4557,2011,E01000913,2011 super output areas - lower layer,298,Age 60 to 64,0.0
4558,2011,E01000913,2011 super output areas - lower layer,298,Age 65 to 74,0.0
4559,2011,E01000913,2011 super output areas - lower layer,298,Age 75 to 84,0.0
4560,2011,E01000913,2011 super output areas - lower layer,298,Age 85 to 89,0.0
4561,2011,E01000913,2011 super output areas - lower layer,298,Age 90 and over,0.0
4562,2011,E01000913,2011 super output areas - lower layer,298,Mean Age,
4563,2011,E01000913,2011 super output areas - lower layer,298,Median Age,0.5
4564,2011,E01000913,2011 super output areas - lower layer,298,All usual residents,0.0
4565,2011,E01000913,2011 super output areas - lower layer,298,Age 0 to 4,0.0
4566,2011,E01000913,2011 super output areas - lower layer,298,Age 5 to 7,0.0
4567,2011,E01000913,2011 super output areas - lower layer,298,Age 8 to 9,0.0
4568,2011,E01000913,2011 super output areas - lower layer,298,Age 10 to 14,0.0
4569,2011,E01000913,2011 super output areas - lower layer,298,Age 15,0.0
4570,2011,E01000913,2011 super output areas - lower layer,298,Age 16 to 17,0.0
4571,2011,E01000913,2011 super output areas - lower layer,298,Age 18 to 19,0.0
4572,2011,E01000913,2011 super output areas - lower layer,298,Age 20 to 24,0.0
4573,2011,E01000913,2011 super output areas - lower layer,298,Age 25 to 29,0.0
4574,2011,E01000913,2011 super output areas - lower layer,298,Age 30 to 44,0.0
4575,2011,E01000913,2011 super output areas - lower layer,298,Age 45 to 59,0.0
4576,2011,E01000913,2011 super output areas - lower layer,298,Age 60 to 64,0.0
4577,2011,E01000913,2011 super output areas - lower layer,298,Age 65 to 74,0.0
4578,2011,E01000913,2011 super output areas - lower layer,298,Age 75 to 84,0.0
4579,2011,E01000913,2011 super output areas - lower layer,298,Age 85 to 89,0.0
4580,2011,E01000913,2011 super output areas - lower layer,298,Age 90 and over,0.0
4581,2011,E01000913,2011 super output areas - lower layer,298,Mean Age,
4582,2011,E01000913,2011 super output areas - lower layer,298,Median Age,0.5
4583,2011,E01000913,2011 super output areas - lower layer,298,All usual residents,0.0
4584,2011,E01000913,2011 super output areas - lower layer,298,Age 0 to 4,0.0
4585,2011,E01000913,2011 super output areas - lower layer,298,Age 5 to 7,0.0
4586,2011,E01000913,2011 super output areas - lower layer,298,Age 8 to 9,0.0
4587,2011,E01000913,2011 super output areas - lower layer,298,Age 10 to 14,0.0
4588,2011,E01000913,2011 super output areas - lower layer,298,Age 15,0.0
4589,2011,E01000913,2011 super output areas - lower layer,298,Age 16 to 17,0.0
4590,2011,E01000913,2011 super output areas - lower layer,298,Age 18 to 19,0.0
4591,2011,E01000913,2011 super output areas - lower layer,298,Age 20 to 24,0.0
4592,2011,E01000913,2011 super output areas - lower layer,298,Age 25 to 29,0.0
4593,2011,E01000913,2011 super output areas - lower layer,298,Age 30 to 44,0.0
4594,2011,E01000913,2011 super output areas - lower layer,298,Age 45 to 59,0.0
4595,2011,E01000913,2011 super output areas - lower layer,298,Age 60 to 64,0.0
4596,2011,E01000913,2011 super output areas - lower layer,298,Age 65 to 74,0.0
4597,2011,E01000913,2011 super output areas - lower layer,298,Age 75 to 84,0.0
4598,2011,E01000913,2011 super output areas - lower layer,298,Age 85 to 89,0.0
4599,2011,E01000913,2011 super output areas - lower layer,298,Age 90 and over,0.0
4600,2011,E01000913,2011 super output areas - lower layer,298,Mean Age,
4601,2011,E01000913,2011 super output areas - lower layer,298,Median Age,0.5
4602,2011,E01000913,2011 super output areas - lower layer,298,All usual residents,0.0
4603,2011,E01000913,2011 super output areas - lower layer,298,Age 0 to 4,0.0
4604,2011,E01000913,2011 super output areas - lower layer,298,Age 5 to 7,0.0
4605,2011,E01000913,2011 super output areas - lower layer,298,Age 8 to 9,0.0
4606,2011,E01000913,2011 super output areas - lower layer,298,Age 10 to 14,0.0
4607,2011,E01000913,2011 super output areas - lower layer,298,Age 15,0.0
4608,2011,E01000913,2011 super output areas - lower layer,298,Age 16 to 17,0.0
4609,2011,E01000913,2011 super output areas - lower layer,298,Age 18 to 19,0.0
4610,2011,E01000913,2011 super output areas - lower layer,298,Age 20 to 24,0.0
4611,2011,E01000913,2011 super output areas - lower layer,298,Age 25 to 29,0.0
4612,2011,E01000913,2011 super output areas - lower layer,298,Age 30 to 44,0.0
4613,2011,E01000913,2011 super output areas - lower layer,298,Age 45 to 59,0.0
4614,2011,E01000913,2011 super output areas - lower layer,298,Age 60 to 64,0.0
4615,2011,E01000913,2011 super output areas - lower layer,298,Age 65 to 74,0.0
4616,2011,E01000913,2011 super output areas - lower layer,298,Age 75 to 84,0.0
4617,2011,E01000913,2011 super output areas - lower layer,298,Age 85 to 89,0.0
4618,2011,E01000913,2011 super output areas - lower layer,298,Age 90 and over,0.0
4619,2011,E01000913,2011 super output areas - lower layer,298,Mean Age,
4620,2011,E01000913,2011 super output areas - lower layer,298,Median Age,0.5
4621,2011,E01000913,2011 super output areas - lower layer,298,All usual residents,0.0
4622,2011,E01000913,2011 super output areas - lower layer,298,Age 0 to 4,0.0
4623,2011,E01000913,2011 super output areas - lower layer,298,Age 5 to 7,0.0
4624,2011,E01000913,2011 super output areas - lower layer,298,Age 8 to 9,0.0
4625,2011,E01000913,2011 super output areas - lower layer,298,Age 10 to 14,0.0
4626,2011,E01000913,2011 super output areas - lower layer,298,Age 15,0.0
4627,2011,E01000913,2011 super output areas - lower layer,298,Age 16 to 17,0.0
4628,2011,E01000913,2011 super output areas - lower layer,298,Age 18 to 19,0.0
4629,2011,E01000913,2011 super output areas - lower layer,298,Age 20 to 24,0.0
4630,2011,E01000913,2011 super output areas - lower layer,298,Age 25 to 29,0.0
4631,2011,E01000913,2011 super output areas - lower layer,298,Age 30 to 44,0.0
4632,2011,E01000913,2011 super output areas - lower layer,298,Age 45 to 59,0.0
4633,2011,E01000913,2011 super output areas - lower layer,298,Age 60 to 64,0.0
4634,2011,E01000913,2011 super output areas - lower layer,298,Age 65 to 74,0.0
4635,2011,E01000913,2011 super output areas - lower layer,298,Age 75 to 84,0.0
4636,2011,E01000913,2011 super output areas - lower layer,298,Age 85 to 89,0.0
4637,2011,E01000913,2011 super output areas - lower layer,298,Age 90 and over,0.0
4638,2011,E01000913,2011 super output areas - lower layer,298,Mean Age,
4639,2011,E01000913,2011 super output areas - lower layer,298,Median Age,0.5
4640,2011,E01000913,2011 super output areas - lower layer,298,All usual residents,0.0
4641,2011,E01000913,2011 super output areas - lower layer,298,Age 0 to 4,0.0
4642,2011,E01000913,2011 super output areas - lower layer,298,Age 5 to 7,0.0
4643,2011,E01000913,2011 super output areas - lower layer,298,Age 8 to 9,0.0
4644,2011,E01000913,2011 super output areas - lower layer,298,Age 10 to 14,0.0
4645,2011,E01000913,2011 super output areas - lower layer,298,Age 15,0.0
4646,2011,E01000913,2011 super output areas - lower layer,298,Age 16 to 17,0.0
4647,2011,E01000913,2011 super output areas - lower layer,298,Age 18 to 19,0.0
4648,2011,E01000913,2011 super output areas - lower layer,298,Age 20 to 24,0.0
4649,2011,E01000913,2011 super output areas - lower layer,298,Age 25 to 29,0.0
4650,2011,E01000913,2011 super output areas - lower layer,298,Age 30 to 44,0.0
4651,2011,E01000913,2011 super output areas - lower layer,298,Age 45 to 59,0.0
4652,2011,E01000913,2011 super output areas - lower layer,298,Age 60 to 64,0.0
4653,2011,E01000913,2011 super output areas - lower layer,298,Age 65 to 74,0.0
4654,2011,E01000913,2011 super output areas - lower layer,298,Age 75 to 84,0.0
4655,2011,E01000913,2011 super output areas - lower layer,298,Age 85 to 89,0.0
4656,2011,E01000913,2011 super output areas - lower layer,298,Age 90 and over,0.0
4657,2011,E01000913,2011 super output areas - lower layer,298,Mean Age,
4658,2011,E01000913,2011 super output areas - lower layer,298,Median Age,0.5
4659,2011,E01000913,2011 super output areas - lower layer,298,All usual residents,0.0
4660,2011,E01000913,2011 super output areas - lower layer,298,Age 0 to 4,0.0
4661,2011,E01000913,2011 super output areas - lower layer,298,Age 5 to 7,0.0
4662,2011,E01000913,2011 super output areas - lower layer,298,Age 8 to 9,0.0
4663,2011,E01000913,2011 super output areas - lower layer,298,Age 10 to 14,0.0
4664,2011,E01000913,2011 super output areas - lower layer,298,Age 15,0.0
4665,2011,E01000913,2011 super output areas - lower layer,298,Age 16 to 17,0.0
4666,2011,E01000913,2011 super output areas - lower layer,298,Age 18 to 19,0.0
4667,2011,E01000913,2011 super output areas - lower layer,298,Age 20 to 24,0.0
4668,2011,E01000913,2011 super output areas - lower layer,298,Age 25 to 29,0.0
4669,2011,E01000913,2011 super output areas - lower layer,298,Age 30 to 44,0.0
4670,2011,E01000913,2011 super output areas - lower layer,298,Age 45 to 59,0.0
4671,2011,E01000913,2011 super output areas - lower layer,298,Age 60 to 64,0.0
4672,2011,E01000913,2011 super output areas - lower layer,298,Age 65 to 74,0.0
4673,2011,E01000913,2011 super output areas - lower layer,298,Age 75 to 84,0.0
4674,2011,E01000913,2011 super output areas - lower layer,298,Age 85 to 89,0.0
4675,2011,E01000913,2011 super output areas - lower layer,298,Age 90 and over,0.0
4676,2011,E01000913,2011 super output areas - lower layer,298,Mean Age,
4677,2011,E01000913,2011 super output areas - lower layer,298,Median Age,0.5
4678,2011,E01000913,2011 super output areas - lower layer,298,All usual residents,0.0
4679,2011,E01000913,2011 super output areas - lower layer,298,Age 0 to 4,0.0
4680,2011,E01000913,2011 super output areas - lower layer,298,Age 5 to 7,0.0
4681,2011,E01000913,2011 super output areas - lower layer,298,Age 8 to 9,0.0
4682,2011,E01000913,2011 super output areas - lower layer,298,Age 10 to 14,0.0
4683,2011,E01000913,2011 super output areas - lower layer,298,Age 15,0.0
4684,2011,E01000913,2011 super output areas - lower layer,298,Age 16 to 17,0.0
4685,2011,E01000913,2011 super output areas - lower layer,298,Age 18 to 19,0.0
4686,2011,E01000913,2011 super output areas - lower layer,298,Age 20 to 24,0.0
4687,2011,E01000913,2011 super output areas - lower layer,298,Age 25 to 29,0.0
4688,2011,E01000913,2011 super output areas - lower layer,298,Age 30 to 44,0.0
4689,2011,E01000913,2011 super output areas - lower layer,298,Age 45 to 59,0.0
4690,2011,E01000913,2011 super output areas - lower layer,298,Age 60 to 64,0.0
4691,2011,E01000913,2011 super output areas - lower layer,298,Age 65 to 74,0.0
4692,2011,E01000913,2011 super output areas - lower layer,298,Age 75 to 84,0.0
4693,2011,E01000913,2011 super output areas - lower layer,298,Age 85 to 89,0.0
4694,2011,E01000913,2011 super output areas - lower layer,298,Age 90 and over,0.0
4695,2011,E01000913,2011 super output areas - lower layer,298,Mean Age,
4696,2011,E01000913,2011 super output areas - lower layer,298,Median Age,0.5
4697,2011,E01000893,2011 super output areas - lower layer,298,All usual residents,1566.0
4698,2011,E01000893,2011 super output areas - lower layer,298,Age 0 to 4,97.0
4699,2011,E01000893,2011 super output areas - lower layer,298,Age 5 to 7,45.0
4700,2011,E01000893,2011 super output areas - lower layer,298,Age 8 to 9,21.0
4701,2011,E01000893,2011 super output areas - lower layer,298,Age 10 to 14,88.0
4702,2011,E01000893,2011 super output areas - lower layer,298,Age 15,14.0
4703,2011,E01000893,2011 super output areas - lower layer,298,Age 16 to 17,30.0
4704,2011,E01000893,2011 super output areas - lower layer,298,Age 18 to 19,11.0
4705,2011,E01000893,2011 super output areas - lower layer,298,Age 20 to 24,52.0
4706,2011,E01000893,2011 super output areas - lower layer,298,Age 25 to 29,143.0
4707,2011,E01000893,2011 super output areas - lower layer,298,Age 30 to 44,431.0
4708,2011,E01000893,2011 super output areas - lower layer,298,Age 45 to 59,314.0
4709,2011,E01000893,2011 super output areas - lower layer,298,Age 60 to 64,80.0
4710,2011,E01000893,2011 super output areas - lower layer,298,Age 65 to 74,133.0
4711,2011,E01000893,2011 super output areas - lower layer,298,Age 75 to 84,79.0
4712,2011,E01000893,2011 super output areas - lower layer,298,Age 85 to 89,18.0
4713,2011,E01000893,2011 super output areas - lower layer,298,Age 90 and over,10.0
4714,2011,E01000893,2011 super output areas - lower layer,298,Mean Age,40.0
4715,2011,E01000893,2011 super output areas - lower layer,298,Median Age,39.0
4716,2011,E01000893,2011 super output areas - lower layer,298,All usual residents,0.0
4717,2011,E01000893,2011 super output areas - lower layer,298,Age 0 to 4,0.0
4718,2011,E01000893,2011 super output areas - lower layer,298,Age 5 to 7,0.0
4719,2011,E01000893,2011 super output areas - lower layer,298,Age 8 to 9,0.0
4720,2011,E01000893,2011 super output areas - lower layer,298,Age 10 to 14,0.0
4721,2011,E01000893,2011 super output areas - lower layer,298,Age 15,0.0
4722,2011,E01000893,2011 super output areas - lower layer,298,Age 16 to 17,0.0
4723,2011,E01000893,2011 super output areas - lower layer,298,Age 18 to 19,0.0
4724,2011,E01000893,2011 super output areas - lower layer,298,Age 20 to 24,0.0
4725,2011,E01000893,2011 super output areas - lower layer,298,Age 25 to 29,0.0
4726,2011,E01000893,2011 super output areas - lower layer,298,Age 30 to 44,0.0
4727,2011,E01000893,2011 super output areas - lower layer,298,Age 45 to 59,0.0
4728,2011,E01000893,2011 super output areas - lower layer,298,Age 60 to 64,0.0
4729,2011,E01000893,2011 super output areas - lower layer,298,Age 65 to 74,0.0
4730,2011,E01000893,2011 super output areas - lower layer,298,Age 75 to 84,0.0
4731,2011,E01000893,2011 super output areas - lower layer,298,Age 85 to 89,0.0
4732,2011,E01000893,2011 super output areas - lower layer,298,Age 90 and over,0.0
4733,2011,E01000893,2011 super output areas - lower layer,298,Mean Age,
4734,2011,E01000893,2011 super output areas - lower layer,298,Median Age,0.5
4735,2011,E01000893,2011 super output areas - lower layer,298,All usual residents,0.0
4736,2011,E01000893,2011 super output areas - lower layer,298,Age 0 to 4,0.0
4737,2011,E01000893,2011 super output areas - lower layer,298,Age 5 to 7,0.0
4738,2011,E01000893,2011 super output areas - lower layer,298,Age 8 to 9,0.0
4739,2011,E01000893,2011 super output areas - lower layer,298,Age 10 to 14,0.0
4740,2011,E01000893,2011 super output areas - lower layer,298,Age 15,0.0
4741,2011,E01000893,2011 super output areas - lower layer,298,Age 16 to 17,0.0
4742,2011,E01000893,2011 super output areas - lower layer,298,Age 18 to 19,0.0
4743,2011,E01000893,2011 super output areas - lower layer,298,Age 20 to 24,0.0
4744,2011,E01000893,2011 super output areas - lower layer,298,Age 25 to 29,0.0
4745,2011,E01000893,2011 super output areas - lower layer,298,Age 30 to 44,0.0
4746,2011,E01000893,2011 super output areas - lower layer,298,Age 45 to 59,0.0
4747,2011,E01000893,2011 super output areas - lower layer,298,Age 60 to 64,0.0
4748,2011,E01000893,2011 super output areas - lower layer,298,Age 65 to 74,0.0
4749,2011,E01000893,2011 super output areas - lower layer,298,Age 75 to 84,0.0
4750,2011,E01000893,2011 super output areas - lower layer,298,Age 85 to 89,0.0
4751,2011,E01000893,2011 super output areas - lower layer,298,Age 90 and over,0.0
4752,2011,E01000893,2011 super output areas - lower layer,298,Mean Age,
4753,2011,E01000893,2011 super output areas - lower layer,298,Median Age,0.5
4754,2011,E01000893,2011 super output areas - lower layer,298,All usual residents,0.0
4755,2011,E01000893,2011 super output areas - lower layer,298,Age 0 to 4,0.0
4756,2011,E01000893,2011 super output areas - lower layer,298,Age 5 to 7,0.0
4757,2011,E01000893,2011 super output areas - lower layer,298,Age 8 to 9,0.0
4758,2011,E01000893,2011 super output areas - lower layer,298,Age 10 to 14,0.0
4759,2011,E01000893,2011 super output areas - lower layer,298,Age 15,0.0
4760,2011,E01000893,2011 super output areas - lower layer,298,Age 16 to 17,0.0
4761,2011,E01000893,2011 super output areas - lower layer,298,Age 18 to 19,0.0
4762,2011,E01000893,2011 super output areas - lower layer,298,Age 20 to 24,0.0
4763,2011,E01000893,2011 super output areas - lower layer,298,Age 25 to 29,0.0
4764,2011,E01000893,2011 super output areas - lower layer,298,Age 30 to 44,0.0
4765,2011,E01000893,2011 super output areas - lower layer,298,Age 45 to 59,0.0
4766,2011,E01000893,2011 super output areas - lower layer,298,Age 60 to 64,0.0
4767,2011,E01000893,2011 super output areas - lower layer,298,Age 65 to 74,0.0
4768,2011,E01000893,2011 super output areas - lower layer,298,Age 75 to 84,0.0
4769,2011,E01000893,2011 super output areas - lower layer,298,Age 85 to 89,0.0
4770,2011,E01000893,2011 super output areas - lower layer,298,Age 90 and over,0.0
4771,2011,E01000893,2011 super output areas - lower layer,298,Mean Age,
4772,2011,E01000893,2011 super output areas - lower layer,298,Median Age,0.5
4773,2011,E01000893,2011 super output areas - lower layer,298,All usual residents,0.0
4774,2011,E01000893,2011 super output areas - lower layer,298,Age 0 to 4,0.0
4775,2011,E01000893,2011 super output areas - lower layer,298,Age 5 to 7,0.0
4776,2011,E01000893,2011 super output areas - lower layer,298,Age 8 to 9,0.0
4777,2011,E01000893,2011 super output areas - lower layer,298,Age 10 to 14,0.0
4778,2011,E01000893,2011 super output areas - lower layer,298,Age 15,0.0
4779,2011,E01000893,2011 super output areas - lower layer,298,Age 16 to 17,0.0
4780,2011,E01000893,2011 super output areas - lower layer,298,Age 18 to 19,0.0
4781,2011,E01000893,2011 super output areas - lower layer,298,Age 20 to 24,0.0
4782,2011,E01000893,2011 super output areas - lower layer,298,Age 25 to 29,0.0
4783,2011,E01000893,2011 super output areas - lower layer,298,Age 30 to 44,0.0
4784,2011,E01000893,2011 super output areas - lower layer,298,Age 45 to 59,0.0
4785,2011,E01000893,2011 super output areas - lower layer,298,Age 60 to 64,0.0
4786,2011,E01000893,2011 super output areas - lower layer,298,Age 65 to 74,0.0
4787,2011,E01000893,2011 super output areas - lower layer,298,Age 75 to 84,0.0
4788,2011,E01000893,2011 super output areas - lower layer,298,Age 85 to 89,0.0
4789,2011,E01000893,2011 super output areas - lower layer,298,Age 90 and over,0.0
4790,2011,E01000893,2011 super output areas - lower layer,298,Mean Age,
4791,2011,E01000893,2011 super output areas - lower layer,298,Median Age,0.5
4792,2011,E01000893,2011 super output areas - lower layer,298,All usual residents,0.0
4793,2011,E01000893,2011 super output areas - lower layer,298,Age 0 to 4,0.0
4794,2011,E01000893,2011 super output areas - lower layer,298,Age 5 to 7,0.0
4795,2011,E01000893,2011 super output areas - lower layer,298,Age 8 to 9,0.0
4796,2011,E01000893,2011 super output areas - lower layer,298,Age 10 to 14,0.0
4797,2011,E01000893,2011 super output areas - lower layer,298,Age 15,0.0
4798,2011,E01000893,2011 super output areas - lower layer,298,Age 16 to 17,0.0
4799,2011,E01000893,2011 super output areas - lower layer,298,Age 18 to 19,0.0
4800,2011,E01000893,2011 super output areas - lower layer,298,Age 20 to 24,0.0
4801,2011,E01000893,2011 super output areas - lower layer,298,Age 25 to 29,0.0
4802,2011,E01000893,2011 super output areas - lower layer,298,Age 30 to 44,0.0
4803,2011,E01000893,2011 super output areas - lower layer,298,Age 45 to 59,0.0
4804,2011,E01000893,2011 super output areas - lower layer,298,Age 60 to 64,0.0
4805,2011,E01000893,2011 super output areas - lower layer,298,Age 65 to 74,0.0
4806,2011,E01000893,2011 super output areas - lower layer,298,Age 75 to 84,0.0
4807,2011,E01000893,2011 super output areas - lower layer,298,Age 85 to 89,0.0
4808,2011,E01000893,2011 super output areas - lower layer,298,Age 90 and over,0.0
4809,2011,E01000893,2011 super output areas - lower layer,298,Mean Age,
4810,2011,E01000893,2011 super output areas - lower layer,298,Median Age,0.5
4811,2011,E01000893,2011 super output areas - lower layer,298,All usual residents,0.0
4812,2011,E01000893,2011 super output areas - lower layer,298,Age 0 to 4,0.0
4813,2011,E01000893,2011 super output areas - lower layer,298,Age 5 to 7,0.0
4814,2011,E01000893,2011 super output areas - lower layer,298,Age 8 to 9,0.0
4815,2011,E01000893,2011 super output areas - lower layer,298,Age 10 to 14,0.0
4816,2011,E01000893,2011 super output areas - lower layer,298,Age 15,0.0
4817,2011,E01000893,2011 super output areas - lower layer,298,Age 16 to 17,0.0
4818,2011,E01000893,2011 super output areas - lower layer,298,Age 18 to 19,0.0
4819,2011,E01000893,2011 super output areas - lower layer,298,Age 20 to 24,0.0
4820,2011,E01000893,2011 super output areas - lower layer,298,Age 25 to 29,0.0
4821,2011,E01000893,2011 super output areas - lower layer,298,Age 30 to 44,0.0
4822,2011,E01000893,2011 super output areas - lower layer,298,Age 45 to 59,0.0
4823,2011,E01000893,2011 super output areas - lower layer,298,Age 60 to 64,0.0
4824,2011,E01000893,2011 super output areas - lower layer,298,Age 65 to 74,0.0
4825,2011,E01000893,2011 super output areas - lower layer,298,Age 75 to 84,0.0
4826,2011,E01000893,2011 super output areas - lower layer,298,Age 85 to 89,0.0
4827,2011,E01000893,2011 super output areas - lower layer,298,Age 90 and over,0.0
4828,2011,E01000893,2011 super output areas - lower layer,298,Mean Age,
4829,2011,E01000893,2011 super output areas - lower layer,298,Median Age,0.5
4830,2011,E01000893,2011 super output areas - lower layer,298,All usual residents,0.0
4831,2011,E01000893,2011 super output areas - lower layer,298,Age 0 to 4,0.0
4832,2011,E01000893,2011 super output areas - lower layer,298,Age 5 to 7,0.0
4833,2011,E01000893,2011 super output areas - lower layer,298,Age 8 to 9,0.0
4834,2011,E01000893,2011 super output areas - lower layer,298,Age 10 to 14,0.0
4835,2011,E01000893,2011 super output areas - lower layer,298,Age 15,0.0
4836,2011,E01000893,2011 super output areas - lower layer,298,Age 16 to 17,0.0
4837,2011,E01000893,2011 super output areas - lower layer,298,Age 18 to 19,0.0
4838,2011,E01000893,2011 super output areas - lower layer,298,Age 20 to 24,0.0
4839,2011,E01000893,2011 super output areas - lower layer,298,Age 25 to 29,0.0
4840,2011,E01000893,2011 super output areas - lower layer,298,Age 30 to 44,0.0
4841,2011,E01000893,2011 super output areas - lower layer,298,Age 45 to 59,0.0
4842,2011,E01000893,2011 super output areas - lower layer,298,Age 60 to 64,0.0
4843,2011,E01000893,2011 super output areas - lower layer,298,Age 65 to 74,0.0
4844,2011,E01000893,2011 super output areas - lower layer,298,Age 75 to 84,0.0
4845,2011,E01000893,2011 super output areas - lower layer,298,Age 85 to 89,0.0
4846,2011,E01000893,2011 super output areas - lower layer,298,Age 90 and over,0.0
4847,2011,E01000893,2011 super output areas - lower layer,298,Mean Age,
4848,2011,E01000893,2011 super output areas - lower layer,298,Median Age,0.5
4849,2011,E01000893,2011 super output areas - lower layer,298,All usual residents,0.0
4850,2011,E01000893,2011 super output areas - lower layer,298,Age 0 to 4,0.0
4851,2011,E01000893,2011 super output areas - lower layer,298,Age 5 to 7,0.0
4852,2011,E01000893,2011 super output areas - lower layer,298,Age 8 to 9,0.0
4853,2011,E01000893,2011 super output areas - lower layer,298,Age 10 to 14,0.0
4854,2011,E01000893,2011 super output areas - lower layer,298,Age 15,0.0
4855,2011,E01000893,2011 super output areas - lower layer,298,Age 16 to 17,0.0
4856,2011,E01000893,2011 super output areas - lower layer,298,Age 18 to 19,0.0
4857,2011,E01000893,2011 super output areas - lower layer,298,Age 20 to 24,0.0
4858,2011,E01000893,2011 super output areas - lower layer,298,Age 25 to 29,0.0
4859,2011,E01000893,2011 super output areas - lower layer,298,Age 30 to 44,0.0
4860,2011,E01000893,2011 super output areas - lower layer,298,Age 45 to 59,0.0
4861,2011,E01000893,2011 super output areas - lower layer,298,Age 60 to 64,0.0
4862,2011,E01000893,2011 super output areas - lower layer,298,Age 65 to 74,0.0
4863,2011,E01000893,2011 super output areas - lower layer,298,Age 75 to 84,0.0
4864,2011,E01000893,2011 super output areas - lower layer,298,Age 85 to 89,0.0
4865,2011,E01000893,2011 super output areas - lower layer,298,Age 90 and over,0.0
4866,2011,E01000893,2011 super output areas - lower layer,298,Mean Age,
4867,2011,E01000893,2011 super output areas - lower layer,298,Median Age,0.5
4868,2011,E01000893,2011 super output areas - lower layer,298,All usual residents,0.0
4869,2011,E01000893,2011 super output areas - lower layer,298,Age 0 to 4,0.0
4870,2011,E01000893,2011 super output areas - lower layer,298,Age 5 to 7,0.0
4871,2011,E01000893,2011 super output areas - lower layer,298,Age 8 to 9,0.0
4872,2011,E01000893,2011 super output areas - lower layer,298,Age 10 to 14,0.0
4873,2011,E01000893,2011 super output areas - lower layer,298,Age 15,0.0
4874,2011,E01000893,2011 super output areas - lower layer,298,Age 16 to 17,0.0
4875,2011,E01000893,2011 super output areas - lower layer,298,Age 18 to 19,0.0
4876,2011,E01000893,2011 super output areas - lower layer,298,Age 20 to 24,0.0
4877,2011,E01000893,2011 super output areas - lower layer,298,Age 25 to 29,0.0
4878,2011,E01000893,2011 super output areas - lower layer,298,Age 30 to 44,0.0
4879,2011,E01000893,2011 super output areas - lower layer,298,Age 45 to 59,0.0
4880,2011,E01000893,2011 super output areas - lower layer,298,Age 60 to 64,0.0
4881,2011,E01000893,2011 super output areas - lower layer,298,Age 65 to 74,0.0
4882,2011,E01000893,2011 super output areas - lower layer,298,Age 75 to 84,0.0
4883,2011,E01000893,2011 super output areas - lower layer,298,Age 85 to 89,0.0
4884,2011,E01000893,2011 super output areas - lower layer,298,Age 90 and over,0.0
4885,2011,E01000893,2011 super output areas - lower layer,298,Mean Age,
4886,2011,E01000893,2011 super output areas - lower layer,298,Median Age,0.5
4887,2011,E01000893,2011 super output areas - lower layer,298,All usual residents,0.0
4888,2011,E01000893,2011 super output areas - lower layer,298,Age 0 to 4,0.0
4889,2011,E01000893,2011 super output areas - lower layer,298,Age 5 to 7,0.0
4890,2011,E01000893,2011 super output areas - lower layer,298,Age 8 to 9,0.0
4891,2011,E01000893,2011 super output areas - lower layer,298,Age 10 to 14,0.0
4892,2011,E01000893,2011 super output areas - lower layer,298,Age 15,0.0
4893,2011,E01000893,2011 super output areas - lower layer,298,Age 16 to 17,0.0
4894,2011,E01000893,2011 super output areas - lower layer,298,Age 18 to 19,0.0
4895,2011,E01000893,2011 super output areas - lower layer,298,Age 20 to 24,0.0
4896,2011,E01000893,2011 super output areas - lower layer,298,Age 25 to 29,0.0
4897,2011,E01000893,2011 super output areas - lower layer,298,Age 30 to 44,0.0
4898,2011,E01000893,2011 super output areas - lower layer,298,Age 45 to 59,0.0
4899,2011,E01000893,2011 super output areas - lower layer,298,Age 60 to 64,0.0
4900,2011,E01000893,2011 super output areas - lower layer,298,Age 65 to 74,0.0
4901,2011,E01000893,2011 super output areas - lower layer,298,Age 75 to 84,0.0
4902,2011,E01000893,2011 super output areas - lower layer,298,Age 85 to 89,0.0
4903,2011,E01000893,2011 super output areas - lower layer,298,Age 90 and over,0.0
4904,2011,E01000893,2011 super output areas - lower layer,298,Mean Age,
4905,2011,E01000893,2011 super output areas - lower layer,298,Median Age,0.5
4906,2011,E01000893,2011 super output areas - lower layer,298,All usual residents,0.0
4907,2011,E01000893,2011 super output areas - lower layer,298,Age 0 to 4,0.0
4908,2011,E01000893,2011 super output areas - lower layer,298,Age 5 to 7,0.0
4909,2011,E01000893,2011 super output areas - lower layer,298,Age 8 to 9,0.0
4910,2011,E01000893,2011 super output areas - lower layer,298,Age 10 to 14,0.0
4911,2011,E01000893,2011 super output areas - lower layer,298,Age 15,0.0
4912,2011,E01000893,2011 super output areas - lower layer,298,Age 16 to 17,0.0
4913,2011,E01000893,2011 super output areas - lower layer,298,Age 18 to 19,0.0
4914,2011,E01000893,2011 super output areas - lower layer,298,Age 20 to 24,0.0
4915,2011,E01000893,2011 super output areas - lower layer,298,Age 25 to 29,0.0
4916,2011,E01000893,2011 super output areas - lower layer,298,Age 30 to 44,0.0
4917,2011,E01000893,2011 super output areas - lower layer,298,Age 45 to 59,0.0
4918,2011,E01000893,2011 super output areas - lower layer,298,Age 60 to 64,0.0
4919,2011,E01000893,2011 super output areas - lower layer,298,Age 65 to 74,0.0
4920,2011,E01000893,2011 super output areas - lower layer,298,Age 75 to 84,0.0
4921,2011,E01000893,2011 super output areas - lower layer,298,Age 85 to 89,0.0
4922,2011,E01000893,2011 super output areas - lower layer,298,Age 90 and over,0.0
4923,2011,E01000893,2011 super output areas - lower layer,298,Mean Age,
4924,2011,E01000893,2011 super output areas - lower layer,298,Median Age,0.5
4925,2011,E01000893,2011 super output areas - lower layer,298,All usual residents,0.0
4926,2011,E01000893,2011 super output areas - lower layer,298,Age 0 to 4,0.0
4927,2011,E01000893,2011 super output areas - lower layer,298,Age 5 to 7,0.0
4928,2011,E01000893,2011 super output areas - lower layer,298,Age 8 to 9,0.0
4929,2011,E01000893,2011 super output areas - lower layer,298,Age 10 to 14,0.0
4930,2011,E01000893,2011 super output areas - lower layer,298,Age 15,0.0
4931,2011,E01000893,2011 super output areas - lower layer,298,Age 16 to 17,0.0
4932,2011,E01000893,2011 super output areas - lower layer,298,Age 18 to 19,0.0
4933,2011,E01000893,2011 super output areas - lower layer,298,Age 20 to 24,0.0
4934,2011,E01000893,2011 super output areas - lower layer,298,Age 25 to 29,0.0
4935,2011,E01000893,2011 super output areas - lower layer,298,Age 30 to 44,0.0
4936,2011,E01000893,2011 super output areas - lower layer,298,Age 45 to 59,0.0
4937,2011,E01000893,2011 super output areas - lower layer,298,Age 60 to 64,0.0
4938,2011,E01000893,2011 super output areas - lower layer,298,Age 65 to 74,0.0
4939,2011,E01000893,2011 super output areas - lower layer,298,Age 75 to 84,0.0
4940,2011,E01000893,2011 super output areas - lower layer,298,Age 85 to 89,0.0
4941,2011,E01000893,2011 super output areas - lower layer,298,Age 90 and over,0.0
4942,2011,E01000893,2011 super output areas - lower layer,298,Mean Age,
4943,2011,E01000893,2011 super output areas - lower layer,298,Median Age,0.5
4944,2011,E01000894,2011 super output areas - lower layer,298,All usual residents,1389.0
4945,2011,E01000894,2011 super output areas - lower layer,298,Age 0 to 4,114.0
4946,2011,E01000894,2011 super output areas - lower layer,298,Age 5 to 7,50.0
4947,2011,E01000894,2011 super output areas - lower layer,298,Age 8 to 9,25.0
4948,2011,E01000894,2011 super output areas - lower layer,298,Age 10 to 14,64.0
4949,2011,E01000894,2011 super output areas - lower layer,298,Age 15,6.0
4950,2011,E01000894,2011 super output areas - lower layer,298,Age 16 to 17,20.0
4951,2011,E01000894,2011 super output areas - lower layer,298,Age 18 to 19,12.0
4952,2011,E01000894,2011 super output areas - lower layer,298,Age 20 to 24,51.0
4953,2011,E01000894,2011 super output areas - lower layer,298,Age 25 to 29,85.0
4954,2011,E01000894,2011 super output areas - lower layer,298,Age 30 to 44,422.0
4955,2011,E01000894,2011 super output areas - lower layer,298,Age 45 to 59,244.0
4956,2011,E01000894,2011 super output areas - lower layer,298,Age 60 to 64,73.0
4957,2011,E01000894,2011 super output areas - lower layer,298,Age 65 to 74,127.0
4958,2011,E01000894,2011 super output areas - lower layer,298,Age 75 to 84,70.0
4959,2011,E01000894,2011 super output areas - lower layer,298,Age 85 to 89,17.0
4960,2011,E01000894,2011 super output areas - lower layer,298,Age 90 and over,9.0
4961,2011,E01000894,2011 super output areas - lower layer,298,Mean Age,39.5
4962,2011,E01000894,2011 super output areas - lower layer,298,Median Age,39.0
4963,2011,E01000894,2011 super output areas - lower layer,298,All usual residents,0.0
4964,2011,E01000894,2011 super output areas - lower layer,298,Age 0 to 4,0.0
4965,2011,E01000894,2011 super output areas - lower layer,298,Age 5 to 7,0.0
4966,2011,E01000894,2011 super output areas - lower layer,298,Age 8 to 9,0.0
4967,2011,E01000894,2011 super output areas - lower layer,298,Age 10 to 14,0.0
4968,2011,E01000894,2011 super output areas - lower layer,298,Age 15,0.0
4969,2011,E01000894,2011 super output areas - lower layer,298,Age 16 to 17,0.0
4970,2011,E01000894,2011 super output areas - lower layer,298,Age 18 to 19,0.0
4971,2011,E01000894,2011 super output areas - lower layer,298,Age 20 to 24,0.0
4972,2011,E01000894,2011 super output areas - lower layer,298,Age 25 to 29,0.0
4973,2011,E01000894,2011 super output areas - lower layer,298,Age 30 to 44,0.0
4974,2011,E01000894,2011 super output areas - lower layer,298,Age 45 to 59,0.0
4975,2011,E01000894,2011 super output areas - lower layer,298,Age 60 to 64,0.0
4976,2011,E01000894,2011 super output areas - lower layer,298,Age 65 to 74,0.0
4977,2011,E01000894,2011 super output areas - lower layer,298,Age 75 to 84,0.0
4978,2011,E01000894,2011 super output areas - lower layer,298,Age 85 to 89,0.0
4979,2011,E01000894,2011 super output areas - lower layer,298,Age 90 and over,0.0
4980,2011,E01000894,2011 super output areas - lower layer,298,Mean Age,
4981,2011,E01000894,2011 super output areas - lower layer,298,Median Age,0.5
4982,2011,E01000894,2011 super output areas - lower layer,298,All usual residents,0.0
4983,2011,E01000894,2011 super output areas - lower layer,298,Age 0 to 4,0.0
4984,2011,E01000894,2011 super output areas - lower layer,298,Age 5 to 7,0.0
4985,2011,E01000894,2011 super output areas - lower layer,298,Age 8 to 9,0.0
4986,2011,E01000894,2011 super output areas - lower layer,298,Age 10 to 14,0.0
4987,2011,E01000894,2011 super output areas - lower layer,298,Age 15,0.0
4988,2011,E01000894,2011 super output areas - lower layer,298,Age 16 to 17,0.0
4989,2011,E01000894,2011 super output areas - lower layer,298,Age 18 to 19,0.0
4990,2011,E01000894,2011 super output areas - lower layer,298,Age 20 to 24,0.0
4991,2011,E01000894,2011 super output areas - lower layer,298,Age 25 to 29,0.0
4992,2011,E01000894,2011 super output areas - lower layer,298,Age 30 to 44,0.0
4993,2011,E01000894,2011 super output areas - lower layer,298,Age 45 to 59,0.0
4994,2011,E01000894,2011 super output areas - lower layer,298,Age 60 to 64,0.0
4995,2011,E01000894,2011 super output areas - lower layer,298,Age 65 to 74,0.0
4996,2011,E01000894,2011 super output areas - lower layer,298,Age 75 to 84,0.0
4997,2011,E01000894,2011 super output areas - lower layer,298,Age 85 to 89,0.0
4998,2011,E01000894,2011 super output areas - lower layer,298,Age 90 and over,0.0
4999,2011,E01000894,2011 super output areas - lower layer,298,Mean Age,
5000,2011,E01000894,2011 super output areas - lower layer,298,Median Age,0.5
5001,2011,E01000894,2011 super output areas - lower layer,298,All usual residents,0.0
5002,2011,E01000894,2011 super output areas - lower layer,298,Age 0 to 4,0.0
5003,2011,E01000894,2011 super output areas - lower layer,298,Age 5 to 7,0.0
5004,2011,E01000894,2011 super output areas - lower layer,298,Age 8 to 9,0.0
5005,2011,E01000894,2011 super output areas - lower layer,298,Age 10 to 14,0.0
5006,2011,E01000894,2011 super output areas - lower layer,298,Age 15,0.0
5007,2011,E01000894,2011 super output areas - lower layer,298,Age 16 to 17,0.0
5008,2011,E01000894,2011 super output areas - lower layer,298,Age 18 to 19,0.0
5009,2011,E01000894,2011 super output areas - lower layer,298,Age 20 to 24,0.0
5010,2011,E01000894,2011 super output areas - lower layer,298,Age 25 to 29,0.0
5011,2011,E01000894,2011 super output areas - lower layer,298,Age 30 to 44,0.0
5012,2011,E01000894,2011 super output areas - lower layer,298,Age 45 to 59,0.0
5013,2011,E01000894,2011 super output areas - lower layer,298,Age 60 to 64,0.0
5014,2011,E01000894,2011 super output areas - lower layer,298,Age 65 to 74,0.0
5015,2011,E01000894,2011 super output areas - lower layer,298,Age 75 to 84,0.0
5016,2011,E01000894,2011 super output areas - lower layer,298,Age 85 to 89,0.0
5017,2011,E01000894,2011 super output areas - lower layer,298,Age 90 and over,0.0
5018,2011,E01000894,2011 super output areas - lower layer,298,Mean Age,
5019,2011,E01000894,2011 super output areas - lower layer,298,Median Age,0.5
5020,2011,E01000894,2011 super output areas - lower layer,298,All usual residents,0.0
5021,2011,E01000894,2011 super output areas - lower layer,298,Age 0 to 4,0.0
5022,2011,E01000894,2011 super output areas - lower layer,298,Age 5 to 7,0.0
5023,2011,E01000894,2011 super output areas - lower layer,298,Age 8 to 9,0.0
5024,2011,E01000894,2011 super output areas - lower layer,298,Age 10 to 14,0.0
5025,2011,E01000894,2011 super output areas - lower layer,298,Age 15,0.0
5026,2011,E01000894,2011 super output areas - lower layer,298,Age 16 to 17,0.0
5027,2011,E01000894,2011 super output areas - lower layer,298,Age 18 to 19,0.0
5028,2011,E01000894,2011 super output areas - lower layer,298,Age 20 to 24,0.0
5029,2011,E01000894,2011 super output areas - lower layer,298,Age 25 to 29,0.0
5030,2011,E01000894,2011 super output areas - lower layer,298,Age 30 to 44,0.0
5031,2011,E01000894,2011 super output areas - lower layer,298,Age 45 to 59,0.0
5032,2011,E01000894,2011 super output areas - lower layer,298,Age 60 to 64,0.0
5033,2011,E01000894,2011 super output areas - lower layer,298,Age 65 to 74,0.0
5034,2011,E01000894,2011 super output areas - lower layer,298,Age 75 to 84,0.0
5035,2011,E01000894,2011 super output areas - lower layer,298,Age 85 to 89,0.0
5036,2011,E01000894,2011 super output areas - lower layer,298,Age 90 and over,0.0
5037,2011,E01000894,2011 super output areas - lower layer,298,Mean Age,
5038,2011,E01000894,2011 super output areas - lower layer,298,Median Age,0.5
5039,2011,E01000894,2011 super output areas - lower layer,298,All usual residents,0.0
5040,2011,E01000894,2011 super output areas - lower layer,298,Age 0 to 4,0.0
5041,2011,E01000894,2011 super output areas - lower layer,298,Age 5 to 7,0.0
5042,2011,E01000894,2011 super output areas - lower layer,298,Age 8 to 9,0.0
5043,2011,E01000894,2011 super output areas - lower layer,298,Age 10 to 14,0.0
5044,2011,E01000894,2011 super output areas - lower layer,298,Age 15,0.0
5045,2011,E01000894,2011 super output areas - lower layer,298,Age 16 to 17,0.0
5046,2011,E01000894,2011 super output areas - lower layer,298,Age 18 to 19,0.0
5047,2011,E01000894,2011 super output areas - lower layer,298,Age 20 to 24,0.0
5048,2011,E01000894,2011 super output areas - lower layer,298,Age 25 to 29,0.0
5049,2011,E01000894,2011 super output areas - lower layer,298,Age 30 to 44,0.0
5050,2011,E01000894,2011 super output areas - lower layer,298,Age 45 to 59,0.0
5051,2011,E01000894,2011 super output areas - lower layer,298,Age 60 to 64,0.0
5052,2011,E01000894,2011 super output areas - lower layer,298,Age 65 to 74,0.0
5053,2011,E01000894,2011 super output areas - lower layer,298,Age 75 to 84,0.0
5054,2011,E01000894,2011 super output areas - lower layer,298,Age 85 to 89,0.0
5055,2011,E01000894,2011 super output areas - lower layer,298,Age 90 and over,0.0
5056,2011,E01000894,2011 super output areas - lower layer,298,Mean Age,
5057,2011,E01000894,2011 super output areas - lower layer,298,Median Age,0.5
5058,2011,E01000894,2011 super output areas - lower layer,298,All usual residents,0.0
5059,2011,E01000894,2011 super output areas - lower layer,298,Age 0 to 4,0.0
5060,2011,E01000894,2011 super output areas - lower layer,298,Age 5 to 7,0.0
5061,2011,E01000894,2011 super output areas - lower layer,298,Age 8 to 9,0.0
5062,2011,E01000894,2011 super output areas - lower layer,298,Age 10 to 14,0.0
5063,2011,E01000894,2011 super output areas - lower layer,298,Age 15,0.0
5064,2011,E01000894,2011 super output areas - lower layer,298,Age 16 to 17,0.0
5065,2011,E01000894,2011 super output areas - lower layer,298,Age 18 to 19,0.0
5066,2011,E01000894,2011 super output areas - lower layer,298,Age 20 to 24,0.0
5067,2011,E01000894,2011 super output areas - lower layer,298,Age 25 to 29,0.0
5068,2011,E01000894,2011 super output areas - lower layer,298,Age 30 to 44,0.0
5069,2011,E01000894,2011 super output areas - lower layer,298,Age 45 to 59,0.0
5070,2011,E01000894,2011 super output areas - lower layer,298,Age 60 to 64,0.0
5071,2011,E01000894,2011 super output areas - lower layer,298,Age 65 to 74,0.0
5072,2011,E01000894,2011 super output areas - lower layer,298,Age 75 to 84,0.0
5073,2011,E01000894,2011 super output areas - lower layer,298,Age 85 to 89,0.0
5074,2011,E01000894,2011 super output areas - lower layer,298,Age 90 and over,0.0
5075,2011,E01000894,2011 super output areas - lower layer,298,Mean Age,
5076,2011,E01000894,2011 super output areas - lower layer,298,Median Age,0.5
5077,2011,E01000894,2011 super output areas - lower layer,298,All usual residents,0.0
5078,2011,E01000894,2011 super output areas - lower layer,298,Age 0 to 4,0.0
5079,2011,E01000894,2011 super output areas - lower layer,298,Age 5 to 7,0.0
5080,2011,E01000894,2011 super output areas - lower layer,298,Age 8 to 9,0.0
5081,2011,E01000894,2011 super output areas - lower layer,298,Age 10 to 14,0.0
5082,2011,E01000894,2011 super output areas - lower layer,298,Age 15,0.0
5083,2011,E01000894,2011 super output areas - lower layer,298,Age 16 to 17,0.0
5084,2011,E01000894,2011 super output areas - lower layer,298,Age 18 to 19,0.0
5085,2011,E01000894,2011 super output areas - lower layer,298,Age 20 to 24,0.0
5086,2011,E01000894,2011 super output areas - lower layer,298,Age 25 to 29,0.0
5087,2011,E01000894,2011 super output areas - lower layer,298,Age 30 to 44,0.0
5088,2011,E01000894,2011 super output areas - lower layer,298,Age 45 to 59,0.0
5089,2011,E01000894,2011 super output areas - lower layer,298,Age 60 to 64,0.0
5090,2011,E01000894,2011 super output areas - lower layer,298,Age 65 to 74,0.0
5091,2011,E01000894,2011 super output areas - lower layer,298,Age 75 to 84,0.0
5092,2011,E01000894,2011 super output areas - lower layer,298,Age 85 to 89,0.0
5093,2011,E01000894,2011 super output areas - lower layer,298,Age 90 and over,0.0
5094,2011,E01000894,2011 super output areas - lower layer,298,Mean Age,
5095,2011,E01000894,2011 super output areas - lower layer,298,Median Age,0.5
5096,2011,E01000894,2011 super output areas - lower layer,298,All usual residents,0.0
5097,2011,E01000894,2011 super output areas - lower layer,298,Age 0 to 4,0.0
5098,2011,E01000894,2011 super output areas - lower layer,298,Age 5 to 7,0.0
5099,2011,E01000894,2011 super output areas - lower layer,298,Age 8 to 9,0.0
5100,2011,E01000894,2011 super output areas - lower layer,298,Age 10 to 14,0.0
5101,2011,E01000894,2011 super output areas - lower layer,298,Age 15,0.0
5102,2011,E01000894,2011 super output areas - lower layer,298,Age 16 to 17,0.0
5103,2011,E01000894,2011 super output areas - lower layer,298,Age 18 to 19,0.0
5104,2011,E01000894,2011 super output areas - lower layer,298,Age 20 to 24,0.0
5105,2011,E01000894,2011 super output areas - lower layer,298,Age 25 to 29,0.0
5106,2011,E01000894,2011 super output areas - lower layer,298,Age 30 to 44,0.0
5107,2011,E01000894,2011 super output areas - lower layer,298,Age 45 to 59,0.0
5108,2011,E01000894,2011 super output areas - lower layer,298,Age 60 to 64,0.0
5109,2011,E01000894,2011 super output areas - lower layer,298,Age 65 to 74,0.0
5110,2011,E01000894,2011 super output areas - lower layer,298,Age 75 to 84,0.0
5111,2011,E01000894,2011 super output areas - lower layer,298,Age 85 to 89,0.0
5112,2011,E01000894,2011 super output areas - lower layer,298,Age 90 and over,0.0
5113,2011,E01000894,2011 super output areas - lower layer,298,Mean Age,
5114,2011,E01000894,2011 super output areas - lower layer,298,Median Age,0.5
5115,2011,E01000894,2011 super output areas - lower layer,298,All usual residents,0.0
5116,2011,E01000894,2011 super output areas - lower layer,298,Age 0 to 4,0.0
5117,2011,E01000894,2011 super output areas - lower layer,298,Age 5 to 7,0.0
5118,2011,E01000894,2011 super output areas - lower layer,298,Age 8 to 9,0.0
5119,2011,E01000894,2011 super output areas - lower layer,298,Age 10 to 14,0.0
5120,2011,E01000894,2011 super output areas - lower layer,298,Age 15,0.0
5121,2011,E01000894,2011 super output areas - lower layer,298,Age 16 to 17,0.0
5122,2011,E01000894,2011 super output areas - lower layer,298,Age 18 to 19,0.0
5123,2011,E01000894,2011 super output areas - lower layer,298,Age 20 to 24,0.0
5124,2011,E01000894,2011 super output areas - lower layer,298,Age 25 to 29,0.0
5125,2011,E01000894,2011 super output areas - lower layer,298,Age 30 to 44,0.0
5126,2011,E01000894,2011 super output areas - lower layer,298,Age 45 to 59,0.0
5127,2011,E01000894,2011 super output areas - lower layer,298,Age 60 to 64,0.0
5128,2011,E01000894,2011 super output areas - lower layer,298,Age 65 to 74,0.0
5129,2011,E01000894,2011 super output areas - lower layer,298,Age 75 to 84,0.0
5130,2011,E01000894,2011 super output areas - lower layer,298,Age 85 to 89,0.0
5131,2011,E01000894,2011 super output areas - lower layer,298,Age 90 and over,0.0
5132,2011,E01000894,2011 super output areas - lower layer,298,Mean Age,
5133,2011,E01000894,2011 super output areas - lower layer,298,Median Age,0.5
5134,2011,E01000894,2011 super output areas - lower layer,298,All usual residents,0.0
5135,2011,E01000894,2011 super output areas - lower layer,298,Age 0 to 4,0.0
5136,2011,E01000894,2011 super output areas - lower layer,298,Age 5 to 7,0.0
5137,2011,E01000894,2011 super output areas - lower layer,298,Age 8 to 9,0.0
5138,2011,E01000894,2011 super output areas - lower layer,298,Age 10 to 14,0.0
5139,2011,E01000894,2011 super output areas - lower layer,298,Age 15,0.0
5140,2011,E01000894,2011 super output areas - lower layer,298,Age 16 to 17,0.0
5141,2011,E01000894,2011 super output areas - lower layer,298,Age 18 to 19,0.0
5142,2011,E01000894,2011 super output areas - lower layer,298,Age 20 to 24,0.0
5143,2011,E01000894,2011 super output areas - lower layer,298,Age 25 to 29,0.0
5144,2011,E01000894,2011 super output areas - lower layer,298,Age 30 to 44,0.0
5145,2011,E01000894,2011 super output areas - lower layer,298,Age 45 to 59,0.0
5146,2011,E01000894,2011 super output areas - lower layer,298,Age 60 to 64,0.0
5147,2011,E01000894,2011 super output areas - lower layer,298,Age 65 to 74,0.0
5148,2011,E01000894,2011 super output areas - lower layer,298,Age 75 to 84,0.0
5149,2011,E01000894,2011 super output areas - lower layer,298,Age 85 to 89,0.0
5150,2011,E01000894,2011 super output areas - lower layer,298,Age 90 and over,0.0
5151,2011,E01000894,2011 super output areas - lower layer,298,Mean Age,
5152,2011,E01000894,2011 super output areas - lower layer,298,Median Age,0.5
5153,2011,E01000894,2011 super output areas - lower layer,298,All usual residents,0.0
5154,2011,E01000894,2011 super output areas - lower layer,298,Age 0 to 4,0.0
5155,2011,E01000894,2011 super output areas - lower layer,298,Age 5 to 7,0.0
5156,2011,E01000894,2011 super output areas - lower layer,298,Age 8 to 9,0.0
5157,2011,E01000894,2011 super output areas - lower layer,298,Age 10 to 14,0.0
5158,2011,E01000894,2011 super output areas - lower layer,298,Age 15,0.0
5159,2011,E01000894,2011 super output areas - lower layer,298,Age 16 to 17,0.0
5160,2011,E01000894,2011 super output areas - lower layer,298,Age 18 to 19,0.0
5161,2011,E01000894,2011 super output areas - lower layer,298,Age 20 to 24,0.0
5162,2011,E01000894,2011 super output areas - lower layer,298,Age 25 to 29,0.0
5163,2011,E01000894,2011 super output areas - lower layer,298,Age 30 to 44,0.0
5164,2011,E01000894,2011 super output areas - lower layer,298,Age 45 to 59,0.0
5165,2011,E01000894,2011 super output areas - lower layer,298,Age 60 to 64,0.0
5166,2011,E01000894,2011 super output areas - lower layer,298,Age 65 to 74,0.0
5167,2011,E01000894,2011 super output areas - lower layer,298,Age 75 to 84,0.0
5168,2011,E01000894,2011 super output areas - lower layer,298,Age 85 to 89,0.0
5169,2011,E01000894,2011 super output areas - lower layer,298,Age 90 and over,0.0
5170,2011,E01000894,2011 super output areas - lower layer,298,Mean Age,
5171,2011,E01000894,2011 super output areas - lower layer,298,Median Age,0.5
5172,2011,E01000894,2011 super output areas - lower layer,298,All usual residents,0.0
5173,2011,E01000894,2011 super output areas - lower layer,298,Age 0 to 4,0.0
5174,2011,E01000894,2011 super output areas - lower layer,298,Age 5 to 7,0.0
5175,2011,E01000894,2011 super output areas - lower layer,298,Age 8 to 9,0.0
5176,2011,E01000894,2011 super output areas - lower layer,298,Age 10 to 14,0.0
5177,2011,E01000894,2011 super output areas - lower layer,298,Age 15,0.0
5178,2011,E01000894,2011 super output areas - lower layer,298,Age 16 to 17,0.0
5179,2011,E01000894,2011 super output areas - lower layer,298,Age 18 to 19,0.0
5180,2011,E01000894,2011 super output areas - lower layer,298,Age 20 to 24,0.0
5181,2011,E01000894,2011 super output areas - lower layer,298,Age 25 to 29,0.0
5182,2011,E01000894,2011 super output areas - lower layer,298,Age 30 to 44,0.0
5183,2011,E01000894,2011 super output areas - lower layer,298,Age 45 to 59,0.0
5184,2011,E01000894,2011 super output areas - lower layer,298,Age 60 to 64,0.0
5185,2011,E01000894,2011 super output areas - lower layer,298,Age 65 to 74,0.0
5186,2011,E01000894,2011 super output areas - lower layer,298,Age 75 to 84,0.0
5187,2011,E01000894,2011 super output areas - lower layer,298,Age 85 to 89,0.0
5188,2011,E01000894,2011 super output areas - lower layer,298,Age 90 and over,0.0
5189,2011,E01000894,2011 super output areas - lower layer,298,Mean Age,
5190,2011,E01000894,2011 super output areas - lower layer,298,Median Age,0.5
5191,2011,E01000895,2011 super output areas - lower layer,298,All usual residents,1630.0
5192,2011,E01000895,2011 super output areas - lower layer,298,Age 0 to 4,91.0
5193,2011,E01000895,2011 super output areas - lower layer,298,Age 5 to 7,77.0
5194,2011,E01000895,2011 super output areas - lower layer,298,Age 8 to 9,23.0
5195,2011,E01000895,2011 super output areas - lower layer,298,Age 10 to 14,51.0
5196,2011,E01000895,2011 super output areas - lower layer,298,Age 15,9.0
5197,2011,E01000895,2011 super output areas - lower layer,298,Age 16 to 17,16.0
5198,2011,E01000895,2011 super output areas - lower layer,298,Age 18 to 19,23.0
5199,2011,E01000895,2011 super output areas - lower layer,298,Age 20 to 24,62.0
5200,2011,E01000895,2011 super output areas - lower layer,298,Age 25 to 29,157.0
5201,2011,E01000895,2011 super output areas - lower layer,298,Age 30 to 44,503.0
5202,2011,E01000895,2011 super output areas - lower layer,298,Age 45 to 59,232.0
5203,2011,E01000895,2011 super output areas - lower layer,298,Age 60 to 64,95.0
5204,2011,E01000895,2011 super output areas - lower layer,298,Age 65 to 74,113.0
5205,2011,E01000895,2011 super output areas - lower layer,298,Age 75 to 84,120.0
5206,2011,E01000895,2011 super output areas - lower layer,298,Age 85 to 89,32.0
5207,2011,E01000895,2011 super output areas - lower layer,298,Age 90 and over,26.0
5208,2011,E01000895,2011 super output areas - lower layer,298,Mean Age,41.0
5209,2011,E01000895,2011 super output areas - lower layer,298,Median Age,38.0
5210,2011,E01000895,2011 super output areas - lower layer,298,All usual residents,0.0
5211,2011,E01000895,2011 super output areas - lower layer,298,Age 0 to 4,0.0
5212,2011,E01000895,2011 super output areas - lower layer,298,Age 5 to 7,0.0
5213,2011,E01000895,2011 super output areas - lower layer,298,Age 8 to 9,0.0
5214,2011,E01000895,2011 super output areas - lower layer,298,Age 10 to 14,0.0
5215,2011,E01000895,2011 super output areas - lower layer,298,Age 15,0.0
5216,2011,E01000895,2011 super output areas - lower layer,298,Age 16 to 17,0.0
5217,2011,E01000895,2011 super output areas - lower layer,298,Age 18 to 19,0.0
5218,2011,E01000895,2011 super output areas - lower layer,298,Age 20 to 24,0.0
5219,2011,E01000895,2011 super output areas - lower layer,298,Age 25 to 29,0.0
5220,2011,E01000895,2011 super output areas - lower layer,298,Age 30 to 44,0.0
5221,2011,E01000895,2011 super output areas - lower layer,298,Age 45 to 59,0.0
5222,2011,E01000895,2011 super output areas - lower layer,298,Age 60 to 64,0.0
5223,2011,E01000895,2011 super output areas - lower layer,298,Age 65 to 74,0.0
5224,2011,E01000895,2011 super output areas - lower layer,298,Age 75 to 84,0.0
5225,2011,E01000895,2011 super output areas - lower layer,298,Age 85 to 89,0.0
5226,2011,E01000895,2011 super output areas - lower layer,298,Age 90 and over,0.0
5227,2011,E01000895,2011 super output areas - lower layer,298,Mean Age,
5228,2011,E01000895,2011 super output areas - lower layer,298,Median Age,0.5
5229,2011,E01000895,2011 super output areas - lower layer,298,All usual residents,0.0
5230,2011,E01000895,2011 super output areas - lower layer,298,Age 0 to 4,0.0
5231,2011,E01000895,2011 super output areas - lower layer,298,Age 5 to 7,0.0
5232,2011,E01000895,2011 super output areas - lower layer,298,Age 8 to 9,0.0
5233,2011,E01000895,2011 super output areas - lower layer,298,Age 10 to 14,0.0
5234,2011,E01000895,2011 super output areas - lower layer,298,Age 15,0.0
5235,2011,E01000895,2011 super output areas - lower layer,298,Age 16 to 17,0.0
5236,2011,E01000895,2011 super output areas - lower layer,298,Age 18 to 19,0.0
5237,2011,E01000895,2011 super output areas - lower layer,298,Age 20 to 24,0.0
5238,2011,E01000895,2011 super output areas - lower layer,298,Age 25 to 29,0.0
5239,2011,E01000895,2011 super output areas - lower layer,298,Age 30 to 44,0.0
5240,2011,E01000895,2011 super output areas - lower layer,298,Age 45 to 59,0.0
5241,2011,E01000895,2011 super output areas - lower layer,298,Age 60 to 64,0.0
5242,2011,E01000895,2011 super output areas - lower layer,298,Age 65 to 74,0.0
5243,2011,E01000895,2011 super output areas - lower layer,298,Age 75 to 84,0.0
5244,2011,E01000895,2011 super output areas - lower layer,298,Age 85 to 89,0.0
5245,2011,E01000895,2011 super output areas - lower layer,298,Age 90 and over,0.0
5246,2011,E01000895,2011 super output areas - lower layer,298,Mean Age,
5247,2011,E01000895,2011 super output areas - lower layer,298,Median Age,0.5
5248,2011,E01000895,2011 super output areas - lower layer,298,All usual residents,0.0
5249,2011,E01000895,2011 super output areas - lower layer,298,Age 0 to 4,0.0
5250,2011,E01000895,2011 super output areas - lower layer,298,Age 5 to 7,0.0
5251,2011,E01000895,2011 super output areas - lower layer,298,Age 8 to 9,0.0
5252,2011,E01000895,2011 super output areas - lower layer,298,Age 10 to 14,0.0
5253,2011,E01000895,2011 super output areas - lower layer,298,Age 15,0.0
5254,2011,E01000895,2011 super output areas - lower layer,298,Age 16 to 17,0.0
5255,2011,E01000895,2011 super output areas - lower layer,298,Age 18 to 19,0.0
5256,2011,E01000895,2011 super output areas - lower layer,298,Age 20 to 24,0.0
5257,2011,E01000895,2011 super output areas - lower layer,298,Age 25 to 29,0.0
5258,2011,E01000895,2011 super output areas - lower layer,298,Age 30 to 44,0.0
5259,2011,E01000895,2011 super output areas - lower layer,298,Age 45 to 59,0.0
5260,2011,E01000895,2011 super output areas - lower layer,298,Age 60 to 64,0.0
5261,2011,E01000895,2011 super output areas - lower layer,298,Age 65 to 74,0.0
5262,2011,E01000895,2011 super output areas - lower layer,298,Age 75 to 84,0.0
5263,2011,E01000895,2011 super output areas - lower layer,298,Age 85 to 89,0.0
5264,2011,E01000895,2011 super output areas - lower layer,298,Age 90 and over,0.0
5265,2011,E01000895,2011 super output areas - lower layer,298,Mean Age,
5266,2011,E01000895,2011 super output areas - lower layer,298,Median Age,0.5
5267,2011,E01000895,2011 super output areas - lower layer,298,All usual residents,0.0
5268,2011,E01000895,2011 super output areas - lower layer,298,Age 0 to 4,0.0
5269,2011,E01000895,2011 super output areas - lower layer,298,Age 5 to 7,0.0
5270,2011,E01000895,2011 super output areas - lower layer,298,Age 8 to 9,0.0
5271,2011,E01000895,2011 super output areas - lower layer,298,Age 10 to 14,0.0
5272,2011,E01000895,2011 super output areas - lower layer,298,Age 15,0.0
5273,2011,E01000895,2011 super output areas - lower layer,298,Age 16 to 17,0.0
5274,2011,E01000895,2011 super output areas - lower layer,298,Age 18 to 19,0.0
5275,2011,E01000895,2011 super output areas - lower layer,298,Age 20 to 24,0.0
5276,2011,E01000895,2011 super output areas - lower layer,298,Age 25 to 29,0.0
5277,2011,E01000895,2011 super output areas - lower layer,298,Age 30 to 44,0.0
5278,2011,E01000895,2011 super output areas - lower layer,298,Age 45 to 59,0.0
5279,2011,E01000895,2011 super output areas - lower layer,298,Age 60 to 64,0.0
5280,2011,E01000895,2011 super output areas - lower layer,298,Age 65 to 74,0.0
5281,2011,E01000895,2011 super output areas - lower layer,298,Age 75 to 84,0.0
5282,2011,E01000895,2011 super output areas - lower layer,298,Age 85 to 89,0.0
5283,2011,E01000895,2011 super output areas - lower layer,298,Age 90 and over,0.0
5284,2011,E01000895,2011 super output areas - lower layer,298,Mean Age,
5285,2011,E01000895,2011 super output areas - lower layer,298,Median Age,0.5
5286,2011,E01000895,2011 super output areas - lower layer,298,All usual residents,0.0
5287,2011,E01000895,2011 super output areas - lower layer,298,Age 0 to 4,0.0
5288,2011,E01000895,2011 super output areas - lower layer,298,Age 5 to 7,0.0
5289,2011,E01000895,2011 super output areas - lower layer,298,Age 8 to 9,0.0
5290,2011,E01000895,2011 super output areas - lower layer,298,Age 10 to 14,0.0
5291,2011,E01000895,2011 super output areas - lower layer,298,Age 15,0.0
5292,2011,E01000895,2011 super output areas - lower layer,298,Age 16 to 17,0.0
5293,2011,E01000895,2011 super output areas - lower layer,298,Age 18 to 19,0.0
5294,2011,E01000895,2011 super output areas - lower layer,298,Age 20 to 24,0.0
5295,2011,E01000895,2011 super output areas - lower layer,298,Age 25 to 29,0.0
5296,2011,E01000895,2011 super output areas - lower layer,298,Age 30 to 44,0.0
5297,2011,E01000895,2011 super output areas - lower layer,298,Age 45 to 59,0.0
5298,2011,E01000895,2011 super output areas - lower layer,298,Age 60 to 64,0.0
5299,2011,E01000895,2011 super output areas - lower layer,298,Age 65 to 74,0.0
5300,2011,E01000895,2011 super output areas - lower layer,298,Age 75 to 84,0.0
5301,2011,E01000895,2011 super output areas - lower layer,298,Age 85 to 89,0.0
5302,2011,E01000895,2011 super output areas - lower layer,298,Age 90 and over,0.0
5303,2011,E01000895,2011 super output areas - lower layer,298,Mean Age,
5304,2011,E01000895,2011 super output areas - lower layer,298,Median Age,0.5
5305,2011,E01000895,2011 super output areas - lower layer,298,All usual residents,0.0
5306,2011,E01000895,2011 super output areas - lower layer,298,Age 0 to 4,0.0
5307,2011,E01000895,2011 super output areas - lower layer,298,Age 5 to 7,0.0
5308,2011,E01000895,2011 super output areas - lower layer,298,Age 8 to 9,0.0
5309,2011,E01000895,2011 super output areas - lower layer,298,Age 10 to 14,0.0
5310,2011,E01000895,2011 super output areas - lower layer,298,Age 15,0.0
5311,2011,E01000895,2011 super output areas - lower layer,298,Age 16 to 17,0.0
5312,2011,E01000895,2011 super output areas - lower layer,298,Age 18 to 19,0.0
5313,2011,E01000895,2011 super output areas - lower layer,298,Age 20 to 24,0.0
5314,2011,E01000895,2011 super output areas - lower layer,298,Age 25 to 29,0.0
5315,2011,E01000895,2011 super output areas - lower layer,298,Age 30 to 44,0.0
5316,2011,E01000895,2011 super output areas - lower layer,298,Age 45 to 59,0.0
5317,2011,E01000895,2011 super output areas - lower layer,298,Age 60 to 64,0.0
5318,2011,E01000895,2011 super output areas - lower layer,298,Age 65 to 74,0.0
5319,2011,E01000895,2011 super output areas - lower layer,298,Age 75 to 84,0.0
5320,2011,E01000895,2011 super output areas - lower layer,298,Age 85 to 89,0.0
5321,2011,E01000895,2011 super output areas - lower layer,298,Age 90 and over,0.0
5322,2011,E01000895,2011 super output areas - lower layer,298,Mean Age,
5323,2011,E01000895,2011 super output areas - lower layer,298,Median Age,0.5
5324,2011,E01000895,2011 super output areas - lower layer,298,All usual residents,0.0
5325,2011,E01000895,2011 super output areas - lower layer,298,Age 0 to 4,0.0
5326,2011,E01000895,2011 super output areas - lower layer,298,Age 5 to 7,0.0
5327,2011,E01000895,2011 super output areas - lower layer,298,Age 8 to 9,0.0
5328,2011,E01000895,2011 super output areas - lower layer,298,Age 10 to 14,0.0
5329,2011,E01000895,2011 super output areas - lower layer,298,Age 15,0.0
5330,2011,E01000895,2011 super output areas - lower layer,298,Age 16 to 17,0.0
5331,2011,E01000895,2011 super output areas - lower layer,298,Age 18 to 19,0.0
5332,2011,E01000895,2011 super output areas - lower layer,298,Age 20 to 24,0.0
5333,2011,E01000895,2011 super output areas - lower layer,298,Age 25 to 29,0.0
5334,2011,E01000895,2011 super output areas - lower layer,298,Age 30 to 44,0.0
5335,2011,E01000895,2011 super output areas - lower layer,298,Age 45 to 59,0.0
5336,2011,E01000895,2011 super output areas - lower layer,298,Age 60 to 64,0.0
5337,2011,E01000895,2011 super output areas - lower layer,298,Age 65 to 74,0.0
5338,2011,E01000895,2011 super output areas - lower layer,298,Age 75 to 84,0.0
5339,2011,E01000895,2011 super output areas - lower layer,298,Age 85 to 89,0.0
5340,2011,E01000895,2011 super output areas - lower layer,298,Age 90 and over,0.0
5341,2011,E01000895,2011 super output areas - lower layer,298,Mean Age,
5342,2011,E01000895,2011 super output areas - lower layer,298,Median Age,0.5
5343,2011,E01000895,2011 super output areas - lower layer,298,All usual residents,0.0
5344,2011,E01000895,2011 super output areas - lower layer,298,Age 0 to 4,0.0
5345,2011,E01000895,2011 super output areas - lower layer,298,Age 5 to 7,0.0
5346,2011,E01000895,2011 super output areas - lower layer,298,Age 8 to 9,0.0
5347,2011,E01000895,2011 super output areas - lower layer,298,Age 10 to 14,0.0
5348,2011,E01000895,2011 super output areas - lower layer,298,Age 15,0.0
5349,2011,E01000895,2011 super output areas - lower layer,298,Age 16 to 17,0.0
5350,2011,E01000895,2011 super output areas - lower layer,298,Age 18 to 19,0.0
5351,2011,E01000895,2011 super output areas - lower layer,298,Age 20 to 24,0.0
5352,2011,E01000895,2011 super output areas - lower layer,298,Age 25 to 29,0.0
5353,2011,E01000895,2011 super output areas - lower layer,298,Age 30 to 44,0.0
5354,2011,E01000895,2011 super output areas - lower layer,298,Age 45 to 59,0.0
5355,2011,E01000895,2011 super output areas - lower layer,298,Age 60 to 64,0.0
5356,2011,E01000895,2011 super output areas - lower layer,298,Age 65 to 74,0.0
5357,2011,E01000895,2011 super output areas - lower layer,298,Age 75 to 84,0.0
5358,2011,E01000895,2011 super output areas - lower layer,298,Age 85 to 89,0.0
5359,2011,E01000895,2011 super output areas - lower layer,298,Age 90 and over,0.0
5360,2011,E01000895,2011 super output areas - lower layer,298,Mean Age,
5361,2011,E01000895,2011 super output areas - lower layer,298,Median Age,0.5
5362,2011,E01000895,2011 super output areas - lower layer,298,All usual residents,0.0
5363,2011,E01000895,2011 super output areas - lower layer,298,Age 0 to 4,0.0
5364,2011,E01000895,2011 super output areas - lower layer,298,Age 5 to 7,0.0
5365,2011,E01000895,2011 super output areas - lower layer,298,Age 8 to 9,0.0
5366,2011,E01000895,2011 super output areas - lower layer,298,Age 10 to 14,0.0
5367,2011,E01000895,2011 super output areas - lower layer,298,Age 15,0.0
5368,2011,E01000895,2011 super output areas - lower layer,298,Age 16 to 17,0.0
5369,2011,E01000895,2011 super output areas - lower layer,298,Age 18 to 19,0.0
5370,2011,E01000895,2011 super output areas - lower layer,298,Age 20 to 24,0.0
5371,2011,E01000895,2011 super output areas - lower layer,298,Age 25 to 29,0.0
5372,2011,E01000895,2011 super output areas - lower layer,298,Age 30 to 44,0.0
5373,2011,E01000895,2011 super output areas - lower layer,298,Age 45 to 59,0.0
5374,2011,E01000895,2011 super output areas - lower layer,298,Age 60 to 64,0.0
5375,2011,E01000895,2011 super output areas - lower layer,298,Age 65 to 74,0.0
5376,2011,E01000895,2011 super output areas - lower layer,298,Age 75 to 84,0.0
5377,2011,E01000895,2011 super output areas - lower layer,298,Age 85 to 89,0.0
5378,2011,E01000895,2011 super output areas - lower layer,298,Age 90 and over,0.0
5379,2011,E01000895,2011 super output areas - lower layer,298,Mean Age,
5380,2011,E01000895,2011 super output areas - lower layer,298,Median Age,0.5
5381,2011,E01000895,2011 super output areas - lower layer,298,All usual residents,0.0
5382,2011,E01000895,2011 super output areas - lower layer,298,Age 0 to 4,0.0
5383,2011,E01000895,2011 super output areas - lower layer,298,Age 5 to 7,0.0
5384,2011,E01000895,2011 super output areas - lower layer,298,Age 8 to 9,0.0
5385,2011,E01000895,2011 super output areas - lower layer,298,Age 10 to 14,0.0
5386,2011,E01000895,2011 super output areas - lower layer,298,Age 15,0.0
5387,2011,E01000895,2011 super output areas - lower layer,298,Age 16 to 17,0.0
5388,2011,E01000895,2011 super output areas - lower layer,298,Age 18 to 19,0.0
5389,2011,E01000895,2011 super output areas - lower layer,298,Age 20 to 24,0.0
5390,2011,E01000895,2011 super output areas - lower layer,298,Age 25 to 29,0.0
5391,2011,E01000895,2011 super output areas - lower layer,298,Age 30 to 44,0.0
5392,2011,E01000895,2011 super output areas - lower layer,298,Age 45 to 59,0.0
5393,2011,E01000895,2011 super output areas - lower layer,298,Age 60 to 64,0.0
5394,2011,E01000895,2011 super output areas - lower layer,298,Age 65 to 74,0.0
5395,2011,E01000895,2011 super output areas - lower layer,298,Age 75 to 84,0.0
5396,2011,E01000895,2011 super output areas - lower layer,298,Age 85 to 89,0.0
5397,2011,E01000895,2011 super output areas - lower layer,298,Age 90 and over,0.0
5398,2011,E01000895,2011 super output areas - lower layer,298,Mean Age,
5399,2011,E01000895,2011 super output areas - lower layer,298,Median Age,0.5
5400,2011,E01000895,2011 super output areas - lower layer,298,All usual residents,0.0
5401,2011,E01000895,2011 super output areas - lower layer,298,Age 0 to 4,0.0
5402,2011,E01000895,2011 super output areas - lower layer,298,Age 5 to 7,0.0
5403,2011,E01000895,2011 super output areas - lower layer,298,Age 8 to 9,0.0
5404,2011,E01000895,2011 super output areas - lower layer,298,Age 10 to 14,0.0
5405,2011,E01000895,2011 super output areas - lower layer,298,Age 15,0.0
5406,2011,E01000895,2011 super output areas - lower layer,298,Age 16 to 17,0.0
5407,2011,E01000895,2011 super output areas - lower layer,298,Age 18 to 19,0.0
5408,2011,E01000895,2011 super output areas - lower layer,298,Age 20 to 24,0.0
5409,2011,E01000895,2011 super output areas - lower layer,298,Age 25 to 29,0.0
5410,2011,E01000895,2011 super output areas - lower layer,298,Age 30 to 44,0.0
5411,2011,E01000895,2011 super output areas - lower layer,298,Age 45 to 59,0.0
5412,2011,E01000895,2011 super output areas - lower layer,298,Age 60 to 64,0.0
5413,2011,E01000895,2011 super output areas - lower layer,298,Age 65 to 74,0.0
5414,2011,E01000895,2011 super output areas - lower layer,298,Age 75 to 84,0.0
5415,2011,E01000895,2011 super output areas - lower layer,298,Age 85 to 89,0.0
5416,2011,E01000895,2011 super output areas - lower layer,298,Age 90 and over,0.0
5417,2011,E01000895,2011 super output areas - lower layer,298,Mean Age,
5418,2011,E01000895,2011 super output areas - lower layer,298,Median Age,0.5
5419,2011,E01000895,2011 super output areas - lower layer,298,All usual residents,0.0
5420,2011,E01000895,2011 super output areas - lower layer,298,Age 0 to 4,0.0
5421,2011,E01000895,2011 super output areas - lower layer,298,Age 5 to 7,0.0
5422,2011,E01000895,2011 super output areas - lower layer,298,Age 8 to 9,0.0
5423,2011,E01000895,2011 super output areas - lower layer,298,Age 10 to 14,0.0
5424,2011,E01000895,2011 super output areas - lower layer,298,Age 15,0.0
5425,2011,E01000895,2011 super output areas - lower layer,298,Age 16 to 17,0.0
5426,2011,E01000895,2011 super output areas - lower layer,298,Age 18 to 19,0.0
5427,2011,E01000895,2011 super output areas - lower layer,298,Age 20 to 24,0.0
5428,2011,E01000895,2011 super output areas - lower layer,298,Age 25 to 29,0.0
5429,2011,E01000895,2011 super output areas - lower layer,298,Age 30 to 44,0.0
5430,2011,E01000895,2011 super output areas - lower layer,298,Age 45 to 59,0.0
5431,2011,E01000895,2011 super output areas - lower layer,298,Age 60 to 64,0.0
5432,2011,E01000895,2011 super output areas - lower layer,298,Age 65 to 74,0.0
5433,2011,E01000895,2011 super output areas - lower layer,298,Age 75 to 84,0.0
5434,2011,E01000895,2011 super output areas - lower layer,298,Age 85 to 89,0.0
5435,2011,E01000895,2011 super output areas - lower layer,298,Age 90 and over,0.0
5436,2011,E01000895,2011 super output areas - lower layer,298,Mean Age,
5437,2011,E01000895,2011 super output areas - lower layer,298,Median Age,0.5
5438,2011,E01000896,2011 super output areas - lower layer,298,All usual residents,1692.0
5439,2011,E01000896,2011 super output areas - lower layer,298,Age 0 to 4,114.0
5440,2011,E01000896,2011 super output areas - lower layer,298,Age 5 to 7,59.0
5441,2011,E01000896,2011 super output areas - lower layer,298,Age 8 to 9,36.0
5442,2011,E01000896,2011 super output areas - lower layer,298,Age 10 to 14,77.0
5443,2011,E01000896,2011 super output areas - lower layer,298,Age 15,15.0
5444,2011,E01000896,2011 super output areas - lower layer,298,Age 16 to 17,22.0
5445,2011,E01000896,2011 super output areas - lower layer,298,Age 18 to 19,10.0
5446,2011,E01000896,2011 super output areas - lower layer,298,Age 20 to 24,60.0
5447,2011,E01000896,2011 super output areas - lower layer,298,Age 25 to 29,136.0
5448,2011,E01000896,2011 super output areas - lower layer,298,Age 30 to 44,476.0
5449,2011,E01000896,2011 super output areas - lower layer,298,Age 45 to 59,304.0
5450,2011,E01000896,2011 super output areas - lower layer,298,Age 60 to 64,84.0
5451,2011,E01000896,2011 super output areas - lower layer,298,Age 65 to 74,163.0
5452,2011,E01000896,2011 super output areas - lower layer,298,Age 75 to 84,85.0
5453,2011,E01000896,2011 super output areas - lower layer,298,Age 85 to 89,32.0
5454,2011,E01000896,2011 super output areas - lower layer,298,Age 90 and over,19.0
5455,2011,E01000896,2011 super output areas - lower layer,298,Mean Age,40.4
5456,2011,E01000896,2011 super output areas - lower layer,298,Median Age,39.0
5457,2011,E01000896,2011 super output areas - lower layer,298,All usual residents,0.0
5458,2011,E01000896,2011 super output areas - lower layer,298,Age 0 to 4,0.0
5459,2011,E01000896,2011 super output areas - lower layer,298,Age 5 to 7,0.0
5460,2011,E01000896,2011 super output areas - lower layer,298,Age 8 to 9,0.0
5461,2011,E01000896,2011 super output areas - lower layer,298,Age 10 to 14,0.0
5462,2011,E01000896,2011 super output areas - lower layer,298,Age 15,0.0
5463,2011,E01000896,2011 super output areas - lower layer,298,Age 16 to 17,0.0
5464,2011,E01000896,2011 super output areas - lower layer,298,Age 18 to 19,0.0
5465,2011,E01000896,2011 super output areas - lower layer,298,Age 20 to 24,0.0
5466,2011,E01000896,2011 super output areas - lower layer,298,Age 25 to 29,0.0
5467,2011,E01000896,2011 super output areas - lower layer,298,Age 30 to 44,0.0
5468,2011,E01000896,2011 super output areas - lower layer,298,Age 45 to 59,0.0
5469,2011,E01000896,2011 super output areas - lower layer,298,Age 60 to 64,0.0
5470,2011,E01000896,2011 super output areas - lower layer,298,Age 65 to 74,0.0
5471,2011,E01000896,2011 super output areas - lower layer,298,Age 75 to 84,0.0
5472,2011,E01000896,2011 super output areas - lower layer,298,Age 85 to 89,0.0
5473,2011,E01000896,2011 super output areas - lower layer,298,Age 90 and over,0.0
5474,2011,E01000896,2011 super output areas - lower layer,298,Mean Age,
5475,2011,E01000896,2011 super output areas - lower layer,298,Median Age,0.5
5476,2011,E01000896,2011 super output areas - lower layer,298,All usual residents,0.0
5477,2011,E01000896,2011 super output areas - lower layer,298,Age 0 to 4,0.0
5478,2011,E01000896,2011 super output areas - lower layer,298,Age 5 to 7,0.0
5479,2011,E01000896,2011 super output areas - lower layer,298,Age 8 to 9,0.0
5480,2011,E01000896,2011 super output areas - lower layer,298,Age 10 to 14,0.0
5481,2011,E01000896,2011 super output areas - lower layer,298,Age 15,0.0
5482,2011,E01000896,2011 super output areas - lower layer,298,Age 16 to 17,0.0
5483,2011,E01000896,2011 super output areas - lower layer,298,Age 18 to 19,0.0
5484,2011,E01000896,2011 super output areas - lower layer,298,Age 20 to 24,0.0
5485,2011,E01000896,2011 super output areas - lower layer,298,Age 25 to 29,0.0
5486,2011,E01000896,2011 super output areas - lower layer,298,Age 30 to 44,0.0
5487,2011,E01000896,2011 super output areas - lower layer,298,Age 45 to 59,0.0
5488,2011,E01000896,2011 super output areas - lower layer,298,Age 60 to 64,0.0
5489,2011,E01000896,2011 super output areas - lower layer,298,Age 65 to 74,0.0
5490,2011,E01000896,2011 super output areas - lower layer,298,Age 75 to 84,0.0
5491,2011,E01000896,2011 super output areas - lower layer,298,Age 85 to 89,0.0
5492,2011,E01000896,2011 super output areas - lower layer,298,Age 90 and over,0.0
5493,2011,E01000896,2011 super output areas - lower layer,298,Mean Age,
5494,2011,E01000896,2011 super output areas - lower layer,298,Median Age,0.5
5495,2011,E01000896,2011 super output areas - lower layer,298,All usual residents,0.0
5496,2011,E01000896,2011 super output areas - lower layer,298,Age 0 to 4,0.0
5497,2011,E01000896,2011 super output areas - lower layer,298,Age 5 to 7,0.0
5498,2011,E01000896,2011 super output areas - lower layer,298,Age 8 to 9,0.0
5499,2011,E01000896,2011 super output areas - lower layer,298,Age 10 to 14,0.0
5500,2011,E01000896,2011 super output areas - lower layer,298,Age 15,0.0
5501,2011,E01000896,2011 super output areas - lower layer,298,Age 16 to 17,0.0
5502,2011,E01000896,2011 super output areas - lower layer,298,Age 18 to 19,0.0
5503,2011,E01000896,2011 super output areas - lower layer,298,Age 20 to 24,0.0
5504,2011,E01000896,2011 super output areas - lower layer,298,Age 25 to 29,0.0
5505,2011,E01000896,2011 super output areas - lower layer,298,Age 30 to 44,0.0
5506,2011,E01000896,2011 super output areas - lower layer,298,Age 45 to 59,0.0
5507,2011,E01000896,2011 super output areas - lower layer,298,Age 60 to 64,0.0
5508,2011,E01000896,2011 super output areas - lower layer,298,Age 65 to 74,0.0
5509,2011,E01000896,2011 super output areas - lower layer,298,Age 75 to 84,0.0
5510,2011,E01000896,2011 super output areas - lower layer,298,Age 85 to 89,0.0
5511,2011,E01000896,2011 super output areas - lower layer,298,Age 90 and over,0.0
5512,2011,E01000896,2011 super output areas - lower layer,298,Mean Age,
5513,2011,E01000896,2011 super output areas - lower layer,298,Median Age,0.5
5514,2011,E01000896,2011 super output areas - lower layer,298,All usual residents,0.0
5515,2011,E01000896,2011 super output areas - lower layer,298,Age 0 to 4,0.0
5516,2011,E01000896,2011 super output areas - lower layer,298,Age 5 to 7,0.0
5517,2011,E01000896,2011 super output areas - lower layer,298,Age 8 to 9,0.0
5518,2011,E01000896,2011 super output areas - lower layer,298,Age 10 to 14,0.0
5519,2011,E01000896,2011 super output areas - lower layer,298,Age 15,0.0
5520,2011,E01000896,2011 super output areas - lower layer,298,Age 16 to 17,0.0
5521,2011,E01000896,2011 super output areas - lower layer,298,Age 18 to 19,0.0
5522,2011,E01000896,2011 super output areas - lower layer,298,Age 20 to 24,0.0
5523,2011,E01000896,2011 super output areas - lower layer,298,Age 25 to 29,0.0
5524,2011,E01000896,2011 super output areas - lower layer,298,Age 30 to 44,0.0
5525,2011,E01000896,2011 super output areas - lower layer,298,Age 45 to 59,0.0
5526,2011,E01000896,2011 super output areas - lower layer,298,Age 60 to 64,0.0
5527,2011,E01000896,2011 super output areas - lower layer,298,Age 65 to 74,0.0
5528,2011,E01000896,2011 super output areas - lower layer,298,Age 75 to 84,0.0
5529,2011,E01000896,2011 super output areas - lower layer,298,Age 85 to 89,0.0
5530,2011,E01000896,2011 super output areas - lower layer,298,Age 90 and over,0.0
5531,2011,E01000896,2011 super output areas - lower layer,298,Mean Age,
5532,2011,E01000896,2011 super output areas - lower layer,298,Median Age,0.5
5533,2011,E01000896,2011 super output areas - lower layer,298,All usual residents,0.0
5534,2011,E01000896,2011 super output areas - lower layer,298,Age 0 to 4,0.0
5535,2011,E01000896,2011 super output areas - lower layer,298,Age 5 to 7,0.0
5536,2011,E01000896,2011 super output areas - lower layer,298,Age 8 to 9,0.0
5537,2011,E01000896,2011 super output areas - lower layer,298,Age 10 to 14,0.0
5538,2011,E01000896,2011 super output areas - lower layer,298,Age 15,0.0
5539,2011,E01000896,2011 super output areas - lower layer,298,Age 16 to 17,0.0
5540,2011,E01000896,2011 super output areas - lower layer,298,Age 18 to 19,0.0
5541,2011,E01000896,2011 super output areas - lower layer,298,Age 20 to 24,0.0
5542,2011,E01000896,2011 super output areas - lower layer,298,Age 25 to 29,0.0
5543,2011,E01000896,2011 super output areas - lower layer,298,Age 30 to 44,0.0
5544,2011,E01000896,2011 super output areas - lower layer,298,Age 45 to 59,0.0
5545,2011,E01000896,2011 super output areas - lower layer,298,Age 60 to 64,0.0
5546,2011,E01000896,2011 super output areas - lower layer,298,Age 65 to 74,0.0
5547,2011,E01000896,2011 super output areas - lower layer,298,Age 75 to 84,0.0
5548,2011,E01000896,2011 super output areas - lower layer,298,Age 85 to 89,0.0
5549,2011,E01000896,2011 super output areas - lower layer,298,Age 90 and over,0.0
5550,2011,E01000896,2011 super output areas - lower layer,298,Mean Age,
5551,2011,E01000896,2011 super output areas - lower layer,298,Median Age,0.5
5552,2011,E01000896,2011 super output areas - lower layer,298,All usual residents,0.0
5553,2011,E01000896,2011 super output areas - lower layer,298,Age 0 to 4,0.0
5554,2011,E01000896,2011 super output areas - lower layer,298,Age 5 to 7,0.0
5555,2011,E01000896,2011 super output areas - lower layer,298,Age 8 to 9,0.0
5556,2011,E01000896,2011 super output areas - lower layer,298,Age 10 to 14,0.0
5557,2011,E01000896,2011 super output areas - lower layer,298,Age 15,0.0
5558,2011,E01000896,2011 super output areas - lower layer,298,Age 16 to 17,0.0
5559,2011,E01000896,2011 super output areas - lower layer,298,Age 18 to 19,0.0
5560,2011,E01000896,2011 super output areas - lower layer,298,Age 20 to 24,0.0
5561,2011,E01000896,2011 super output areas - lower layer,298,Age 25 to 29,0.0
5562,2011,E01000896,2011 super output areas - lower layer,298,Age 30 to 44,0.0
5563,2011,E01000896,2011 super output areas - lower layer,298,Age 45 to 59,0.0
5564,2011,E01000896,2011 super output areas - lower layer,298,Age 60 to 64,0.0
5565,2011,E01000896,2011 super output areas - lower layer,298,Age 65 to 74,0.0
5566,2011,E01000896,2011 super output areas - lower layer,298,Age 75 to 84,0.0
5567,2011,E01000896,2011 super output areas - lower layer,298,Age 85 to 89,0.0
5568,2011,E01000896,2011 super output areas - lower layer,298,Age 90 and over,0.0
5569,2011,E01000896,2011 super output areas - lower layer,298,Mean Age,
5570,2011,E01000896,2011 super output areas - lower layer,298,Median Age,0.5
5571,2011,E01000896,2011 super output areas - lower layer,298,All usual residents,0.0
5572,2011,E01000896,2011 super output areas - lower layer,298,Age 0 to 4,0.0
5573,2011,E01000896,2011 super output areas - lower layer,298,Age 5 to 7,0.0
5574,2011,E01000896,2011 super output areas - lower layer,298,Age 8 to 9,0.0
5575,2011,E01000896,2011 super output areas - lower layer,298,Age 10 to 14,0.0
5576,2011,E01000896,2011 super output areas - lower layer,298,Age 15,0.0
5577,2011,E01000896,2011 super output areas - lower layer,298,Age 16 to 17,0.0
5578,2011,E01000896,2011 super output areas - lower layer,298,Age 18 to 19,0.0
5579,2011,E01000896,2011 super output areas - lower layer,298,Age 20 to 24,0.0
5580,2011,E01000896,2011 super output areas - lower layer,298,Age 25 to 29,0.0
5581,2011,E01000896,2011 super output areas - lower layer,298,Age 30 to 44,0.0
5582,2011,E01000896,2011 super output areas - lower layer,298,Age 45 to 59,0.0
5583,2011,E01000896,2011 super output areas - lower layer,298,Age 60 to 64,0.0
5584,2011,E01000896,2011 super output areas - lower layer,298,Age 65 to 74,0.0
5585,2011,E01000896,2011 super output areas - lower layer,298,Age 75 to 84,0.0
5586,2011,E01000896,2011 super output areas - lower layer,298,Age 85 to 89,0.0
5587,2011,E01000896,2011 super output areas - lower layer,298,Age 90 and over,0.0
5588,2011,E01000896,2011 super output areas - lower layer,298,Mean Age,
5589,2011,E01000896,2011 super output areas - lower layer,298,Median Age,0.5
5590,2011,E01000896,2011 super output areas - lower layer,298,All usual residents,0.0
5591,2011,E01000896,2011 super output areas - lower layer,298,Age 0 to 4,0.0
5592,2011,E01000896,2011 super output areas - lower layer,298,Age 5 to 7,0.0
5593,2011,E01000896,2011 super output areas - lower layer,298,Age 8 to 9,0.0
5594,2011,E01000896,2011 super output areas - lower layer,298,Age 10 to 14,0.0
5595,2011,E01000896,2011 super output areas - lower layer,298,Age 15,0.0
5596,2011,E01000896,2011 super output areas - lower layer,298,Age 16 to 17,0.0
5597,2011,E01000896,2011 super output areas - lower layer,298,Age 18 to 19,0.0
5598,2011,E01000896,2011 super output areas - lower layer,298,Age 20 to 24,0.0
5599,2011,E01000896,2011 super output areas - lower layer,298,Age 25 to 29,0.0
5600,2011,E01000896,2011 super output areas - lower layer,298,Age 30 to 44,0.0
5601,2011,E01000896,2011 super output areas - lower layer,298,Age 45 to 59,0.0
5602,2011,E01000896,2011 super output areas - lower layer,298,Age 60 to 64,0.0
5603,2011,E01000896,2011 super output areas - lower layer,298,Age 65 to 74,0.0
5604,2011,E01000896,2011 super output areas - lower layer,298,Age 75 to 84,0.0
5605,2011,E01000896,2011 super output areas - lower layer,298,Age 85 to 89,0.0
5606,2011,E01000896,2011 super output areas - lower layer,298,Age 90 and over,0.0
5607,2011,E01000896,2011 super output areas - lower layer,298,Mean Age,
5608,2011,E01000896,2011 super output areas - lower layer,298,Median Age,0.5
5609,2011,E01000896,2011 super output areas - lower layer,298,All usual residents,0.0
5610,2011,E01000896,2011 super output areas - lower layer,298,Age 0 to 4,0.0
5611,2011,E01000896,2011 super output areas - lower layer,298,Age 5 to 7,0.0
5612,2011,E01000896,2011 super output areas - lower layer,298,Age 8 to 9,0.0
5613,2011,E01000896,2011 super output areas - lower layer,298,Age 10 to 14,0.0
5614,2011,E01000896,2011 super output areas - lower layer,298,Age 15,0.0
5615,2011,E01000896,2011 super output areas - lower layer,298,Age 16 to 17,0.0
5616,2011,E01000896,2011 super output areas - lower layer,298,Age 18 to 19,0.0
5617,2011,E01000896,2011 super output areas - lower layer,298,Age 20 to 24,0.0
5618,2011,E01000896,2011 super output areas - lower layer,298,Age 25 to 29,0.0
5619,2011,E01000896,2011 super output areas - lower layer,298,Age 30 to 44,0.0
5620,2011,E01000896,2011 super output areas - lower layer,298,Age 45 to 59,0.0
5621,2011,E01000896,2011 super output areas - lower layer,298,Age 60 to 64,0.0
5622,2011,E01000896,2011 super output areas - lower layer,298,Age 65 to 74,0.0
5623,2011,E01000896,2011 super output areas - lower layer,298,Age 75 to 84,0.0
5624,2011,E01000896,2011 super output areas - lower layer,298,Age 85 to 89,0.0
5625,2011,E01000896,2011 super output areas - lower layer,298,Age 90 and over,0.0
5626,2011,E01000896,2011 super output areas - lower layer,298,Mean Age,
5627,2011,E01000896,2011 super output areas - lower layer,298,Median Age,0.5
5628,2011,E01000896,2011 super output areas - lower layer,298,All usual residents,0.0
5629,2011,E01000896,2011 super output areas - lower layer,298,Age 0 to 4,0.0
5630,2011,E01000896,2011 super output areas - lower layer,298,Age 5 to 7,0.0
5631,2011,E01000896,2011 super output areas - lower layer,298,Age 8 to 9,0.0
5632,2011,E01000896,2011 super output areas - lower layer,298,Age 10 to 14,0.0
5633,2011,E01000896,2011 super output areas - lower layer,298,Age 15,0.0
5634,2011,E01000896,2011 super output areas - lower layer,298,Age 16 to 17,0.0
5635,2011,E01000896,2011 super output areas - lower layer,298,Age 18 to 19,0.0
5636,2011,E01000896,2011 super output areas - lower layer,298,Age 20 to 24,0.0
5637,2011,E01000896,2011 super output areas - lower layer,298,Age 25 to 29,0.0
5638,2011,E01000896,2011 super output areas - lower layer,298,Age 30 to 44,0.0
5639,2011,E01000896,2011 super output areas - lower layer,298,Age 45 to 59,0.0
5640,2011,E01000896,2011 super output areas - lower layer,298,Age 60 to 64,0.0
5641,2011,E01000896,2011 super output areas - lower layer,298,Age 65 to 74,0.0
5642,2011,E01000896,2011 super output areas - lower layer,298,Age 75 to 84,0.0
5643,2011,E01000896,2011 super output areas - lower layer,298,Age 85 to 89,0.0
5644,2011,E01000896,2011 super output areas - lower layer,298,Age 90 and over,0.0
5645,2011,E01000896,2011 super output areas - lower layer,298,Mean Age,
5646,2011,E01000896,2011 super output areas - lower layer,298,Median Age,0.5
5647,2011,E01000896,2011 super output areas - lower layer,298,All usual residents,0.0
5648,2011,E01000896,2011 super output areas - lower layer,298,Age 0 to 4,0.0
5649,2011,E01000896,2011 super output areas - lower layer,298,Age 5 to 7,0.0
5650,2011,E01000896,2011 super output areas - lower layer,298,Age 8 to 9,0.0
5651,2011,E01000896,2011 super output areas - lower layer,298,Age 10 to 14,0.0
5652,2011,E01000896,2011 super output areas - lower layer,298,Age 15,0.0
5653,2011,E01000896,2011 super output areas - lower layer,298,Age 16 to 17,0.0
5654,2011,E01000896,2011 super output areas - lower layer,298,Age 18 to 19,0.0
5655,2011,E01000896,2011 super output areas - lower layer,298,Age 20 to 24,0.0
5656,2011,E01000896,2011 super output areas - lower layer,298,Age 25 to 29,0.0
5657,2011,E01000896,2011 super output areas - lower layer,298,Age 30 to 44,0.0
5658,2011,E01000896,2011 super output areas - lower layer,298,Age 45 to 59,0.0
5659,2011,E01000896,2011 super output areas - lower layer,298,Age 60 to 64,0.0
5660,2011,E01000896,2011 super output areas - lower layer,298,Age 65 to 74,0.0
5661,2011,E01000896,2011 super output areas - lower layer,298,Age 75 to 84,0.0
5662,2011,E01000896,2011 super output areas - lower layer,298,Age 85 to 89,0.0
5663,2011,E01000896,2011 super output areas - lower layer,298,Age 90 and over,0.0
5664,2011,E01000896,2011 super output areas - lower layer,298,Mean Age,
5665,2011,E01000896,2011 super output areas - lower layer,298,Median Age,0.5
5666,2011,E01000896,2011 super output areas - lower layer,298,All usual residents,0.0
5667,2011,E01000896,2011 super output areas - lower layer,298,Age 0 to 4,0.0
5668,2011,E01000896,2011 super output areas - lower layer,298,Age 5 to 7,0.0
5669,2011,E01000896,2011 super output areas - lower layer,298,Age 8 to 9,0.0
5670,2011,E01000896,2011 super output areas - lower layer,298,Age 10 to 14,0.0
5671,2011,E01000896,2011 super output areas - lower layer,298,Age 15,0.0
5672,2011,E01000896,2011 super output areas - lower layer,298,Age 16 to 17,0.0
5673,2011,E01000896,2011 super output areas - lower layer,298,Age 18 to 19,0.0
5674,2011,E01000896,2011 super output areas - lower layer,298,Age 20 to 24,0.0
5675,2011,E01000896,2011 super output areas - lower layer,298,Age 25 to 29,0.0
5676,2011,E01000896,2011 super output areas - lower layer,298,Age 30 to 44,0.0
5677,2011,E01000896,2011 super output areas - lower layer,298,Age 45 to 59,0.0
5678,2011,E01000896,2011 super output areas - lower layer,298,Age 60 to 64,0.0
5679,2011,E01000896,2011 super output areas - lower layer,298,Age 65 to 74,0.0
5680,2011,E01000896,2011 super output areas - lower layer,298,Age 75 to 84,0.0
5681,2011,E01000896,2011 super output areas - lower layer,298,Age 85 to 89,0.0
5682,2011,E01000896,2011 super output areas - lower layer,298,Age 90 and over,0.0
5683,2011,E01000896,2011 super output areas - lower layer,298,Mean Age,
5684,2011,E01000896,2011 super output areas - lower layer,298,Median Age,0.5
5685,2011,E01000899,2011 super output areas - lower layer,298,All usual residents,1667.0
5686,2011,E01000899,2011 super output areas - lower layer,298,Age 0 to 4,112.0
5687,2011,E01000899,2011 super output areas - lower layer,298,Age 5 to 7,68.0
5688,2011,E01000899,2011 super output areas - lower layer,298,Age 8 to 9,42.0
5689,2011,E01000899,2011 super output areas - lower layer,298,Age 10 to 14,90.0
5690,2011,E01000899,2011 super output areas - lower layer,298,Age 15,15.0
5691,2011,E01000899,2011 super output areas - lower layer,298,Age 16 to 17,27.0
5692,2011,E01000899,2011 super output areas - lower layer,298,Age 18 to 19,19.0
5693,2011,E01000899,2011 super output areas - lower layer,298,Age 20 to 24,41.0
5694,2011,E01000899,2011 super output areas - lower layer,298,Age 25 to 29,89.0
5695,2011,E01000899,2011 super output areas - lower layer,298,Age 30 to 44,408.0
5696,2011,E01000899,2011 super output areas - lower layer,298,Age 45 to 59,335.0
5697,2011,E01000899,2011 super output areas - lower layer,298,Age 60 to 64,128.0
5698,2011,E01000899,2011 super output areas - lower layer,298,Age 65 to 74,154.0
5699,2011,E01000899,2011 super output areas - lower layer,298,Age 75 to 84,110.0
5700,2011,E01000899,2011 super output areas - lower layer,298,Age 85 to 89,19.0
5701,2011,E01000899,2011 super output areas - lower layer,298,Age 90 and over,10.0
5702,2011,E01000899,2011 super output areas - lower layer,298,Mean Age,41.2
5703,2011,E01000899,2011 super output areas - lower layer,298,Median Age,42.0
5704,2011,E01000899,2011 super output areas - lower layer,298,All usual residents,0.0
5705,2011,E01000899,2011 super output areas - lower layer,298,Age 0 to 4,0.0
5706,2011,E01000899,2011 super output areas - lower layer,298,Age 5 to 7,0.0
5707,2011,E01000899,2011 super output areas - lower layer,298,Age 8 to 9,0.0
5708,2011,E01000899,2011 super output areas - lower layer,298,Age 10 to 14,0.0
5709,2011,E01000899,2011 super output areas - lower layer,298,Age 15,0.0
5710,2011,E01000899,2011 super output areas - lower layer,298,Age 16 to 17,0.0
5711,2011,E01000899,2011 super output areas - lower layer,298,Age 18 to 19,0.0
5712,2011,E01000899,2011 super output areas - lower layer,298,Age 20 to 24,0.0
5713,2011,E01000899,2011 super output areas - lower layer,298,Age 25 to 29,0.0
5714,2011,E01000899,2011 super output areas - lower layer,298,Age 30 to 44,0.0
5715,2011,E01000899,2011 super output areas - lower layer,298,Age 45 to 59,0.0
5716,2011,E01000899,2011 super output areas - lower layer,298,Age 60 to 64,0.0
5717,2011,E01000899,2011 super output areas - lower layer,298,Age 65 to 74,0.0
5718,2011,E01000899,2011 super output areas - lower layer,298,Age 75 to 84,0.0
5719,2011,E01000899,2011 super output areas - lower layer,298,Age 85 to 89,0.0
5720,2011,E01000899,2011 super output areas - lower layer,298,Age 90 and over,0.0
5721,2011,E01000899,2011 super output areas - lower layer,298,Mean Age,
5722,2011,E01000899,2011 super output areas - lower layer,298,Median Age,0.5
5723,2011,E01000899,2011 super output areas - lower layer,298,All usual residents,0.0
5724,2011,E01000899,2011 super output areas - lower layer,298,Age 0 to 4,0.0
5725,2011,E01000899,2011 super output areas - lower layer,298,Age 5 to 7,0.0
5726,2011,E01000899,2011 super output areas - lower layer,298,Age 8 to 9,0.0
5727,2011,E01000899,2011 super output areas - lower layer,298,Age 10 to 14,0.0
5728,2011,E01000899,2011 super output areas - lower layer,298,Age 15,0.0
5729,2011,E01000899,2011 super output areas - lower layer,298,Age 16 to 17,0.0
5730,2011,E01000899,2011 super output areas - lower layer,298,Age 18 to 19,0.0
5731,2011,E01000899,2011 super output areas - lower layer,298,Age 20 to 24,0.0
5732,2011,E01000899,2011 super output areas - lower layer,298,Age 25 to 29,0.0
5733,2011,E01000899,2011 super output areas - lower layer,298,Age 30 to 44,0.0
5734,2011,E01000899,2011 super output areas - lower layer,298,Age 45 to 59,0.0
5735,2011,E01000899,2011 super output areas - lower layer,298,Age 60 to 64,0.0
5736,2011,E01000899,2011 super output areas - lower layer,298,Age 65 to 74,0.0
5737,2011,E01000899,2011 super output areas - lower layer,298,Age 75 to 84,0.0
5738,2011,E01000899,2011 super output areas - lower layer,298,Age 85 to 89,0.0
5739,2011,E01000899,2011 super output areas - lower layer,298,Age 90 and over,0.0
5740,2011,E01000899,2011 super output areas - lower layer,298,Mean Age,
5741,2011,E01000899,2011 super output areas - lower layer,298,Median Age,0.5
5742,2011,E01000899,2011 super output areas - lower layer,298,All usual residents,0.0
5743,2011,E01000899,2011 super output areas - lower layer,298,Age 0 to 4,0.0
5744,2011,E01000899,2011 super output areas - lower layer,298,Age 5 to 7,0.0
5745,2011,E01000899,2011 super output areas - lower layer,298,Age 8 to 9,0.0
5746,2011,E01000899,2011 super output areas - lower layer,298,Age 10 to 14,0.0
5747,2011,E01000899,2011 super output areas - lower layer,298,Age 15,0.0
5748,2011,E01000899,2011 super output areas - lower layer,298,Age 16 to 17,0.0
5749,2011,E01000899,2011 super output areas - lower layer,298,Age 18 to 19,0.0
5750,2011,E01000899,2011 super output areas - lower layer,298,Age 20 to 24,0.0
5751,2011,E01000899,2011 super output areas - lower layer,298,Age 25 to 29,0.0
5752,2011,E01000899,2011 super output areas - lower layer,298,Age 30 to 44,0.0
5753,2011,E01000899,2011 super output areas - lower layer,298,Age 45 to 59,0.0
5754,2011,E01000899,2011 super output areas - lower layer,298,Age 60 to 64,0.0
5755,2011,E01000899,2011 super output areas - lower layer,298,Age 65 to 74,0.0
5756,2011,E01000899,2011 super output areas - lower layer,298,Age 75 to 84,0.0
5757,2011,E01000899,2011 super output areas - lower layer,298,Age 85 to 89,0.0
5758,2011,E01000899,2011 super output areas - lower layer,298,Age 90 and over,0.0
5759,2011,E01000899,2011 super output areas - lower layer,298,Mean Age,
5760,2011,E01000899,2011 super output areas - lower layer,298,Median Age,0.5
5761,2011,E01000899,2011 super output areas - lower layer,298,All usual residents,0.0
5762,2011,E01000899,2011 super output areas - lower layer,298,Age 0 to 4,0.0
5763,2011,E01000899,2011 super output areas - lower layer,298,Age 5 to 7,0.0
5764,2011,E01000899,2011 super output areas - lower layer,298,Age 8 to 9,0.0
5765,2011,E01000899,2011 super output areas - lower layer,298,Age 10 to 14,0.0
5766,2011,E01000899,2011 super output areas - lower layer,298,Age 15,0.0
5767,2011,E01000899,2011 super output areas - lower layer,298,Age 16 to 17,0.0
5768,2011,E01000899,2011 super output areas - lower layer,298,Age 18 to 19,0.0
5769,2011,E01000899,2011 super output areas - lower layer,298,Age 20 to 24,0.0
5770,2011,E01000899,2011 super output areas - lower layer,298,Age 25 to 29,0.0
5771,2011,E01000899,2011 super output areas - lower layer,298,Age 30 to 44,0.0
5772,2011,E01000899,2011 super output areas - lower layer,298,Age 45 to 59,0.0
5773,2011,E01000899,2011 super output areas - lower layer,298,Age 60 to 64,0.0
5774,2011,E01000899,2011 super output areas - lower layer,298,Age 65 to 74,0.0
5775,2011,E01000899,2011 super output areas - lower layer,298,Age 75 to 84,0.0
5776,2011,E01000899,2011 super output areas - lower layer,298,Age 85 to 89,0.0
5777,2011,E01000899,2011 super output areas - lower layer,298,Age 90 and over,0.0
5778,2011,E01000899,2011 super output areas - lower layer,298,Mean Age,
5779,2011,E01000899,2011 super output areas - lower layer,298,Median Age,0.5
5780,2011,E01000899,2011 super output areas - lower layer,298,All usual residents,0.0
5781,2011,E01000899,2011 super output areas - lower layer,298,Age 0 to 4,0.0
5782,2011,E01000899,2011 super output areas - lower layer,298,Age 5 to 7,0.0
5783,2011,E01000899,2011 super output areas - lower layer,298,Age 8 to 9,0.0
5784,2011,E01000899,2011 super output areas - lower layer,298,Age 10 to 14,0.0
5785,2011,E01000899,2011 super output areas - lower layer,298,Age 15,0.0
5786,2011,E01000899,2011 super output areas - lower layer,298,Age 16 to 17,0.0
5787,2011,E01000899,2011 super output areas - lower layer,298,Age 18 to 19,0.0
5788,2011,E01000899,2011 super output areas - lower layer,298,Age 20 to 24,0.0
5789,2011,E01000899,2011 super output areas - lower layer,298,Age 25 to 29,0.0
5790,2011,E01000899,2011 super output areas - lower layer,298,Age 30 to 44,0.0
5791,2011,E01000899,2011 super output areas - lower layer,298,Age 45 to 59,0.0
5792,2011,E01000899,2011 super output areas - lower layer,298,Age 60 to 64,0.0
5793,2011,E01000899,2011 super output areas - lower layer,298,Age 65 to 74,0.0
5794,2011,E01000899,2011 super output areas - lower layer,298,Age 75 to 84,0.0
5795,2011,E01000899,2011 super output areas - lower layer,298,Age 85 to 89,0.0
5796,2011,E01000899,2011 super output areas - lower layer,298,Age 90 and over,0.0
5797,2011,E01000899,2011 super output areas - lower layer,298,Mean Age,
5798,2011,E01000899,2011 super output areas - lower layer,298,Median Age,0.5
5799,2011,E01000899,2011 super output areas - lower layer,298,All usual residents,0.0
5800,2011,E01000899,2011 super output areas - lower layer,298,Age 0 to 4,0.0
5801,2011,E01000899,2011 super output areas - lower layer,298,Age 5 to 7,0.0
5802,2011,E01000899,2011 super output areas - lower layer,298,Age 8 to 9,0.0
5803,2011,E01000899,2011 super output areas - lower layer,298,Age 10 to 14,0.0
5804,2011,E01000899,2011 super output areas - lower layer,298,Age 15,0.0
5805,2011,E01000899,2011 super output areas - lower layer,298,Age 16 to 17,0.0
5806,2011,E01000899,2011 super output areas - lower layer,298,Age 18 to 19,0.0
5807,2011,E01000899,2011 super output areas - lower layer,298,Age 20 to 24,0.0
5808,2011,E01000899,2011 super output areas - lower layer,298,Age 25 to 29,0.0
5809,2011,E01000899,2011 super output areas - lower layer,298,Age 30 to 44,0.0
5810,2011,E01000899,2011 super output areas - lower layer,298,Age 45 to 59,0.0
5811,2011,E01000899,2011 super output areas - lower layer,298,Age 60 to 64,0.0
5812,2011,E01000899,2011 super output areas - lower layer,298,Age 65 to 74,0.0
5813,2011,E01000899,2011 super output areas - lower layer,298,Age 75 to 84,0.0
5814,2011,E01000899,2011 super output areas - lower layer,298,Age 85 to 89,0.0
5815,2011,E01000899,2011 super output areas - lower layer,298,Age 90 and over,0.0
5816,2011,E01000899,2011 super output areas - lower layer,298,Mean Age,
5817,2011,E01000899,2011 super output areas - lower layer,298,Median Age,0.5
5818,2011,E01000899,2011 super output areas - lower layer,298,All usual residents,0.0
5819,2011,E01000899,2011 super output areas - lower layer,298,Age 0 to 4,0.0
5820,2011,E01000899,2011 super output areas - lower layer,298,Age 5 to 7,0.0
5821,2011,E01000899,2011 super output areas - lower layer,298,Age 8 to 9,0.0
5822,2011,E01000899,2011 super output areas - lower layer,298,Age 10 to 14,0.0
5823,2011,E01000899,2011 super output areas - lower layer,298,Age 15,0.0
5824,2011,E01000899,2011 super output areas - lower layer,298,Age 16 to 17,0.0
5825,2011,E01000899,2011 super output areas - lower layer,298,Age 18 to 19,0.0
5826,2011,E01000899,2011 super output areas - lower layer,298,Age 20 to 24,0.0
5827,2011,E01000899,2011 super output areas - lower layer,298,Age 25 to 29,0.0
5828,2011,E01000899,2011 super output areas - lower layer,298,Age 30 to 44,0.0
5829,2011,E01000899,2011 super output areas - lower layer,298,Age 45 to 59,0.0
5830,2011,E01000899,2011 super output areas - lower layer,298,Age 60 to 64,0.0
5831,2011,E01000899,2011 super output areas - lower layer,298,Age 65 to 74,0.0
5832,2011,E01000899,2011 super output areas - lower layer,298,Age 75 to 84,0.0
5833,2011,E01000899,2011 super output areas - lower layer,298,Age 85 to 89,0.0
5834,2011,E01000899,2011 super output areas - lower layer,298,Age 90 and over,0.0
5835,2011,E01000899,2011 super output areas - lower layer,298,Mean Age,
5836,2011,E01000899,2011 super output areas - lower layer,298,Median Age,0.5
5837,2011,E01000899,2011 super output areas - lower layer,298,All usual residents,0.0
5838,2011,E01000899,2011 super output areas - lower layer,298,Age 0 to 4,0.0
5839,2011,E01000899,2011 super output areas - lower layer,298,Age 5 to 7,0.0
5840,2011,E01000899,2011 super output areas - lower layer,298,Age 8 to 9,0.0
5841,2011,E01000899,2011 super output areas - lower layer,298,Age 10 to 14,0.0
5842,2011,E01000899,2011 super output areas - lower layer,298,Age 15,0.0
5843,2011,E01000899,2011 super output areas - lower layer,298,Age 16 to 17,0.0
5844,2011,E01000899,2011 super output areas - lower layer,298,Age 18 to 19,0.0
5845,2011,E01000899,2011 super output areas - lower layer,298,Age 20 to 24,0.0
5846,2011,E01000899,2011 super output areas - lower layer,298,Age 25 to 29,0.0
5847,2011,E01000899,2011 super output areas - lower layer,298,Age 30 to 44,0.0
5848,2011,E01000899,2011 super output areas - lower layer,298,Age 45 to 59,0.0
5849,2011,E01000899,2011 super output areas - lower layer,298,Age 60 to 64,0.0
5850,2011,E01000899,2011 super output areas - lower layer,298,Age 65 to 74,0.0
5851,2011,E01000899,2011 super output areas - lower layer,298,Age 75 to 84,0.0
5852,2011,E01000899,2011 super output areas - lower layer,298,Age 85 to 89,0.0
5853,2011,E01000899,2011 super output areas - lower layer,298,Age 90 and over,0.0
5854,2011,E01000899,2011 super output areas - lower layer,298,Mean Age,
5855,2011,E01000899,2011 super output areas - lower layer,298,Median Age,0.5
5856,2011,E01000899,2011 super output areas - lower layer,298,All usual residents,0.0
5857,2011,E01000899,2011 super output areas - lower layer,298,Age 0 to 4,0.0
5858,2011,E01000899,2011 super output areas - lower layer,298,Age 5 to 7,0.0
5859,2011,E01000899,2011 super output areas - lower layer,298,Age 8 to 9,0.0
5860,2011,E01000899,2011 super output areas - lower layer,298,Age 10 to 14,0.0
5861,2011,E01000899,2011 super output areas - lower layer,298,Age 15,0.0
5862,2011,E01000899,2011 super output areas - lower layer,298,Age 16 to 17,0.0
5863,2011,E01000899,2011 super output areas - lower layer,298,Age 18 to 19,0.0
5864,2011,E01000899,2011 super output areas - lower layer,298,Age 20 to 24,0.0
5865,2011,E01000899,2011 super output areas - lower layer,298,Age 25 to 29,0.0
5866,2011,E01000899,2011 super output areas - lower layer,298,Age 30 to 44,0.0
5867,2011,E01000899,2011 super output areas - lower layer,298,Age 45 to 59,0.0
5868,2011,E01000899,2011 super output areas - lower layer,298,Age 60 to 64,0.0
5869,2011,E01000899,2011 super output areas - lower layer,298,Age 65 to 74,0.0
5870,2011,E01000899,2011 super output areas - lower layer,298,Age 75 to 84,0.0
5871,2011,E01000899,2011 super output areas - lower layer,298,Age 85 to 89,0.0
5872,2011,E01000899,2011 super output areas - lower layer,298,Age 90 and over,0.0
5873,2011,E01000899,2011 super output areas - lower layer,298,Mean Age,
5874,2011,E01000899,2011 super output areas - lower layer,298,Median Age,0.5
5875,2011,E01000899,2011 super output areas - lower layer,298,All usual residents,0.0
5876,2011,E01000899,2011 super output areas - lower layer,298,Age 0 to 4,0.0
5877,2011,E01000899,2011 super output areas - lower layer,298,Age 5 to 7,0.0
5878,2011,E01000899,2011 super output areas - lower layer,298,Age 8 to 9,0.0
5879,2011,E01000899,2011 super output areas - lower layer,298,Age 10 to 14,0.0
5880,2011,E01000899,2011 super output areas - lower layer,298,Age 15,0.0
5881,2011,E01000899,2011 super output areas - lower layer,298,Age 16 to 17,0.0
5882,2011,E01000899,2011 super output areas - lower layer,298,Age 18 to 19,0.0
5883,2011,E01000899,2011 super output areas - lower layer,298,Age 20 to 24,0.0
5884,2011,E01000899,2011 super output areas - lower layer,298,Age 25 to 29,0.0
5885,2011,E01000899,2011 super output areas - lower layer,298,Age 30 to 44,0.0
5886,2011,E01000899,2011 super output areas - lower layer,298,Age 45 to 59,0.0
5887,2011,E01000899,2011 super output areas - lower layer,298,Age 60 to 64,0.0
5888,2011,E01000899,2011 super output areas - lower layer,298,Age 65 to 74,0.0
5889,2011,E01000899,2011 super output areas - lower layer,298,Age 75 to 84,0.0
5890,2011,E01000899,2011 super output areas - lower layer,298,Age 85 to 89,0.0
5891,2011,E01000899,2011 super output areas - lower layer,298,Age 90 and over,0.0
5892,2011,E01000899,2011 super output areas - lower layer,298,Mean Age,
5893,2011,E01000899,2011 super output areas - lower layer,298,Median Age,0.5
5894,2011,E01000899,2011 super output areas - lower layer,298,All usual residents,0.0
5895,2011,E01000899,2011 super output areas - lower layer,298,Age 0 to 4,0.0
5896,2011,E01000899,2011 super output areas - lower layer,298,Age 5 to 7,0.0
5897,2011,E01000899,2011 super output areas - lower layer,298,Age 8 to 9,0.0
5898,2011,E01000899,2011 super output areas - lower layer,298,Age 10 to 14,0.0
5899,2011,E01000899,2011 super output areas - lower layer,298,Age 15,0.0
5900,2011,E01000899,2011 super output areas - lower layer,298,Age 16 to 17,0.0
5901,2011,E01000899,2011 super output areas - lower layer,298,Age 18 to 19,0.0
5902,2011,E01000899,2011 super output areas - lower layer,298,Age 20 to 24,0.0
5903,2011,E01000899,2011 super output areas - lower layer,298,Age 25 to 29,0.0
5904,2011,E01000899,2011 super output areas - lower layer,298,Age 30 to 44,0.0
5905,2011,E01000899,2011 super output areas - lower layer,298,Age 45 to 59,0.0
5906,2011,E01000899,2011 super output areas - lower layer,298,Age 60 to 64,0.0
5907,2011,E01000899,2011 super output areas - lower layer,298,Age 65 to 74,0.0
5908,2011,E01000899,2011 super output areas - lower layer,298,Age 75 to 84,0.0
5909,2011,E01000899,2011 super output areas - lower layer,298,Age 85 to 89,0.0
5910,2011,E01000899,2011 super output areas - lower layer,298,Age 90 and over,0.0
5911,2011,E01000899,2011 super output areas - lower layer,298,Mean Age,
5912,2011,E01000899,2011 super output areas - lower layer,298,Median Age,0.5
5913,2011,E01000899,2011 super output areas - lower layer,298,All usual residents,0.0
5914,2011,E01000899,2011 super output areas - lower layer,298,Age 0 to 4,0.0
5915,2011,E01000899,2011 super output areas - lower layer,298,Age 5 to 7,0.0
5916,2011,E01000899,2011 super output areas - lower layer,298,Age 8 to 9,0.0
5917,2011,E01000899,2011 super output areas - lower layer,298,Age 10 to 14,0.0
5918,2011,E01000899,2011 super output areas - lower layer,298,Age 15,0.0
5919,2011,E01000899,2011 super output areas - lower layer,298,Age 16 to 17,0.0
5920,2011,E01000899,2011 super output areas - lower layer,298,Age 18 to 19,0.0
5921,2011,E01000899,2011 super output areas - lower layer,298,Age 20 to 24,0.0
5922,2011,E01000899,2011 super output areas - lower layer,298,Age 25 to 29,0.0
5923,2011,E01000899,2011 super output areas - lower layer,298,Age 30 to 44,0.0
5924,2011,E01000899,2011 super output areas - lower layer,298,Age 45 to 59,0.0
5925,2011,E01000899,2011 super output areas - lower layer,298,Age 60 to 64,0.0
5926,2011,E01000899,2011 super output areas - lower layer,298,Age 65 to 74,0.0
5927,2011,E01000899,2011 super output areas - lower layer,298,Age 75 to 84,0.0
5928,2011,E01000899,2011 super output areas - lower layer,298,Age 85 to 89,0.0
5929,2011,E01000899,2011 super output areas - lower layer,298,Age 90 and over,0.0
5930,2011,E01000899,2011 super output areas - lower layer,298,Mean Age,
5931,2011,E01000899,2011 super output areas - lower layer,298,Median Age,0.5
5932,2011,E01000910,2011 super output areas - lower layer,298,All usual residents,1472.0
5933,2011,E01000910,2011 super output areas - lower layer,298,Age 0 to 4,79.0
5934,2011,E01000910,2011 super output areas - lower layer,298,Age 5 to 7,53.0
5935,2011,E01000910,2011 super output areas - lower layer,298,Age 8 to 9,33.0
5936,2011,E01000910,2011 super output areas - lower layer,298,Age 10 to 14,70.0
5937,2011,E01000910,2011 super output areas - lower layer,298,Age 15,16.0
5938,2011,E01000910,2011 super output areas - lower layer,298,Age 16 to 17,39.0
5939,2011,E01000910,2011 super output areas - lower layer,298,Age 18 to 19,35.0
5940,2011,E01000910,2011 super output areas - lower layer,298,Age 20 to 24,56.0
5941,2011,E01000910,2011 super output areas - lower layer,298,Age 25 to 29,133.0
5942,2011,E01000910,2011 super output areas - lower layer,298,Age 30 to 44,345.0
5943,2011,E01000910,2011 super output areas - lower layer,298,Age 45 to 59,281.0
5944,2011,E01000910,2011 super output areas - lower layer,298,Age 60 to 64,102.0
5945,2011,E01000910,2011 super output areas - lower layer,298,Age 65 to 74,142.0
5946,2011,E01000910,2011 super output areas - lower layer,298,Age 75 to 84,67.0
5947,2011,E01000910,2011 super output areas - lower layer,298,Age 85 to 89,14.0
5948,2011,E01000910,2011 super output areas - lower layer,298,Age 90 and over,7.0
5949,2011,E01000910,2011 super output areas - lower layer,298,Mean Age,39.7
5950,2011,E01000910,2011 super output areas - lower layer,298,Median Age,39.0
5951,2011,E01000910,2011 super output areas - lower layer,298,All usual residents,0.0
5952,2011,E01000910,2011 super output areas - lower layer,298,Age 0 to 4,0.0
5953,2011,E01000910,2011 super output areas - lower layer,298,Age 5 to 7,0.0
5954,2011,E01000910,2011 super output areas - lower layer,298,Age 8 to 9,0.0
5955,2011,E01000910,2011 super output areas - lower layer,298,Age 10 to 14,0.0
5956,2011,E01000910,2011 super output areas - lower layer,298,Age 15,0.0
5957,2011,E01000910,2011 super output areas - lower layer,298,Age 16 to 17,0.0
5958,2011,E01000910,2011 super output areas - lower layer,298,Age 18 to 19,0.0
5959,2011,E01000910,2011 super output areas - lower layer,298,Age 20 to 24,0.0
5960,2011,E01000910,2011 super output areas - lower layer,298,Age 25 to 29,0.0
5961,2011,E01000910,2011 super output areas - lower layer,298,Age 30 to 44,0.0
5962,2011,E01000910,2011 super output areas - lower layer,298,Age 45 to 59,0.0
5963,2011,E01000910,2011 super output areas - lower layer,298,Age 60 to 64,0.0
5964,2011,E01000910,2011 super output areas - lower layer,298,Age 65 to 74,0.0
5965,2011,E01000910,2011 super output areas - lower layer,298,Age 75 to 84,0.0
5966,2011,E01000910,2011 super output areas - lower layer,298,Age 85 to 89,0.0
5967,2011,E01000910,2011 super output areas - lower layer,298,Age 90 and over,0.0
5968,2011,E01000910,2011 super output areas - lower layer,298,Mean Age,
5969,2011,E01000910,2011 super output areas - lower layer,298,Median Age,0.5
5970,2011,E01000910,2011 super output areas - lower layer,298,All usual residents,0.0
5971,2011,E01000910,2011 super output areas - lower layer,298,Age 0 to 4,0.0
5972,2011,E01000910,2011 super output areas - lower layer,298,Age 5 to 7,0.0
5973,2011,E01000910,2011 super output areas - lower layer,298,Age 8 to 9,0.0
5974,2011,E01000910,2011 super output areas - lower layer,298,Age 10 to 14,0.0
5975,2011,E01000910,2011 super output areas - lower layer,298,Age 15,0.0
5976,2011,E01000910,2011 super output areas - lower layer,298,Age 16 to 17,0.0
5977,2011,E01000910,2011 super output areas - lower layer,298,Age 18 to 19,0.0
5978,2011,E01000910,2011 super output areas - lower layer,298,Age 20 to 24,0.0
5979,2011,E01000910,2011 super output areas - lower layer,298,Age 25 to 29,0.0
5980,2011,E01000910,2011 super output areas - lower layer,298,Age 30 to 44,0.0
5981,2011,E01000910,2011 super output areas - lower layer,298,Age 45 to 59,0.0
5982,2011,E01000910,2011 super output areas - lower layer,298,Age 60 to 64,0.0
5983,2011,E01000910,2011 super output areas - lower layer,298,Age 65 to 74,0.0
5984,2011,E01000910,2011 super output areas - lower layer,298,Age 75 to 84,0.0
5985,2011,E01000910,2011 super output areas - lower layer,298,Age 85 to 89,0.0
5986,2011,E01000910,2011 super output areas - lower layer,298,Age 90 and over,0.0
5987,2011,E01000910,2011 super output areas - lower layer,298,Mean Age,
5988,2011,E01000910,2011 super output areas - lower layer,298,Median Age,0.5
5989,2011,E01000910,2011 super output areas - lower layer,298,All usual residents,0.0
5990,2011,E01000910,2011 super output areas - lower layer,298,Age 0 to 4,0.0
5991,2011,E01000910,2011 super output areas - lower layer,298,Age 5 to 7,0.0
5992,2011,E01000910,2011 super output areas - lower layer,298,Age 8 to 9,0.0
5993,2011,E01000910,2011 super output areas - lower layer,298,Age 10 to 14,0.0
5994,2011,E01000910,2011 super output areas - lower layer,298,Age 15,0.0
5995,2011,E01000910,2011 super output areas - lower layer,298,Age 16 to 17,0.0
5996,2011,E01000910,2011 super output areas - lower layer,298,Age 18 to 19,0.0
5997,2011,E01000910,2011 super output areas - lower layer,298,Age 20 to 24,0.0
5998,2011,E01000910,2011 super output areas - lower layer,298,Age 25 to 29,0.0
5999,2011,E01000910,2011 super output areas - lower layer,298,Age 30 to 44,0.0
6000,2011,E01000910,2011 super output areas - lower layer,298,Age 45 to 59,0.0
6001,2011,E01000910,2011 super output areas - lower layer,298,Age 60 to 64,0.0
6002,2011,E01000910,2011 super output areas - lower layer,298,Age 65 to 74,0.0
6003,2011,E01000910,2011 super output areas - lower layer,298,Age 75 to 84,0.0
6004,2011,E01000910,2011 super output areas - lower layer,298,Age 85 to 89,0.0
6005,2011,E01000910,2011 super output areas - lower layer,298,Age 90 and over,0.0
6006,2011,E01000910,2011 super output areas - lower layer,298,Mean Age,
6007,2011,E01000910,2011 super output areas - lower layer,298,Median Age,0.5
6008,2011,E01000910,2011 super output areas - lower layer,298,All usual residents,0.0
6009,2011,E01000910,2011 super output areas - lower layer,298,Age 0 to 4,0.0
6010,2011,E01000910,2011 super output areas - lower layer,298,Age 5 to 7,0.0
6011,2011,E01000910,2011 super output areas - lower layer,298,Age 8 to 9,0.0
6012,2011,E01000910,2011 super output areas - lower layer,298,Age 10 to 14,0.0
6013,2011,E01000910,2011 super output areas - lower layer,298,Age 15,0.0
6014,2011,E01000910,2011 super output areas - lower layer,298,Age 16 to 17,0.0
6015,2011,E01000910,2011 super output areas - lower layer,298,Age 18 to 19,0.0
6016,2011,E01000910,2011 super output areas - lower layer,298,Age 20 to 24,0.0
6017,2011,E01000910,2011 super output areas - lower layer,298,Age 25 to 29,0.0
6018,2011,E01000910,2011 super output areas - lower layer,298,Age 30 to 44,0.0
6019,2011,E01000910,2011 super output areas - lower layer,298,Age 45 to 59,0.0
6020,2011,E01000910,2011 super output areas - lower layer,298,Age 60 to 64,0.0
6021,2011,E01000910,2011 super output areas - lower layer,298,Age 65 to 74,0.0
6022,2011,E01000910,2011 super output areas - lower layer,298,Age 75 to 84,0.0
6023,2011,E01000910,2011 super output areas - lower layer,298,Age 85 to 89,0.0
6024,2011,E01000910,2011 super output areas - lower layer,298,Age 90 and over,0.0
6025,2011,E01000910,2011 super output areas - lower layer,298,Mean Age,
6026,2011,E01000910,2011 super output areas - lower layer,298,Median Age,0.5
6027,2011,E01000910,2011 super output areas - lower layer,298,All usual residents,0.0
6028,2011,E01000910,2011 super output areas - lower layer,298,Age 0 to 4,0.0
6029,2011,E01000910,2011 super output areas - lower layer,298,Age 5 to 7,0.0
6030,2011,E01000910,2011 super output areas - lower layer,298,Age 8 to 9,0.0
6031,2011,E01000910,2011 super output areas - lower layer,298,Age 10 to 14,0.0
6032,2011,E01000910,2011 super output areas - lower layer,298,Age 15,0.0
6033,2011,E01000910,2011 super output areas - lower layer,298,Age 16 to 17,0.0
6034,2011,E01000910,2011 super output areas - lower layer,298,Age 18 to 19,0.0
6035,2011,E01000910,2011 super output areas - lower layer,298,Age 20 to 24,0.0
6036,2011,E01000910,2011 super output areas - lower layer,298,Age 25 to 29,0.0
6037,2011,E01000910,2011 super output areas - lower layer,298,Age 30 to 44,0.0
6038,2011,E01000910,2011 super output areas - lower layer,298,Age 45 to 59,0.0
6039,2011,E01000910,2011 super output areas - lower layer,298,Age 60 to 64,0.0
6040,2011,E01000910,2011 super output areas - lower layer,298,Age 65 to 74,0.0
6041,2011,E01000910,2011 super output areas - lower layer,298,Age 75 to 84,0.0
6042,2011,E01000910,2011 super output areas - lower layer,298,Age 85 to 89,0.0
6043,2011,E01000910,2011 super output areas - lower layer,298,Age 90 and over,0.0
6044,2011,E01000910,2011 super output areas - lower layer,298,Mean Age,
6045,2011,E01000910,2011 super output areas - lower layer,298,Median Age,0.5
6046,2011,E01000910,2011 super output areas - lower layer,298,All usual residents,0.0
6047,2011,E01000910,2011 super output areas - lower layer,298,Age 0 to 4,0.0
6048,2011,E01000910,2011 super output areas - lower layer,298,Age 5 to 7,0.0
6049,2011,E01000910,2011 super output areas - lower layer,298,Age 8 to 9,0.0
6050,2011,E01000910,2011 super output areas - lower layer,298,Age 10 to 14,0.0
6051,2011,E01000910,2011 super output areas - lower layer,298,Age 15,0.0
6052,2011,E01000910,2011 super output areas - lower layer,298,Age 16 to 17,0.0
6053,2011,E01000910,2011 super output areas - lower layer,298,Age 18 to 19,0.0
6054,2011,E01000910,2011 super output areas - lower layer,298,Age 20 to 24,0.0
6055,2011,E01000910,2011 super output areas - lower layer,298,Age 25 to 29,0.0
6056,2011,E01000910,2011 super output areas - lower layer,298,Age 30 to 44,0.0
6057,2011,E01000910,2011 super output areas - lower layer,298,Age 45 to 59,0.0
6058,2011,E01000910,2011 super output areas - lower layer,298,Age 60 to 64,0.0
6059,2011,E01000910,2011 super output areas - lower layer,298,Age 65 to 74,0.0
6060,2011,E01000910,2011 super output areas - lower layer,298,Age 75 to 84,0.0
6061,2011,E01000910,2011 super output areas - lower layer,298,Age 85 to 89,0.0
6062,2011,E01000910,2011 super output areas - lower layer,298,Age 90 and over,0.0
6063,2011,E01000910,2011 super output areas - lower layer,298,Mean Age,
6064,2011,E01000910,2011 super output areas - lower layer,298,Median Age,0.5
6065,2011,E01000910,2011 super output areas - lower layer,298,All usual residents,0.0
6066,2011,E01000910,2011 super output areas - lower layer,298,Age 0 to 4,0.0
6067,2011,E01000910,2011 super output areas - lower layer,298,Age 5 to 7,0.0
6068,2011,E01000910,2011 super output areas - lower layer,298,Age 8 to 9,0.0
6069,2011,E01000910,2011 super output areas - lower layer,298,Age 10 to 14,0.0
6070,2011,E01000910,2011 super output areas - lower layer,298,Age 15,0.0
6071,2011,E01000910,2011 super output areas - lower layer,298,Age 16 to 17,0.0
6072,2011,E01000910,2011 super output areas - lower layer,298,Age 18 to 19,0.0
6073,2011,E01000910,2011 super output areas - lower layer,298,Age 20 to 24,0.0
6074,2011,E01000910,2011 super output areas - lower layer,298,Age 25 to 29,0.0
6075,2011,E01000910,2011 super output areas - lower layer,298,Age 30 to 44,0.0
6076,2011,E01000910,2011 super output areas - lower layer,298,Age 45 to 59,0.0
6077,2011,E01000910,2011 super output areas - lower layer,298,Age 60 to 64,0.0
6078,2011,E01000910,2011 super output areas - lower layer,298,Age 65 to 74,0.0
6079,2011,E01000910,2011 super output areas - lower layer,298,Age 75 to 84,0.0
6080,2011,E01000910,2011 super output areas - lower layer,298,Age 85 to 89,0.0
6081,2011,E01000910,2011 super output areas - lower layer,298,Age 90 and over,0.0
6082,2011,E01000910,2011 super output areas - lower layer,298,Mean Age,
6083,2011,E01000910,2011 super output areas - lower layer,298,Median Age,0.5
6084,2011,E01000910,2011 super output areas - lower layer,298,All usual residents,0.0
6085,2011,E01000910,2011 super output areas - lower layer,298,Age 0 to 4,0.0
6086,2011,E01000910,2011 super output areas - lower layer,298,Age 5 to 7,0.0
6087,2011,E01000910,2011 super output areas - lower layer,298,Age 8 to 9,0.0
6088,2011,E01000910,2011 super output areas - lower layer,298,Age 10 to 14,0.0
6089,2011,E01000910,2011 super output areas - lower layer,298,Age 15,0.0
6090,2011,E01000910,2011 super output areas - lower layer,298,Age 16 to 17,0.0
6091,2011,E01000910,2011 super output areas - lower layer,298,Age 18 to 19,0.0
6092,2011,E01000910,2011 super output areas - lower layer,298,Age 20 to 24,0.0
6093,2011,E01000910,2011 super output areas - lower layer,298,Age 25 to 29,0.0
6094,2011,E01000910,2011 super output areas - lower layer,298,Age 30 to 44,0.0
6095,2011,E01000910,2011 super output areas - lower layer,298,Age 45 to 59,0.0
6096,2011,E01000910,2011 super output areas - lower layer,298,Age 60 to 64,0.0
6097,2011,E01000910,2011 super output areas - lower layer,298,Age 65 to 74,0.0
6098,2011,E01000910,2011 super output areas - lower layer,298,Age 75 to 84,0.0
6099,2011,E01000910,2011 super output areas - lower layer,298,Age 85 to 89,0.0
6100,2011,E01000910,2011 super output areas - lower layer,298,Age 90 and over,0.0
6101,2011,E01000910,2011 super output areas - lower layer,298,Mean Age,
6102,2011,E01000910,2011 super output areas - lower layer,298,Median Age,0.5
6103,2011,E01000910,2011 super output areas - lower layer,298,All usual residents,0.0
6104,2011,E01000910,2011 super output areas - lower layer,298,Age 0 to 4,0.0
6105,2011,E01000910,2011 super output areas - lower layer,298,Age 5 to 7,0.0
6106,2011,E01000910,2011 super output areas - lower layer,298,Age 8 to 9,0.0
6107,2011,E01000910,2011 super output areas - lower layer,298,Age 10 to 14,0.0
6108,2011,E01000910,2011 super output areas - lower layer,298,Age 15,0.0
6109,2011,E01000910,2011 super output areas - lower layer,298,Age 16 to 17,0.0
6110,2011,E01000910,2011 super output areas - lower layer,298,Age 18 to 19,0.0
6111,2011,E01000910,2011 super output areas - lower layer,298,Age 20 to 24,0.0
6112,2011,E01000910,2011 super output areas - lower layer,298,Age 25 to 29,0.0
6113,2011,E01000910,2011 super output areas - lower layer,298,Age 30 to 44,0.0
6114,2011,E01000910,2011 super output areas - lower layer,298,Age 45 to 59,0.0
6115,2011,E01000910,2011 super output areas - lower layer,298,Age 60 to 64,0.0
6116,2011,E01000910,2011 super output areas - lower layer,298,Age 65 to 74,0.0
6117,2011,E01000910,2011 super output areas - lower layer,298,Age 75 to 84,0.0
6118,2011,E01000910,2011 super output areas - lower layer,298,Age 85 to 89,0.0
6119,2011,E01000910,2011 super output areas - lower layer,298,Age 90 and over,0.0
6120,2011,E01000910,2011 super output areas - lower layer,298,Mean Age,
6121,2011,E01000910,2011 super output areas - lower layer,298,Median Age,0.5
6122,2011,E01000910,2011 super output areas - lower layer,298,All usual residents,0.0
6123,2011,E01000910,2011 super output areas - lower layer,298,Age 0 to 4,0.0
6124,2011,E01000910,2011 super output areas - lower layer,298,Age 5 to 7,0.0
6125,2011,E01000910,2011 super output areas - lower layer,298,Age 8 to 9,0.0
6126,2011,E01000910,2011 super output areas - lower layer,298,Age 10 to 14,0.0
6127,2011,E01000910,2011 super output areas - lower layer,298,Age 15,0.0
6128,2011,E01000910,2011 super output areas - lower layer,298,Age 16 to 17,0.0
6129,2011,E01000910,2011 super output areas - lower layer,298,Age 18 to 19,0.0
6130,2011,E01000910,2011 super output areas - lower layer,298,Age 20 to 24,0.0
6131,2011,E01000910,2011 super output areas - lower layer,298,Age 25 to 29,0.0
6132,2011,E01000910,2011 super output areas - lower layer,298,Age 30 to 44,0.0
6133,2011,E01000910,2011 super output areas - lower layer,298,Age 45 to 59,0.0
6134,2011,E01000910,2011 super output areas - lower layer,298,Age 60 to 64,0.0
6135,2011,E01000910,2011 super output areas - lower layer,298,Age 65 to 74,0.0
6136,2011,E01000910,2011 super output areas - lower layer,298,Age 75 to 84,0.0
6137,2011,E01000910,2011 super output areas - lower layer,298,Age 85 to 89,0.0
6138,2011,E01000910,2011 super output areas - lower layer,298,Age 90 and over,0.0
6139,2011,E01000910,2011 super output areas - lower layer,298,Mean Age,
6140,2011,E01000910,2011 super output areas - lower layer,298,Median Age,0.5
6141,2011,E01000910,2011 super output areas - lower layer,298,All usual residents,0.0
6142,2011,E01000910,2011 super output areas - lower layer,298,Age 0 to 4,0.0
6143,2011,E01000910,2011 super output areas - lower layer,298,Age 5 to 7,0.0
6144,2011,E01000910,2011 super output areas - lower layer,298,Age 8 to 9,0.0
6145,2011,E01000910,2011 super output areas - lower layer,298,Age 10 to 14,0.0
6146,2011,E01000910,2011 super output areas - lower layer,298,Age 15,0.0
6147,2011,E01000910,2011 super output areas - lower layer,298,Age 16 to 17,0.0
6148,2011,E01000910,2011 super output areas - lower layer,298,Age 18 to 19,0.0
6149,2011,E01000910,2011 super output areas - lower layer,298,Age 20 to 24,0.0
6150,2011,E01000910,2011 super output areas - lower layer,298,Age 25 to 29,0.0
6151,2011,E01000910,2011 super output areas - lower layer,298,Age 30 to 44,0.0
6152,2011,E01000910,2011 super output areas - lower layer,298,Age 45 to 59,0.0
6153,2011,E01000910,2011 super output areas - lower layer,298,Age 60 to 64,0.0
6154,2011,E01000910,2011 super output areas - lower layer,298,Age 65 to 74,0.0
6155,2011,E01000910,2011 super output areas - lower layer,298,Age 75 to 84,0.0
6156,2011,E01000910,2011 super output areas - lower layer,298,Age 85 to 89,0.0
6157,2011,E01000910,2011 super output areas - lower layer,298,Age 90 and over,0.0
6158,2011,E01000910,2011 super output areas - lower layer,298,Mean Age,
6159,2011,E01000910,2011 super output areas - lower layer,298,Median Age,0.5
6160,2011,E01000910,2011 super output areas - lower layer,298,All usual residents,0.0
6161,2011,E01000910,2011 super output areas - lower layer,298,Age 0 to 4,0.0
6162,2011,E01000910,2011 super output areas - lower layer,298,Age 5 to 7,0.0
6163,2011,E01000910,2011 super output areas - lower layer,298,Age 8 to 9,0.0
6164,2011,E01000910,2011 super output areas - lower layer,298,Age 10 to 14,0.0
6165,2011,E01000910,2011 super output areas - lower layer,298,Age 15,0.0
6166,2011,E01000910,2011 super output areas - lower layer,298,Age 16 to 17,0.0
6167,2011,E01000910,2011 super output areas - lower layer,298,Age 18 to 19,0.0
6168,2011,E01000910,2011 super output areas - lower layer,298,Age 20 to 24,0.0
6169,2011,E01000910,2011 super output areas - lower layer,298,Age 25 to 29,0.0
6170,2011,E01000910,2011 super output areas - lower layer,298,Age 30 to 44,0.0
6171,2011,E01000910,2011 super output areas - lower layer,298,Age 45 to 59,0.0
6172,2011,E01000910,2011 super output areas - lower layer,298,Age 60 to 64,0.0
6173,2011,E01000910,2011 super output areas - lower layer,298,Age 65 to 74,0.0
6174,2011,E01000910,2011 super output areas - lower layer,298,Age 75 to 84,0.0
6175,2011,E01000910,2011 super output areas - lower layer,298,Age 85 to 89,0.0
6176,2011,E01000910,2011 super output areas - lower layer,298,Age 90 and over,0.0
6177,2011,E01000910,2011 super output areas - lower layer,298,Mean Age,
6178,2011,E01000910,2011 super output areas - lower layer,298,Median Age,0.5
6179,2011,E01000911,2011 super output areas - lower layer,298,All usual residents,1559.0
6180,2011,E01000911,2011 super output areas - lower layer,298,Age 0 to 4,102.0
6181,2011,E01000911,2011 super output areas - lower layer,298,Age 5 to 7,70.0
6182,2011,E01000911,2011 super output areas - lower layer,298,Age 8 to 9,42.0
6183,2011,E01000911,2011 super output areas - lower layer,298,Age 10 to 14,84.0
6184,2011,E01000911,2011 super output areas - lower layer,298,Age 15,20.0
6185,2011,E01000911,2011 super output areas - lower layer,298,Age 16 to 17,26.0
6186,2011,E01000911,2011 super output areas - lower layer,298,Age 18 to 19,21.0
6187,2011,E01000911,2011 super output areas - lower layer,298,Age 20 to 24,65.0
6188,2011,E01000911,2011 super output areas - lower layer,298,Age 25 to 29,138.0
6189,2011,E01000911,2011 super output areas - lower layer,298,Age 30 to 44,412.0
6190,2011,E01000911,2011 super output areas - lower layer,298,Age 45 to 59,289.0
6191,2011,E01000911,2011 super output areas - lower layer,298,Age 60 to 64,75.0
6192,2011,E01000911,2011 super output areas - lower layer,298,Age 65 to 74,107.0
6193,2011,E01000911,2011 super output areas - lower layer,298,Age 75 to 84,82.0
6194,2011,E01000911,2011 super output areas - lower layer,298,Age 85 to 89,16.0
6195,2011,E01000911,2011 super output areas - lower layer,298,Age 90 and over,10.0
6196,2011,E01000911,2011 super output areas - lower layer,298,Mean Age,38.1
6197,2011,E01000911,2011 super output areas - lower layer,298,Median Age,38.0
6198,2011,E01000911,2011 super output areas - lower layer,298,All usual residents,0.0
6199,2011,E01000911,2011 super output areas - lower layer,298,Age 0 to 4,0.0
6200,2011,E01000911,2011 super output areas - lower layer,298,Age 5 to 7,0.0
6201,2011,E01000911,2011 super output areas - lower layer,298,Age 8 to 9,0.0
6202,2011,E01000911,2011 super output areas - lower layer,298,Age 10 to 14,0.0
6203,2011,E01000911,2011 super output areas - lower layer,298,Age 15,0.0
6204,2011,E01000911,2011 super output areas - lower layer,298,Age 16 to 17,0.0
6205,2011,E01000911,2011 super output areas - lower layer,298,Age 18 to 19,0.0
6206,2011,E01000911,2011 super output areas - lower layer,298,Age 20 to 24,0.0
6207,2011,E01000911,2011 super output areas - lower layer,298,Age 25 to 29,0.0
6208,2011,E01000911,2011 super output areas - lower layer,298,Age 30 to 44,0.0
6209,2011,E01000911,2011 super output areas - lower layer,298,Age 45 to 59,0.0
6210,2011,E01000911,2011 super output areas - lower layer,298,Age 60 to 64,0.0
6211,2011,E01000911,2011 super output areas - lower layer,298,Age 65 to 74,0.0
6212,2011,E01000911,2011 super output areas - lower layer,298,Age 75 to 84,0.0
6213,2011,E01000911,2011 super output areas - lower layer,298,Age 85 to 89,0.0
6214,2011,E01000911,2011 super output areas - lower layer,298,Age 90 and over,0.0
6215,2011,E01000911,2011 super output areas - lower layer,298,Mean Age,
6216,2011,E01000911,2011 super output areas - lower layer,298,Median Age,0.5
6217,2011,E01000911,2011 super output areas - lower layer,298,All usual residents,0.0
6218,2011,E01000911,2011 super output areas - lower layer,298,Age 0 to 4,0.0
6219,2011,E01000911,2011 super output areas - lower layer,298,Age 5 to 7,0.0
6220,2011,E01000911,2011 super output areas - lower layer,298,Age 8 to 9,0.0
6221,2011,E01000911,2011 super output areas - lower layer,298,Age 10 to 14,0.0
6222,2011,E01000911,2011 super output areas - lower layer,298,Age 15,0.0
6223,2011,E01000911,2011 super output areas - lower layer,298,Age 16 to 17,0.0
6224,2011,E01000911,2011 super output areas - lower layer,298,Age 18 to 19,0.0
6225,2011,E01000911,2011 super output areas - lower layer,298,Age 20 to 24,0.0
6226,2011,E01000911,2011 super output areas - lower layer,298,Age 25 to 29,0.0
6227,2011,E01000911,2011 super output areas - lower layer,298,Age 30 to 44,0.0
6228,2011,E01000911,2011 super output areas - lower layer,298,Age 45 to 59,0.0
6229,2011,E01000911,2011 super output areas - lower layer,298,Age 60 to 64,0.0
6230,2011,E01000911,2011 super output areas - lower layer,298,Age 65 to 74,0.0
6231,2011,E01000911,2011 super output areas - lower layer,298,Age 75 to 84,0.0
6232,2011,E01000911,2011 super output areas - lower layer,298,Age 85 to 89,0.0
6233,2011,E01000911,2011 super output areas - lower layer,298,Age 90 and over,0.0
6234,2011,E01000911,2011 super output areas - lower layer,298,Mean Age,
6235,2011,E01000911,2011 super output areas - lower layer,298,Median Age,0.5
6236,2011,E01000911,2011 super output areas - lower layer,298,All usual residents,0.0
6237,2011,E01000911,2011 super output areas - lower layer,298,Age 0 to 4,0.0
6238,2011,E01000911,2011 super output areas - lower layer,298,Age 5 to 7,0.0
6239,2011,E01000911,2011 super output areas - lower layer,298,Age 8 to 9,0.0
6240,2011,E01000911,2011 super output areas - lower layer,298,Age 10 to 14,0.0
6241,2011,E01000911,2011 super output areas - lower layer,298,Age 15,0.0
6242,2011,E01000911,2011 super output areas - lower layer,298,Age 16 to 17,0.0
6243,2011,E01000911,2011 super output areas - lower layer,298,Age 18 to 19,0.0
6244,2011,E01000911,2011 super output areas - lower layer,298,Age 20 to 24,0.0
6245,2011,E01000911,2011 super output areas - lower layer,298,Age 25 to 29,0.0
6246,2011,E01000911,2011 super output areas - lower layer,298,Age 30 to 44,0.0
6247,2011,E01000911,2011 super output areas - lower layer,298,Age 45 to 59,0.0
6248,2011,E01000911,2011 super output areas - lower layer,298,Age 60 to 64,0.0
6249,2011,E01000911,2011 super output areas - lower layer,298,Age 65 to 74,0.0
6250,2011,E01000911,2011 super output areas - lower layer,298,Age 75 to 84,0.0
6251,2011,E01000911,2011 super output areas - lower layer,298,Age 85 to 89,0.0
6252,2011,E01000911,2011 super output areas - lower layer,298,Age 90 and over,0.0
6253,2011,E01000911,2011 super output areas - lower layer,298,Mean Age,
6254,2011,E01000911,2011 super output areas - lower layer,298,Median Age,0.5
6255,2011,E01000911,2011 super output areas - lower layer,298,All usual residents,0.0
6256,2011,E01000911,2011 super output areas - lower layer,298,Age 0 to 4,0.0
6257,2011,E01000911,2011 super output areas - lower layer,298,Age 5 to 7,0.0
6258,2011,E01000911,2011 super output areas - lower layer,298,Age 8 to 9,0.0
6259,2011,E01000911,2011 super output areas - lower layer,298,Age 10 to 14,0.0
6260,2011,E01000911,2011 super output areas - lower layer,298,Age 15,0.0
6261,2011,E01000911,2011 super output areas - lower layer,298,Age 16 to 17,0.0
6262,2011,E01000911,2011 super output areas - lower layer,298,Age 18 to 19,0.0
6263,2011,E01000911,2011 super output areas - lower layer,298,Age 20 to 24,0.0
6264,2011,E01000911,2011 super output areas - lower layer,298,Age 25 to 29,0.0
6265,2011,E01000911,2011 super output areas - lower layer,298,Age 30 to 44,0.0
6266,2011,E01000911,2011 super output areas - lower layer,298,Age 45 to 59,0.0
6267,2011,E01000911,2011 super output areas - lower layer,298,Age 60 to 64,0.0
6268,2011,E01000911,2011 super output areas - lower layer,298,Age 65 to 74,0.0
6269,2011,E01000911,2011 super output areas - lower layer,298,Age 75 to 84,0.0
6270,2011,E01000911,2011 super output areas - lower layer,298,Age 85 to 89,0.0
6271,2011,E01000911,2011 super output areas - lower layer,298,Age 90 and over,0.0
6272,2011,E01000911,2011 super output areas - lower layer,298,Mean Age,
6273,2011,E01000911,2011 super output areas - lower layer,298,Median Age,0.5
6274,2011,E01000911,2011 super output areas - lower layer,298,All usual residents,0.0
6275,2011,E01000911,2011 super output areas - lower layer,298,Age 0 to 4,0.0
6276,2011,E01000911,2011 super output areas - lower layer,298,Age 5 to 7,0.0
6277,2011,E01000911,2011 super output areas - lower layer,298,Age 8 to 9,0.0
6278,2011,E01000911,2011 super output areas - lower layer,298,Age 10 to 14,0.0
6279,2011,E01000911,2011 super output areas - lower layer,298,Age 15,0.0
6280,2011,E01000911,2011 super output areas - lower layer,298,Age 16 to 17,0.0
6281,2011,E01000911,2011 super output areas - lower layer,298,Age 18 to 19,0.0
6282,2011,E01000911,2011 super output areas - lower layer,298,Age 20 to 24,0.0
6283,2011,E01000911,2011 super output areas - lower layer,298,Age 25 to 29,0.0
6284,2011,E01000911,2011 super output areas - lower layer,298,Age 30 to 44,0.0
6285,2011,E01000911,2011 super output areas - lower layer,298,Age 45 to 59,0.0
6286,2011,E01000911,2011 super output areas - lower layer,298,Age 60 to 64,0.0
6287,2011,E01000911,2011 super output areas - lower layer,298,Age 65 to 74,0.0
6288,2011,E01000911,2011 super output areas - lower layer,298,Age 75 to 84,0.0
6289,2011,E01000911,2011 super output areas - lower layer,298,Age 85 to 89,0.0
6290,2011,E01000911,2011 super output areas - lower layer,298,Age 90 and over,0.0
6291,2011,E01000911,2011 super output areas - lower layer,298,Mean Age,
6292,2011,E01000911,2011 super output areas - lower layer,298,Median Age,0.5
6293,2011,E01000911,2011 super output areas - lower layer,298,All usual residents,0.0
6294,2011,E01000911,2011 super output areas - lower layer,298,Age 0 to 4,0.0
6295,2011,E01000911,2011 super output areas - lower layer,298,Age 5 to 7,0.0
6296,2011,E01000911,2011 super output areas - lower layer,298,Age 8 to 9,0.0
6297,2011,E01000911,2011 super output areas - lower layer,298,Age 10 to 14,0.0
6298,2011,E01000911,2011 super output areas - lower layer,298,Age 15,0.0
6299,2011,E01000911,2011 super output areas - lower layer,298,Age 16 to 17,0.0
6300,2011,E01000911,2011 super output areas - lower layer,298,Age 18 to 19,0.0
6301,2011,E01000911,2011 super output areas - lower layer,298,Age 20 to 24,0.0
6302,2011,E01000911,2011 super output areas - lower layer,298,Age 25 to 29,0.0
6303,2011,E01000911,2011 super output areas - lower layer,298,Age 30 to 44,0.0
6304,2011,E01000911,2011 super output areas - lower layer,298,Age 45 to 59,0.0
6305,2011,E01000911,2011 super output areas - lower layer,298,Age 60 to 64,0.0
6306,2011,E01000911,2011 super output areas - lower layer,298,Age 65 to 74,0.0
6307,2011,E01000911,2011 super output areas - lower layer,298,Age 75 to 84,0.0
6308,2011,E01000911,2011 super output areas - lower layer,298,Age 85 to 89,0.0
6309,2011,E01000911,2011 super output areas - lower layer,298,Age 90 and over,0.0
6310,2011,E01000911,2011 super output areas - lower layer,298,Mean Age,
6311,2011,E01000911,2011 super output areas - lower layer,298,Median Age,0.5
6312,2011,E01000911,2011 super output areas - lower layer,298,All usual residents,0.0
6313,2011,E01000911,2011 super output areas - lower layer,298,Age 0 to 4,0.0
6314,2011,E01000911,2011 super output areas - lower layer,298,Age 5 to 7,0.0
6315,2011,E01000911,2011 super output areas - lower layer,298,Age 8 to 9,0.0
6316,2011,E01000911,2011 super output areas - lower layer,298,Age 10 to 14,0.0
6317,2011,E01000911,2011 super output areas - lower layer,298,Age 15,0.0
6318,2011,E01000911,2011 super output areas - lower layer,298,Age 16 to 17,0.0
6319,2011,E01000911,2011 super output areas - lower layer,298,Age 18 to 19,0.0
6320,2011,E01000911,2011 super output areas - lower layer,298,Age 20 to 24,0.0
6321,2011,E01000911,2011 super output areas - lower layer,298,Age 25 to 29,0.0
6322,2011,E01000911,2011 super output areas - lower layer,298,Age 30 to 44,0.0
6323,2011,E01000911,2011 super output areas - lower layer,298,Age 45 to 59,0.0
6324,2011,E01000911,2011 super output areas - lower layer,298,Age 60 to 64,0.0
6325,2011,E01000911,2011 super output areas - lower layer,298,Age 65 to 74,0.0
6326,2011,E01000911,2011 super output areas - lower layer,298,Age 75 to 84,0.0
6327,2011,E01000911,2011 super output areas - lower layer,298,Age 85 to 89,0.0
6328,2011,E01000911,2011 super output areas - lower layer,298,Age 90 and over,0.0
6329,2011,E01000911,2011 super output areas - lower layer,298,Mean Age,
6330,2011,E01000911,2011 super output areas - lower layer,298,Median Age,0.5
6331,2011,E01000911,2011 super output areas - lower layer,298,All usual residents,0.0
6332,2011,E01000911,2011 super output areas - lower layer,298,Age 0 to 4,0.0
6333,2011,E01000911,2011 super output areas - lower layer,298,Age 5 to 7,0.0
6334,2011,E01000911,2011 super output areas - lower layer,298,Age 8 to 9,0.0
6335,2011,E01000911,2011 super output areas - lower layer,298,Age 10 to 14,0.0
6336,2011,E01000911,2011 super output areas - lower layer,298,Age 15,0.0
6337,2011,E01000911,2011 super output areas - lower layer,298,Age 16 to 17,0.0
6338,2011,E01000911,2011 super output areas - lower layer,298,Age 18 to 19,0.0
6339,2011,E01000911,2011 super output areas - lower layer,298,Age 20 to 24,0.0
6340,2011,E01000911,2011 super output areas - lower layer,298,Age 25 to 29,0.0
6341,2011,E01000911,2011 super output areas - lower layer,298,Age 30 to 44,0.0
6342,2011,E01000911,2011 super output areas - lower layer,298,Age 45 to 59,0.0
6343,2011,E01000911,2011 super output areas - lower layer,298,Age 60 to 64,0.0
6344,2011,E01000911,2011 super output areas - lower layer,298,Age 65 to 74,0.0
6345,2011,E01000911,2011 super output areas - lower layer,298,Age 75 to 84,0.0
6346,2011,E01000911,2011 super output areas - lower layer,298,Age 85 to 89,0.0
6347,2011,E01000911,2011 super output areas - lower layer,298,Age 90 and over,0.0
6348,2011,E01000911,2011 super output areas - lower layer,298,Mean Age,
6349,2011,E01000911,2011 super output areas - lower layer,298,Median Age,0.5
6350,2011,E01000911,2011 super output areas - lower layer,298,All usual residents,0.0
6351,2011,E01000911,2011 super output areas - lower layer,298,Age 0 to 4,0.0
6352,2011,E01000911,2011 super output areas - lower layer,298,Age 5 to 7,0.0
6353,2011,E01000911,2011 super output areas - lower layer,298,Age 8 to 9,0.0
6354,2011,E01000911,2011 super output areas - lower layer,298,Age 10 to 14,0.0
6355,2011,E01000911,2011 super output areas - lower layer,298,Age 15,0.0
6356,2011,E01000911,2011 super output areas - lower layer,298,Age 16 to 17,0.0
6357,2011,E01000911,2011 super output areas - lower layer,298,Age 18 to 19,0.0
6358,2011,E01000911,2011 super output areas - lower layer,298,Age 20 to 24,0.0
6359,2011,E01000911,2011 super output areas - lower layer,298,Age 25 to 29,0.0
6360,2011,E01000911,2011 super output areas - lower layer,298,Age 30 to 44,0.0
6361,2011,E01000911,2011 super output areas - lower layer,298,Age 45 to 59,0.0
6362,2011,E01000911,2011 super output areas - lower layer,298,Age 60 to 64,0.0
6363,2011,E01000911,2011 super output areas - lower layer,298,Age 65 to 74,0.0
6364,2011,E01000911,2011 super output areas - lower layer,298,Age 75 to 84,0.0
6365,2011,E01000911,2011 super output areas - lower layer,298,Age 85 to 89,0.0
6366,2011,E01000911,2011 super output areas - lower layer,298,Age 90 and over,0.0
6367,2011,E01000911,2011 super output areas - lower layer,298,Mean Age,
6368,2011,E01000911,2011 super output areas - lower layer,298,Median Age,0.5
6369,2011,E01000911,2011 super output areas - lower layer,298,All usual residents,0.0
6370,2011,E01000911,2011 super output areas - lower layer,298,Age 0 to 4,0.0
6371,2011,E01000911,2011 super output areas - lower layer,298,Age 5 to 7,0.0
6372,2011,E01000911,2011 super output areas - lower layer,298,Age 8 to 9,0.0
6373,2011,E01000911,2011 super output areas - lower layer,298,Age 10 to 14,0.0
6374,2011,E01000911,2011 super output areas - lower layer,298,Age 15,0.0
6375,2011,E01000911,2011 super output areas - lower layer,298,Age 16 to 17,0.0
6376,2011,E01000911,2011 super output areas - lower layer,298,Age 18 to 19,0.0
6377,2011,E01000911,2011 super output areas - lower layer,298,Age 20 to 24,0.0
6378,2011,E01000911,2011 super output areas - lower layer,298,Age 25 to 29,0.0
6379,2011,E01000911,2011 super output areas - lower layer,298,Age 30 to 44,0.0
6380,2011,E01000911,2011 super output areas - lower layer,298,Age 45 to 59,0.0
6381,2011,E01000911,2011 super output areas - lower layer,298,Age 60 to 64,0.0
6382,2011,E01000911,2011 super output areas - lower layer,298,Age 65 to 74,0.0
6383,2011,E01000911,2011 super output areas - lower layer,298,Age 75 to 84,0.0
6384,2011,E01000911,2011 super output areas - lower layer,298,Age 85 to 89,0.0
6385,2011,E01000911,2011 super output areas - lower layer,298,Age 90 and over,0.0
6386,2011,E01000911,2011 super output areas - lower layer,298,Mean Age,
6387,2011,E01000911,2011 super output areas - lower layer,298,Median Age,0.5
6388,2011,E01000911,2011 super output areas - lower layer,298,All usual residents,0.0
6389,2011,E01000911,2011 super output areas - lower layer,298,Age 0 to 4,0.0
6390,2011,E01000911,2011 super output areas - lower layer,298,Age 5 to 7,0.0
6391,2011,E01000911,2011 super output areas - lower layer,298,Age 8 to 9,0.0
6392,2011,E01000911,2011 super output areas - lower layer,298,Age 10 to 14,0.0
6393,2011,E01000911,2011 super output areas - lower layer,298,Age 15,0.0
6394,2011,E01000911,2011 super output areas - lower layer,298,Age 16 to 17,0.0
6395,2011,E01000911,2011 super output areas - lower layer,298,Age 18 to 19,0.0
6396,2011,E01000911,2011 super output areas - lower layer,298,Age 20 to 24,0.0
6397,2011,E01000911,2011 super output areas - lower layer,298,Age 25 to 29,0.0
6398,2011,E01000911,2011 super output areas - lower layer,298,Age 30 to 44,0.0
6399,2011,E01000911,2011 super output areas - lower layer,298,Age 45 to 59,0.0
6400,2011,E01000911,2011 super output areas - lower layer,298,Age 60 to 64,0.0
6401,2011,E01000911,2011 super output areas - lower layer,298,Age 65 to 74,0.0
6402,2011,E01000911,2011 super output areas - lower layer,298,Age 75 to 84,0.0
6403,2011,E01000911,2011 super output areas - lower layer,298,Age 85 to 89,0.0
6404,2011,E01000911,2011 super output areas - lower layer,298,Age 90 and over,0.0
6405,2011,E01000911,2011 super output areas - lower layer,298,Mean Age,
6406,2011,E01000911,2011 super output areas - lower layer,298,Median Age,0.5
6407,2011,E01000911,2011 super output areas - lower layer,298,All usual residents,0.0
6408,2011,E01000911,2011 super output areas - lower layer,298,Age 0 to 4,0.0
6409,2011,E01000911,2011 super output areas - lower layer,298,Age 5 to 7,0.0
6410,2011,E01000911,2011 super output areas - lower layer,298,Age 8 to 9,0.0
6411,2011,E01000911,2011 super output areas - lower layer,298,Age 10 to 14,0.0
6412,2011,E01000911,2011 super output areas - lower layer,298,Age 15,0.0
6413,2011,E01000911,2011 super output areas - lower layer,298,Age 16 to 17,0.0
6414,2011,E01000911,2011 super output areas - lower layer,298,Age 18 to 19,0.0
6415,2011,E01000911,2011 super output areas - lower layer,298,Age 20 to 24,0.0
6416,2011,E01000911,2011 super output areas - lower layer,298,Age 25 to 29,0.0
6417,2011,E01000911,2011 super output areas - lower layer,298,Age 30 to 44,0.0
6418,2011,E01000911,2011 super output areas - lower layer,298,Age 45 to 59,0.0
6419,2011,E01000911,2011 super output areas - lower layer,298,Age 60 to 64,0.0
6420,2011,E01000911,2011 super output areas - lower layer,298,Age 65 to 74,0.0
6421,2011,E01000911,2011 super output areas - lower layer,298,Age 75 to 84,0.0
6422,2011,E01000911,2011 super output areas - lower layer,298,Age 85 to 89,0.0
6423,2011,E01000911,2011 super output areas - lower layer,298,Age 90 and over,0.0
6424,2011,E01000911,2011 super output areas - lower layer,298,Mean Age,
6425,2011,E01000911,2011 super output areas - lower layer,298,Median Age,0.5
6426,2011,E01000921,2011 super output areas - lower layer,298,All usual residents,1966.0
6427,2011,E01000921,2011 super output areas - lower layer,298,Age 0 to 4,100.0
6428,2011,E01000921,2011 super output areas - lower layer,298,Age 5 to 7,44.0
6429,2011,E01000921,2011 super output areas - lower layer,298,Age 8 to 9,34.0
6430,2011,E01000921,2011 super output areas - lower layer,298,Age 10 to 14,77.0
6431,2011,E01000921,2011 super output areas - lower layer,298,Age 15,19.0
6432,2011,E01000921,2011 super output areas - lower layer,298,Age 16 to 17,31.0
6433,2011,E01000921,2011 super output areas - lower layer,298,Age 18 to 19,27.0
6434,2011,E01000921,2011 super output areas - lower layer,298,Age 20 to 24,181.0
6435,2011,E01000921,2011 super output areas - lower layer,298,Age 25 to 29,341.0
6436,2011,E01000921,2011 super output areas - lower layer,298,Age 30 to 44,671.0
6437,2011,E01000921,2011 super output areas - lower layer,298,Age 45 to 59,266.0
6438,2011,E01000921,2011 super output areas - lower layer,298,Age 60 to 64,47.0
6439,2011,E01000921,2011 super output areas - lower layer,298,Age 65 to 74,98.0
6440,2011,E01000921,2011 super output areas - lower layer,298,Age 75 to 84,21.0
6441,2011,E01000921,2011 super output areas - lower layer,298,Age 85 to 89,8.0
6442,2011,E01000921,2011 super output areas - lower layer,298,Age 90 and over,1.0
6443,2011,E01000921,2011 super output areas - lower layer,298,Mean Age,33.5
6444,2011,E01000921,2011 super output areas - lower layer,298,Median Age,31.0
6445,2011,E01000921,2011 super output areas - lower layer,298,All usual residents,0.0
6446,2011,E01000921,2011 super output areas - lower layer,298,Age 0 to 4,0.0
6447,2011,E01000921,2011 super output areas - lower layer,298,Age 5 to 7,0.0
6448,2011,E01000921,2011 super output areas - lower layer,298,Age 8 to 9,0.0
6449,2011,E01000921,2011 super output areas - lower layer,298,Age 10 to 14,0.0
6450,2011,E01000921,2011 super output areas - lower layer,298,Age 15,0.0
6451,2011,E01000921,2011 super output areas - lower layer,298,Age 16 to 17,0.0
6452,2011,E01000921,2011 super output areas - lower layer,298,Age 18 to 19,0.0
6453,2011,E01000921,2011 super output areas - lower layer,298,Age 20 to 24,0.0
6454,2011,E01000921,2011 super output areas - lower layer,298,Age 25 to 29,0.0
6455,2011,E01000921,2011 super output areas - lower layer,298,Age 30 to 44,0.0
6456,2011,E01000921,2011 super output areas - lower layer,298,Age 45 to 59,0.0
6457,2011,E01000921,2011 super output areas - lower layer,298,Age 60 to 64,0.0
6458,2011,E01000921,2011 super output areas - lower layer,298,Age 65 to 74,0.0
6459,2011,E01000921,2011 super output areas - lower layer,298,Age 75 to 84,0.0
6460,2011,E01000921,2011 super output areas - lower layer,298,Age 85 to 89,0.0
6461,2011,E01000921,2011 super output areas - lower layer,298,Age 90 and over,0.0
6462,2011,E01000921,2011 super output areas - lower layer,298,Mean Age,
6463,2011,E01000921,2011 super output areas - lower layer,298,Median Age,0.5
6464,2011,E01000921,2011 super output areas - lower layer,298,All usual residents,0.0
6465,2011,E01000921,2011 super output areas - lower layer,298,Age 0 to 4,0.0
6466,2011,E01000921,2011 super output areas - lower layer,298,Age 5 to 7,0.0
6467,2011,E01000921,2011 super output areas - lower layer,298,Age 8 to 9,0.0
6468,2011,E01000921,2011 super output areas - lower layer,298,Age 10 to 14,0.0
6469,2011,E01000921,2011 super output areas - lower layer,298,Age 15,0.0
6470,2011,E01000921,2011 super output areas - lower layer,298,Age 16 to 17,0.0
6471,2011,E01000921,2011 super output areas - lower layer,298,Age 18 to 19,0.0
6472,2011,E01000921,2011 super output areas - lower layer,298,Age 20 to 24,0.0
6473,2011,E01000921,2011 super output areas - lower layer,298,Age 25 to 29,0.0
6474,2011,E01000921,2011 super output areas - lower layer,298,Age 30 to 44,0.0
6475,2011,E01000921,2011 super output areas - lower layer,298,Age 45 to 59,0.0
6476,2011,E01000921,2011 super output areas - lower layer,298,Age 60 to 64,0.0
6477,2011,E01000921,2011 super output areas - lower layer,298,Age 65 to 74,0.0
6478,2011,E01000921,2011 super output areas - lower layer,298,Age 75 to 84,0.0
6479,2011,E01000921,2011 super output areas - lower layer,298,Age 85 to 89,0.0
6480,2011,E01000921,2011 super output areas - lower layer,298,Age 90 and over,0.0
6481,2011,E01000921,2011 super output areas - lower layer,298,Mean Age,
6482,2011,E01000921,2011 super output areas - lower layer,298,Median Age,0.5
6483,2011,E01000921,2011 super output areas - lower layer,298,All usual residents,0.0
6484,2011,E01000921,2011 super output areas - lower layer,298,Age 0 to 4,0.0
6485,2011,E01000921,2011 super output areas - lower layer,298,Age 5 to 7,0.0
6486,2011,E01000921,2011 super output areas - lower layer,298,Age 8 to 9,0.0
6487,2011,E01000921,2011 super output areas - lower layer,298,Age 10 to 14,0.0
6488,2011,E01000921,2011 super output areas - lower layer,298,Age 15,0.0
6489,2011,E01000921,2011 super output areas - lower layer,298,Age 16 to 17,0.0
6490,2011,E01000921,2011 super output areas - lower layer,298,Age 18 to 19,0.0
6491,2011,E01000921,2011 super output areas - lower layer,298,Age 20 to 24,0.0
6492,2011,E01000921,2011 super output areas - lower layer,298,Age 25 to 29,0.0
6493,2011,E01000921,2011 super output areas - lower layer,298,Age 30 to 44,0.0
6494,2011,E01000921,2011 super output areas - lower layer,298,Age 45 to 59,0.0
6495,2011,E01000921,2011 super output areas - lower layer,298,Age 60 to 64,0.0
6496,2011,E01000921,2011 super output areas - lower layer,298,Age 65 to 74,0.0
6497,2011,E01000921,2011 super output areas - lower layer,298,Age 75 to 84,0.0
6498,2011,E01000921,2011 super output areas - lower layer,298,Age 85 to 89,0.0
6499,2011,E01000921,2011 super output areas - lower layer,298,Age 90 and over,0.0
6500,2011,E01000921,2011 super output areas - lower layer,298,Mean Age,
6501,2011,E01000921,2011 super output areas - lower layer,298,Median Age,0.5
6502,2011,E01000921,2011 super output areas - lower layer,298,All usual residents,0.0
6503,2011,E01000921,2011 super output areas - lower layer,298,Age 0 to 4,0.0
6504,2011,E01000921,2011 super output areas - lower layer,298,Age 5 to 7,0.0
6505,2011,E01000921,2011 super output areas - lower layer,298,Age 8 to 9,0.0
6506,2011,E01000921,2011 super output areas - lower layer,298,Age 10 to 14,0.0
6507,2011,E01000921,2011 super output areas - lower layer,298,Age 15,0.0
6508,2011,E01000921,2011 super output areas - lower layer,298,Age 16 to 17,0.0
6509,2011,E01000921,2011 super output areas - lower layer,298,Age 18 to 19,0.0
6510,2011,E01000921,2011 super output areas - lower layer,298,Age 20 to 24,0.0
6511,2011,E01000921,2011 super output areas - lower layer,298,Age 25 to 29,0.0
6512,2011,E01000921,2011 super output areas - lower layer,298,Age 30 to 44,0.0
6513,2011,E01000921,2011 super output areas - lower layer,298,Age 45 to 59,0.0
6514,2011,E01000921,2011 super output areas - lower layer,298,Age 60 to 64,0.0
6515,2011,E01000921,2011 super output areas - lower layer,298,Age 65 to 74,0.0
6516,2011,E01000921,2011 super output areas - lower layer,298,Age 75 to 84,0.0
6517,2011,E01000921,2011 super output areas - lower layer,298,Age 85 to 89,0.0
6518,2011,E01000921,2011 super output areas - lower layer,298,Age 90 and over,0.0
6519,2011,E01000921,2011 super output areas - lower layer,298,Mean Age,
6520,2011,E01000921,2011 super output areas - lower layer,298,Median Age,0.5
6521,2011,E01000921,2011 super output areas - lower layer,298,All usual residents,0.0
6522,2011,E01000921,2011 super output areas - lower layer,298,Age 0 to 4,0.0
6523,2011,E01000921,2011 super output areas - lower layer,298,Age 5 to 7,0.0
6524,2011,E01000921,2011 super output areas - lower layer,298,Age 8 to 9,0.0
6525,2011,E01000921,2011 super output areas - lower layer,298,Age 10 to 14,0.0
6526,2011,E01000921,2011 super output areas - lower layer,298,Age 15,0.0
6527,2011,E01000921,2011 super output areas - lower layer,298,Age 16 to 17,0.0
6528,2011,E01000921,2011 super output areas - lower layer,298,Age 18 to 19,0.0
6529,2011,E01000921,2011 super output areas - lower layer,298,Age 20 to 24,0.0
6530,2011,E01000921,2011 super output areas - lower layer,298,Age 25 to 29,0.0
6531,2011,E01000921,2011 super output areas - lower layer,298,Age 30 to 44,0.0
6532,2011,E01000921,2011 super output areas - lower layer,298,Age 45 to 59,0.0
6533,2011,E01000921,2011 super output areas - lower layer,298,Age 60 to 64,0.0
6534,2011,E01000921,2011 super output areas - lower layer,298,Age 65 to 74,0.0
6535,2011,E01000921,2011 super output areas - lower layer,298,Age 75 to 84,0.0
6536,2011,E01000921,2011 super output areas - lower layer,298,Age 85 to 89,0.0
6537,2011,E01000921,2011 super output areas - lower layer,298,Age 90 and over,0.0
6538,2011,E01000921,2011 super output areas - lower layer,298,Mean Age,
6539,2011,E01000921,2011 super output areas - lower layer,298,Median Age,0.5
6540,2011,E01000921,2011 super output areas - lower layer,298,All usual residents,0.0
6541,2011,E01000921,2011 super output areas - lower layer,298,Age 0 to 4,0.0
6542,2011,E01000921,2011 super output areas - lower layer,298,Age 5 to 7,0.0
6543,2011,E01000921,2011 super output areas - lower layer,298,Age 8 to 9,0.0
6544,2011,E01000921,2011 super output areas - lower layer,298,Age 10 to 14,0.0
6545,2011,E01000921,2011 super output areas - lower layer,298,Age 15,0.0
6546,2011,E01000921,2011 super output areas - lower layer,298,Age 16 to 17,0.0
6547,2011,E01000921,2011 super output areas - lower layer,298,Age 18 to 19,0.0
6548,2011,E01000921,2011 super output areas - lower layer,298,Age 20 to 24,0.0
6549,2011,E01000921,2011 super output areas - lower layer,298,Age 25 to 29,0.0
6550,2011,E01000921,2011 super output areas - lower layer,298,Age 30 to 44,0.0
6551,2011,E01000921,2011 super output areas - lower layer,298,Age 45 to 59,0.0
6552,2011,E01000921,2011 super output areas - lower layer,298,Age 60 to 64,0.0
6553,2011,E01000921,2011 super output areas - lower layer,298,Age 65 to 74,0.0
6554,2011,E01000921,2011 super output areas - lower layer,298,Age 75 to 84,0.0
6555,2011,E01000921,2011 super output areas - lower layer,298,Age 85 to 89,0.0
6556,2011,E01000921,2011 super output areas - lower layer,298,Age 90 and over,0.0
6557,2011,E01000921,2011 super output areas - lower layer,298,Mean Age,
6558,2011,E01000921,2011 super output areas - lower layer,298,Median Age,0.5
6559,2011,E01000921,2011 super output areas - lower layer,298,All usual residents,0.0
6560,2011,E01000921,2011 super output areas - lower layer,298,Age 0 to 4,0.0
6561,2011,E01000921,2011 super output areas - lower layer,298,Age 5 to 7,0.0
6562,2011,E01000921,2011 super output areas - lower layer,298,Age 8 to 9,0.0
6563,2011,E01000921,2011 super output areas - lower layer,298,Age 10 to 14,0.0
6564,2011,E01000921,2011 super output areas - lower layer,298,Age 15,0.0
6565,2011,E01000921,2011 super output areas - lower layer,298,Age 16 to 17,0.0
6566,2011,E01000921,2011 super output areas - lower layer,298,Age 18 to 19,0.0
6567,2011,E01000921,2011 super output areas - lower layer,298,Age 20 to 24,0.0
6568,2011,E01000921,2011 super output areas - lower layer,298,Age 25 to 29,0.0
6569,2011,E01000921,2011 super output areas - lower layer,298,Age 30 to 44,0.0
6570,2011,E01000921,2011 super output areas - lower layer,298,Age 45 to 59,0.0
6571,2011,E01000921,2011 super output areas - lower layer,298,Age 60 to 64,0.0
6572,2011,E01000921,2011 super output areas - lower layer,298,Age 65 to 74,0.0
6573,2011,E01000921,2011 super output areas - lower layer,298,Age 75 to 84,0.0
6574,2011,E01000921,2011 super output areas - lower layer,298,Age 85 to 89,0.0
6575,2011,E01000921,2011 super output areas - lower layer,298,Age 90 and over,0.0
6576,2011,E01000921,2011 super output areas - lower layer,298,Mean Age,
6577,2011,E01000921,2011 super output areas - lower layer,298,Median Age,0.5
6578,2011,E01000921,2011 super output areas - lower layer,298,All usual residents,0.0
6579,2011,E01000921,2011 super output areas - lower layer,298,Age 0 to 4,0.0
6580,2011,E01000921,2011 super output areas - lower layer,298,Age 5 to 7,0.0
6581,2011,E01000921,2011 super output areas - lower layer,298,Age 8 to 9,0.0
6582,2011,E01000921,2011 super output areas - lower layer,298,Age 10 to 14,0.0
6583,2011,E01000921,2011 super output areas - lower layer,298,Age 15,0.0
6584,2011,E01000921,2011 super output areas - lower layer,298,Age 16 to 17,0.0
6585,2011,E01000921,2011 super output areas - lower layer,298,Age 18 to 19,0.0
6586,2011,E01000921,2011 super output areas - lower layer,298,Age 20 to 24,0.0
6587,2011,E01000921,2011 super output areas - lower layer,298,Age 25 to 29,0.0
6588,2011,E01000921,2011 super output areas - lower layer,298,Age 30 to 44,0.0
6589,2011,E01000921,2011 super output areas - lower layer,298,Age 45 to 59,0.0
6590,2011,E01000921,2011 super output areas - lower layer,298,Age 60 to 64,0.0
6591,2011,E01000921,2011 super output areas - lower layer,298,Age 65 to 74,0.0
6592,2011,E01000921,2011 super output areas - lower layer,298,Age 75 to 84,0.0
6593,2011,E01000921,2011 super output areas - lower layer,298,Age 85 to 89,0.0
6594,2011,E01000921,2011 super output areas - lower layer,298,Age 90 and over,0.0
6595,2011,E01000921,2011 super output areas - lower layer,298,Mean Age,
6596,2011,E01000921,2011 super output areas - lower layer,298,Median Age,0.5
6597,2011,E01000921,2011 super output areas - lower layer,298,All usual residents,0.0
6598,2011,E01000921,2011 super output areas - lower layer,298,Age 0 to 4,0.0
6599,2011,E01000921,2011 super output areas - lower layer,298,Age 5 to 7,0.0
6600,2011,E01000921,2011 super output areas - lower layer,298,Age 8 to 9,0.0
6601,2011,E01000921,2011 super output areas - lower layer,298,Age 10 to 14,0.0
6602,2011,E01000921,2011 super output areas - lower layer,298,Age 15,0.0
6603,2011,E01000921,2011 super output areas - lower layer,298,Age 16 to 17,0.0
6604,2011,E01000921,2011 super output areas - lower layer,298,Age 18 to 19,0.0
6605,2011,E01000921,2011 super output areas - lower layer,298,Age 20 to 24,0.0
6606,2011,E01000921,2011 super output areas - lower layer,298,Age 25 to 29,0.0
6607,2011,E01000921,2011 super output areas - lower layer,298,Age 30 to 44,0.0
6608,2011,E01000921,2011 super output areas - lower layer,298,Age 45 to 59,0.0
6609,2011,E01000921,2011 super output areas - lower layer,298,Age 60 to 64,0.0
6610,2011,E01000921,2011 super output areas - lower layer,298,Age 65 to 74,0.0
6611,2011,E01000921,2011 super output areas - lower layer,298,Age 75 to 84,0.0
6612,2011,E01000921,2011 super output areas - lower layer,298,Age 85 to 89,0.0
6613,2011,E01000921,2011 super output areas - lower layer,298,Age 90 and over,0.0
6614,2011,E01000921,2011 super output areas - lower layer,298,Mean Age,
6615,2011,E01000921,2011 super output areas - lower layer,298,Median Age,0.5
6616,2011,E01000921,2011 super output areas - lower layer,298,All usual residents,0.0
6617,2011,E01000921,2011 super output areas - lower layer,298,Age 0 to 4,0.0
6618,2011,E01000921,2011 super output areas - lower layer,298,Age 5 to 7,0.0
6619,2011,E01000921,2011 super output areas - lower layer,298,Age 8 to 9,0.0
6620,2011,E01000921,2011 super output areas - lower layer,298,Age 10 to 14,0.0
6621,2011,E01000921,2011 super output areas - lower layer,298,Age 15,0.0
6622,2011,E01000921,2011 super output areas - lower layer,298,Age 16 to 17,0.0
6623,2011,E01000921,2011 super output areas - lower layer,298,Age 18 to 19,0.0
6624,2011,E01000921,2011 super output areas - lower layer,298,Age 20 to 24,0.0
6625,2011,E01000921,2011 super output areas - lower layer,298,Age 25 to 29,0.0
6626,2011,E01000921,2011 super output areas - lower layer,298,Age 30 to 44,0.0
6627,2011,E01000921,2011 super output areas - lower layer,298,Age 45 to 59,0.0
6628,2011,E01000921,2011 super output areas - lower layer,298,Age 60 to 64,0.0
6629,2011,E01000921,2011 super output areas - lower layer,298,Age 65 to 74,0.0
6630,2011,E01000921,2011 super output areas - lower layer,298,Age 75 to 84,0.0
6631,2011,E01000921,2011 super output areas - lower layer,298,Age 85 to 89,0.0
6632,2011,E01000921,2011 super output areas - lower layer,298,Age 90 and over,0.0
6633,2011,E01000921,2011 super output areas - lower layer,298,Mean Age,
6634,2011,E01000921,2011 super output areas - lower layer,298,Median Age,0.5
6635,2011,E01000921,2011 super output areas - lower layer,298,All usual residents,0.0
6636,2011,E01000921,2011 super output areas - lower layer,298,Age 0 to 4,0.0
6637,2011,E01000921,2011 super output areas - lower layer,298,Age 5 to 7,0.0
6638,2011,E01000921,2011 super output areas - lower layer,298,Age 8 to 9,0.0
6639,2011,E01000921,2011 super output areas - lower layer,298,Age 10 to 14,0.0
6640,2011,E01000921,2011 super output areas - lower layer,298,Age 15,0.0
6641,2011,E01000921,2011 super output areas - lower layer,298,Age 16 to 17,0.0
6642,2011,E01000921,2011 super output areas - lower layer,298,Age 18 to 19,0.0
6643,2011,E01000921,2011 super output areas - lower layer,298,Age 20 to 24,0.0
6644,2011,E01000921,2011 super output areas - lower layer,298,Age 25 to 29,0.0
6645,2011,E01000921,2011 super output areas - lower layer,298,Age 30 to 44,0.0
6646,2011,E01000921,2011 super output areas - lower layer,298,Age 45 to 59,0.0
6647,2011,E01000921,2011 super output areas - lower layer,298,Age 60 to 64,0.0
6648,2011,E01000921,2011 super output areas - lower layer,298,Age 65 to 74,0.0
6649,2011,E01000921,2011 super output areas - lower layer,298,Age 75 to 84,0.0
6650,2011,E01000921,2011 super output areas - lower layer,298,Age 85 to 89,0.0
6651,2011,E01000921,2011 super output areas - lower layer,298,Age 90 and over,0.0
6652,2011,E01000921,2011 super output areas - lower layer,298,Mean Age,
6653,2011,E01000921,2011 super output areas - lower layer,298,Median Age,0.5
6654,2011,E01000921,2011 super output areas - lower layer,298,All usual residents,0.0
6655,2011,E01000921,2011 super output areas - lower layer,298,Age 0 to 4,0.0
6656,2011,E01000921,2011 super output areas - lower layer,298,Age 5 to 7,0.0
6657,2011,E01000921,2011 super output areas - lower layer,298,Age 8 to 9,0.0
6658,2011,E01000921,2011 super output areas - lower layer,298,Age 10 to 14,0.0
6659,2011,E01000921,2011 super output areas - lower layer,298,Age 15,0.0
6660,2011,E01000921,2011 super output areas - lower layer,298,Age 16 to 17,0.0
6661,2011,E01000921,2011 super output areas - lower layer,298,Age 18 to 19,0.0
6662,2011,E01000921,2011 super output areas - lower layer,298,Age 20 to 24,0.0
6663,2011,E01000921,2011 super output areas - lower layer,298,Age 25 to 29,0.0
6664,2011,E01000921,2011 super output areas - lower layer,298,Age 30 to 44,0.0
6665,2011,E01000921,2011 super output areas - lower layer,298,Age 45 to 59,0.0
6666,2011,E01000921,2011 super output areas - lower layer,298,Age 60 to 64,0.0
6667,2011,E01000921,2011 super output areas - lower layer,298,Age 65 to 74,0.0
6668,2011,E01000921,2011 super output areas - lower layer,298,Age 75 to 84,0.0
6669,2011,E01000921,2011 super output areas - lower layer,298,Age 85 to 89,0.0
6670,2011,E01000921,2011 super output areas - lower layer,298,Age 90 and over,0.0
6671,2011,E01000921,2011 super output areas - lower layer,298,Mean Age,
6672,2011,E01000921,2011 super output areas - lower layer,298,Median Age,0.5
6673,2011,E01000923,2011 super output areas - lower layer,298,All usual residents,1494.0
6674,2011,E01000923,2011 super output areas - lower layer,298,Age 0 to 4,104.0
6675,2011,E01000923,2011 super output areas - lower layer,298,Age 5 to 7,40.0
6676,2011,E01000923,2011 super output areas - lower layer,298,Age 8 to 9,23.0
6677,2011,E01000923,2011 super output areas - lower layer,298,Age 10 to 14,48.0
6678,2011,E01000923,2011 super output areas - lower layer,298,Age 15,15.0
6679,2011,E01000923,2011 super output areas - lower layer,298,Age 16 to 17,23.0
6680,2011,E01000923,2011 super output areas - lower layer,298,Age 18 to 19,44.0
6681,2011,E01000923,2011 super output areas - lower layer,298,Age 20 to 24,91.0
6682,2011,E01000923,2011 super output areas - lower layer,298,Age 25 to 29,167.0
6683,2011,E01000923,2011 super output areas - lower layer,298,Age 30 to 44,407.0
6684,2011,E01000923,2011 super output areas - lower layer,298,Age 45 to 59,274.0
6685,2011,E01000923,2011 super output areas - lower layer,298,Age 60 to 64,85.0
6686,2011,E01000923,2011 super output areas - lower layer,298,Age 65 to 74,88.0
6687,2011,E01000923,2011 super output areas - lower layer,298,Age 75 to 84,58.0
6688,2011,E01000923,2011 super output areas - lower layer,298,Age 85 to 89,11.0
6689,2011,E01000923,2011 super output areas - lower layer,298,Age 90 and over,16.0
6690,2011,E01000923,2011 super output areas - lower layer,298,Mean Age,38.1
6691,2011,E01000923,2011 super output areas - lower layer,298,Median Age,37.0
6692,2011,E01000923,2011 super output areas - lower layer,298,All usual residents,0.0
6693,2011,E01000923,2011 super output areas - lower layer,298,Age 0 to 4,0.0
6694,2011,E01000923,2011 super output areas - lower layer,298,Age 5 to 7,0.0
6695,2011,E01000923,2011 super output areas - lower layer,298,Age 8 to 9,0.0
6696,2011,E01000923,2011 super output areas - lower layer,298,Age 10 to 14,0.0
6697,2011,E01000923,2011 super output areas - lower layer,298,Age 15,0.0
6698,2011,E01000923,2011 super output areas - lower layer,298,Age 16 to 17,0.0
6699,2011,E01000923,2011 super output areas - lower layer,298,Age 18 to 19,0.0
6700,2011,E01000923,2011 super output areas - lower layer,298,Age 20 to 24,0.0
6701,2011,E01000923,2011 super output areas - lower layer,298,Age 25 to 29,0.0
6702,2011,E01000923,2011 super output areas - lower layer,298,Age 30 to 44,0.0
6703,2011,E01000923,2011 super output areas - lower layer,298,Age 45 to 59,0.0
6704,2011,E01000923,2011 super output areas - lower layer,298,Age 60 to 64,0.0
6705,2011,E01000923,2011 super output areas - lower layer,298,Age 65 to 74,0.0
6706,2011,E01000923,2011 super output areas - lower layer,298,Age 75 to 84,0.0
6707,2011,E01000923,2011 super output areas - lower layer,298,Age 85 to 89,0.0
6708,2011,E01000923,2011 super output areas - lower layer,298,Age 90 and over,0.0
6709,2011,E01000923,2011 super output areas - lower layer,298,Mean Age,
6710,2011,E01000923,2011 super output areas - lower layer,298,Median Age,0.5
6711,2011,E01000923,2011 super output areas - lower layer,298,All usual residents,0.0
6712,2011,E01000923,2011 super output areas - lower layer,298,Age 0 to 4,0.0
6713,2011,E01000923,2011 super output areas - lower layer,298,Age 5 to 7,0.0
6714,2011,E01000923,2011 super output areas - lower layer,298,Age 8 to 9,0.0
6715,2011,E01000923,2011 super output areas - lower layer,298,Age 10 to 14,0.0
6716,2011,E01000923,2011 super output areas - lower layer,298,Age 15,0.0
6717,2011,E01000923,2011 super output areas - lower layer,298,Age 16 to 17,0.0
6718,2011,E01000923,2011 super output areas - lower layer,298,Age 18 to 19,0.0
6719,2011,E01000923,2011 super output areas - lower layer,298,Age 20 to 24,0.0
6720,2011,E01000923,2011 super output areas - lower layer,298,Age 25 to 29,0.0
6721,2011,E01000923,2011 super output areas - lower layer,298,Age 30 to 44,0.0
6722,2011,E01000923,2011 super output areas - lower layer,298,Age 45 to 59,0.0
6723,2011,E01000923,2011 super output areas - lower layer,298,Age 60 to 64,0.0
6724,2011,E01000923,2011 super output areas - lower layer,298,Age 65 to 74,0.0
6725,2011,E01000923,2011 super output areas - lower layer,298,Age 75 to 84,0.0
6726,2011,E01000923,2011 super output areas - lower layer,298,Age 85 to 89,0.0
6727,2011,E01000923,2011 super output areas - lower layer,298,Age 90 and over,0.0
6728,2011,E01000923,2011 super output areas - lower layer,298,Mean Age,
6729,2011,E01000923,2011 super output areas - lower layer,298,Median Age,0.5
6730,2011,E01000923,2011 super output areas - lower layer,298,All usual residents,0.0
6731,2011,E01000923,2011 super output areas - lower layer,298,Age 0 to 4,0.0
6732,2011,E01000923,2011 super output areas - lower layer,298,Age 5 to 7,0.0
6733,2011,E01000923,2011 super output areas - lower layer,298,Age 8 to 9,0.0
6734,2011,E01000923,2011 super output areas - lower layer,298,Age 10 to 14,0.0
6735,2011,E01000923,2011 super output areas - lower layer,298,Age 15,0.0
6736,2011,E01000923,2011 super output areas - lower layer,298,Age 16 to 17,0.0
6737,2011,E01000923,2011 super output areas - lower layer,298,Age 18 to 19,0.0
6738,2011,E01000923,2011 super output areas - lower layer,298,Age 20 to 24,0.0
6739,2011,E01000923,2011 super output areas - lower layer,298,Age 25 to 29,0.0
6740,2011,E01000923,2011 super output areas - lower layer,298,Age 30 to 44,0.0
6741,2011,E01000923,2011 super output areas - lower layer,298,Age 45 to 59,0.0
6742,2011,E01000923,2011 super output areas - lower layer,298,Age 60 to 64,0.0
6743,2011,E01000923,2011 super output areas - lower layer,298,Age 65 to 74,0.0
6744,2011,E01000923,2011 super output areas - lower layer,298,Age 75 to 84,0.0
6745,2011,E01000923,2011 super output areas - lower layer,298,Age 85 to 89,0.0
6746,2011,E01000923,2011 super output areas - lower layer,298,Age 90 and over,0.0
6747,2011,E01000923,2011 super output areas - lower layer,298,Mean Age,
6748,2011,E01000923,2011 super output areas - lower layer,298,Median Age,0.5
6749,2011,E01000923,2011 super output areas - lower layer,298,All usual residents,0.0
6750,2011,E01000923,2011 super output areas - lower layer,298,Age 0 to 4,0.0
6751,2011,E01000923,2011 super output areas - lower layer,298,Age 5 to 7,0.0
6752,2011,E01000923,2011 super output areas - lower layer,298,Age 8 to 9,0.0
6753,2011,E01000923,2011 super output areas - lower layer,298,Age 10 to 14,0.0
6754,2011,E01000923,2011 super output areas - lower layer,298,Age 15,0.0
6755,2011,E01000923,2011 super output areas - lower layer,298,Age 16 to 17,0.0
6756,2011,E01000923,2011 super output areas - lower layer,298,Age 18 to 19,0.0
6757,2011,E01000923,2011 super output areas - lower layer,298,Age 20 to 24,0.0
6758,2011,E01000923,2011 super output areas - lower layer,298,Age 25 to 29,0.0
6759,2011,E01000923,2011 super output areas - lower layer,298,Age 30 to 44,0.0
6760,2011,E01000923,2011 super output areas - lower layer,298,Age 45 to 59,0.0
6761,2011,E01000923,2011 super output areas - lower layer,298,Age 60 to 64,0.0
6762,2011,E01000923,2011 super output areas - lower layer,298,Age 65 to 74,0.0
6763,2011,E01000923,2011 super output areas - lower layer,298,Age 75 to 84,0.0
6764,2011,E01000923,2011 super output areas - lower layer,298,Age 85 to 89,0.0
6765,2011,E01000923,2011 super output areas - lower layer,298,Age 90 and over,0.0
6766,2011,E01000923,2011 super output areas - lower layer,298,Mean Age,
6767,2011,E01000923,2011 super output areas - lower layer,298,Median Age,0.5
6768,2011,E01000923,2011 super output areas - lower layer,298,All usual residents,0.0
6769,2011,E01000923,2011 super output areas - lower layer,298,Age 0 to 4,0.0
6770,2011,E01000923,2011 super output areas - lower layer,298,Age 5 to 7,0.0
6771,2011,E01000923,2011 super output areas - lower layer,298,Age 8 to 9,0.0
6772,2011,E01000923,2011 super output areas - lower layer,298,Age 10 to 14,0.0
6773,2011,E01000923,2011 super output areas - lower layer,298,Age 15,0.0
6774,2011,E01000923,2011 super output areas - lower layer,298,Age 16 to 17,0.0
6775,2011,E01000923,2011 super output areas - lower layer,298,Age 18 to 19,0.0
6776,2011,E01000923,2011 super output areas - lower layer,298,Age 20 to 24,0.0
6777,2011,E01000923,2011 super output areas - lower layer,298,Age 25 to 29,0.0
6778,2011,E01000923,2011 super output areas - lower layer,298,Age 30 to 44,0.0
6779,2011,E01000923,2011 super output areas - lower layer,298,Age 45 to 59,0.0
6780,2011,E01000923,2011 super output areas - lower layer,298,Age 60 to 64,0.0
6781,2011,E01000923,2011 super output areas - lower layer,298,Age 65 to 74,0.0
6782,2011,E01000923,2011 super output areas - lower layer,298,Age 75 to 84,0.0
6783,2011,E01000923,2011 super output areas - lower layer,298,Age 85 to 89,0.0
6784,2011,E01000923,2011 super output areas - lower layer,298,Age 90 and over,0.0
6785,2011,E01000923,2011 super output areas - lower layer,298,Mean Age,
6786,2011,E01000923,2011 super output areas - lower layer,298,Median Age,0.5
6787,2011,E01000923,2011 super output areas - lower layer,298,All usual residents,0.0
6788,2011,E01000923,2011 super output areas - lower layer,298,Age 0 to 4,0.0
6789,2011,E01000923,2011 super output areas - lower layer,298,Age 5 to 7,0.0
6790,2011,E01000923,2011 super output areas - lower layer,298,Age 8 to 9,0.0
6791,2011,E01000923,2011 super output areas - lower layer,298,Age 10 to 14,0.0
6792,2011,E01000923,2011 super output areas - lower layer,298,Age 15,0.0
6793,2011,E01000923,2011 super output areas - lower layer,298,Age 16 to 17,0.0
6794,2011,E01000923,2011 super output areas - lower layer,298,Age 18 to 19,0.0
6795,2011,E01000923,2011 super output areas - lower layer,298,Age 20 to 24,0.0
6796,2011,E01000923,2011 super output areas - lower layer,298,Age 25 to 29,0.0
6797,2011,E01000923,2011 super output areas - lower layer,298,Age 30 to 44,0.0
6798,2011,E01000923,2011 super output areas - lower layer,298,Age 45 to 59,0.0
6799,2011,E01000923,2011 super output areas - lower layer,298,Age 60 to 64,0.0
6800,2011,E01000923,2011 super output areas - lower layer,298,Age 65 to 74,0.0
6801,2011,E01000923,2011 super output areas - lower layer,298,Age 75 to 84,0.0
6802,2011,E01000923,2011 super output areas - lower layer,298,Age 85 to 89,0.0
6803,2011,E01000923,2011 super output areas - lower layer,298,Age 90 and over,0.0
6804,2011,E01000923,2011 super output areas - lower layer,298,Mean Age,
6805,2011,E01000923,2011 super output areas - lower layer,298,Median Age,0.5
6806,2011,E01000923,2011 super output areas - lower layer,298,All usual residents,0.0
6807,2011,E01000923,2011 super output areas - lower layer,298,Age 0 to 4,0.0
6808,2011,E01000923,2011 super output areas - lower layer,298,Age 5 to 7,0.0
6809,2011,E01000923,2011 super output areas - lower layer,298,Age 8 to 9,0.0
6810,2011,E01000923,2011 super output areas - lower layer,298,Age 10 to 14,0.0
6811,2011,E01000923,2011 super output areas - lower layer,298,Age 15,0.0
6812,2011,E01000923,2011 super output areas - lower layer,298,Age 16 to 17,0.0
6813,2011,E01000923,2011 super output areas - lower layer,298,Age 18 to 19,0.0
6814,2011,E01000923,2011 super output areas - lower layer,298,Age 20 to 24,0.0
6815,2011,E01000923,2011 super output areas - lower layer,298,Age 25 to 29,0.0
6816,2011,E01000923,2011 super output areas - lower layer,298,Age 30 to 44,0.0
6817,2011,E01000923,2011 super output areas - lower layer,298,Age 45 to 59,0.0
6818,2011,E01000923,2011 super output areas - lower layer,298,Age 60 to 64,0.0
6819,2011,E01000923,2011 super output areas - lower layer,298,Age 65 to 74,0.0
6820,2011,E01000923,2011 super output areas - lower layer,298,Age 75 to 84,0.0
6821,2011,E01000923,2011 super output areas - lower layer,298,Age 85 to 89,0.0
6822,2011,E01000923,2011 super output areas - lower layer,298,Age 90 and over,0.0
6823,2011,E01000923,2011 super output areas - lower layer,298,Mean Age,
6824,2011,E01000923,2011 super output areas - lower layer,298,Median Age,0.5
6825,2011,E01000923,2011 super output areas - lower layer,298,All usual residents,0.0
6826,2011,E01000923,2011 super output areas - lower layer,298,Age 0 to 4,0.0
6827,2011,E01000923,2011 super output areas - lower layer,298,Age 5 to 7,0.0
6828,2011,E01000923,2011 super output areas - lower layer,298,Age 8 to 9,0.0
6829,2011,E01000923,2011 super output areas - lower layer,298,Age 10 to 14,0.0
6830,2011,E01000923,2011 super output areas - lower layer,298,Age 15,0.0
6831,2011,E01000923,2011 super output areas - lower layer,298,Age 16 to 17,0.0
6832,2011,E01000923,2011 super output areas - lower layer,298,Age 18 to 19,0.0
6833,2011,E01000923,2011 super output areas - lower layer,298,Age 20 to 24,0.0
6834,2011,E01000923,2011 super output areas - lower layer,298,Age 25 to 29,0.0
6835,2011,E01000923,2011 super output areas - lower layer,298,Age 30 to 44,0.0
6836,2011,E01000923,2011 super output areas - lower layer,298,Age 45 to 59,0.0
6837,2011,E01000923,2011 super output areas - lower layer,298,Age 60 to 64,0.0
6838,2011,E01000923,2011 super output areas - lower layer,298,Age 65 to 74,0.0
6839,2011,E01000923,2011 super output areas - lower layer,298,Age 75 to 84,0.0
6840,2011,E01000923,2011 super output areas - lower layer,298,Age 85 to 89,0.0
6841,2011,E01000923,2011 super output areas - lower layer,298,Age 90 and over,0.0
6842,2011,E01000923,2011 super output areas - lower layer,298,Mean Age,
6843,2011,E01000923,2011 super output areas - lower layer,298,Median Age,0.5
6844,2011,E01000923,2011 super output areas - lower layer,298,All usual residents,0.0
6845,2011,E01000923,2011 super output areas - lower layer,298,Age 0 to 4,0.0
6846,2011,E01000923,2011 super output areas - lower layer,298,Age 5 to 7,0.0
6847,2011,E01000923,2011 super output areas - lower layer,298,Age 8 to 9,0.0
6848,2011,E01000923,2011 super output areas - lower layer,298,Age 10 to 14,0.0
6849,2011,E01000923,2011 super output areas - lower layer,298,Age 15,0.0
6850,2011,E01000923,2011 super output areas - lower layer,298,Age 16 to 17,0.0
6851,2011,E01000923,2011 super output areas - lower layer,298,Age 18 to 19,0.0
6852,2011,E01000923,2011 super output areas - lower layer,298,Age 20 to 24,0.0
6853,2011,E01000923,2011 super output areas - lower layer,298,Age 25 to 29,0.0
6854,2011,E01000923,2011 super output areas - lower layer,298,Age 30 to 44,0.0
6855,2011,E01000923,2011 super output areas - lower layer,298,Age 45 to 59,0.0
6856,2011,E01000923,2011 super output areas - lower layer,298,Age 60 to 64,0.0
6857,2011,E01000923,2011 super output areas - lower layer,298,Age 65 to 74,0.0
6858,2011,E01000923,2011 super output areas - lower layer,298,Age 75 to 84,0.0
6859,2011,E01000923,2011 super output areas - lower layer,298,Age 85 to 89,0.0
6860,2011,E01000923,2011 super output areas - lower layer,298,Age 90 and over,0.0
6861,2011,E01000923,2011 super output areas - lower layer,298,Mean Age,
6862,2011,E01000923,2011 super output areas - lower layer,298,Median Age,0.5
6863,2011,E01000923,2011 super output areas - lower layer,298,All usual residents,0.0
6864,2011,E01000923,2011 super output areas - lower layer,298,Age 0 to 4,0.0
6865,2011,E01000923,2011 super output areas - lower layer,298,Age 5 to 7,0.0
6866,2011,E01000923,2011 super output areas - lower layer,298,Age 8 to 9,0.0
6867,2011,E01000923,2011 super output areas - lower layer,298,Age 10 to 14,0.0
6868,2011,E01000923,2011 super output areas - lower layer,298,Age 15,0.0
6869,2011,E01000923,2011 super output areas - lower layer,298,Age 16 to 17,0.0
6870,2011,E01000923,2011 super output areas - lower layer,298,Age 18 to 19,0.0
6871,2011,E01000923,2011 super output areas - lower layer,298,Age 20 to 24,0.0
6872,2011,E01000923,2011 super output areas - lower layer,298,Age 25 to 29,0.0
6873,2011,E01000923,2011 super output areas - lower layer,298,Age 30 to 44,0.0
6874,2011,E01000923,2011 super output areas - lower layer,298,Age 45 to 59,0.0
6875,2011,E01000923,2011 super output areas - lower layer,298,Age 60 to 64,0.0
6876,2011,E01000923,2011 super output areas - lower layer,298,Age 65 to 74,0.0
6877,2011,E01000923,2011 super output areas - lower layer,298,Age 75 to 84,0.0
6878,2011,E01000923,2011 super output areas - lower layer,298,Age 85 to 89,0.0
6879,2011,E01000923,2011 super output areas - lower layer,298,Age 90 and over,0.0
6880,2011,E01000923,2011 super output areas - lower layer,298,Mean Age,
6881,2011,E01000923,2011 super output areas - lower layer,298,Median Age,0.5
6882,2011,E01000923,2011 super output areas - lower layer,298,All usual residents,0.0
6883,2011,E01000923,2011 super output areas - lower layer,298,Age 0 to 4,0.0
6884,2011,E01000923,2011 super output areas - lower layer,298,Age 5 to 7,0.0
6885,2011,E01000923,2011 super output areas - lower layer,298,Age 8 to 9,0.0
6886,2011,E01000923,2011 super output areas - lower layer,298,Age 10 to 14,0.0
6887,2011,E01000923,2011 super output areas - lower layer,298,Age 15,0.0
6888,2011,E01000923,2011 super output areas - lower layer,298,Age 16 to 17,0.0
6889,2011,E01000923,2011 super output areas - lower layer,298,Age 18 to 19,0.0
6890,2011,E01000923,2011 super output areas - lower layer,298,Age 20 to 24,0.0
6891,2011,E01000923,2011 super output areas - lower layer,298,Age 25 to 29,0.0
6892,2011,E01000923,2011 super output areas - lower layer,298,Age 30 to 44,0.0
6893,2011,E01000923,2011 super output areas - lower layer,298,Age 45 to 59,0.0
6894,2011,E01000923,2011 super output areas - lower layer,298,Age 60 to 64,0.0
6895,2011,E01000923,2011 super output areas - lower layer,298,Age 65 to 74,0.0
6896,2011,E01000923,2011 super output areas - lower layer,298,Age 75 to 84,0.0
6897,2011,E01000923,2011 super output areas - lower layer,298,Age 85 to 89,0.0
6898,2011,E01000923,2011 super output areas - lower layer,298,Age 90 and over,0.0
6899,2011,E01000923,2011 super output areas - lower layer,298,Mean Age,
6900,2011,E01000923,2011 super output areas - lower layer,298,Median Age,0.5
6901,2011,E01000923,2011 super output areas - lower layer,298,All usual residents,0.0
6902,2011,E01000923,2011 super output areas - lower layer,298,Age 0 to 4,0.0
6903,2011,E01000923,2011 super output areas - lower layer,298,Age 5 to 7,0.0
6904,2011,E01000923,2011 super output areas - lower layer,298,Age 8 to 9,0.0
6905,2011,E01000923,2011 super output areas - lower layer,298,Age 10 to 14,0.0
6906,2011,E01000923,2011 super output areas - lower layer,298,Age 15,0.0
6907,2011,E01000923,2011 super output areas - lower layer,298,Age 16 to 17,0.0
6908,2011,E01000923,2011 super output areas - lower layer,298,Age 18 to 19,0.0
6909,2011,E01000923,2011 super output areas - lower layer,298,Age 20 to 24,0.0
6910,2011,E01000923,2011 super output areas - lower layer,298,Age 25 to 29,0.0
6911,2011,E01000923,2011 super output areas - lower layer,298,Age 30 to 44,0.0
6912,2011,E01000923,2011 super output areas - lower layer,298,Age 45 to 59,0.0
6913,2011,E01000923,2011 super output areas - lower layer,298,Age 60 to 64,0.0
6914,2011,E01000923,2011 super output areas - lower layer,298,Age 65 to 74,0.0
6915,2011,E01000923,2011 super output areas - lower layer,298,Age 75 to 84,0.0
6916,2011,E01000923,2011 super output areas - lower layer,298,Age 85 to 89,0.0
6917,2011,E01000923,2011 super output areas - lower layer,298,Age 90 and over,0.0
6918,2011,E01000923,2011 super output areas - lower layer,298,Mean Age,
6919,2011,E01000923,2011 super output areas - lower layer,298,Median Age,0.5
6920,2011,E01000928,2011 super output areas - lower layer,298,All usual residents,1681.0
6921,2011,E01000928,2011 super output areas - lower layer,298,Age 0 to 4,105.0
6922,2011,E01000928,2011 super output areas - lower layer,298,Age 5 to 7,53.0
6923,2011,E01000928,2011 super output areas - lower layer,298,Age 8 to 9,35.0
6924,2011,E01000928,2011 super output areas - lower layer,298,Age 10 to 14,98.0
6925,2011,E01000928,2011 super output areas - lower layer,298,Age 15,13.0
6926,2011,E01000928,2011 super output areas - lower layer,298,Age 16 to 17,35.0
6927,2011,E01000928,2011 super output areas - lower layer,298,Age 18 to 19,28.0
6928,2011,E01000928,2011 super output areas - lower layer,298,Age 20 to 24,95.0
6929,2011,E01000928,2011 super output areas - lower layer,298,Age 25 to 29,168.0
6930,2011,E01000928,2011 super output areas - lower layer,298,Age 30 to 44,431.0
6931,2011,E01000928,2011 super output areas - lower layer,298,Age 45 to 59,313.0
6932,2011,E01000928,2011 super output areas - lower layer,298,Age 60 to 64,80.0
6933,2011,E01000928,2011 super output areas - lower layer,298,Age 65 to 74,114.0
6934,2011,E01000928,2011 super output areas - lower layer,298,Age 75 to 84,76.0
6935,2011,E01000928,2011 super output areas - lower layer,298,Age 85 to 89,19.0
6936,2011,E01000928,2011 super output areas - lower layer,298,Age 90 and over,18.0
6937,2011,E01000928,2011 super output areas - lower layer,298,Mean Age,38.0
6938,2011,E01000928,2011 super output areas - lower layer,298,Median Age,36.0
6939,2011,E01000928,2011 super output areas - lower layer,298,All usual residents,0.0
6940,2011,E01000928,2011 super output areas - lower layer,298,Age 0 to 4,0.0
6941,2011,E01000928,2011 super output areas - lower layer,298,Age 5 to 7,0.0
6942,2011,E01000928,2011 super output areas - lower layer,298,Age 8 to 9,0.0
6943,2011,E01000928,2011 super output areas - lower layer,298,Age 10 to 14,0.0
6944,2011,E01000928,2011 super output areas - lower layer,298,Age 15,0.0
6945,2011,E01000928,2011 super output areas - lower layer,298,Age 16 to 17,0.0
6946,2011,E01000928,2011 super output areas - lower layer,298,Age 18 to 19,0.0
6947,2011,E01000928,2011 super output areas - lower layer,298,Age 20 to 24,0.0
6948,2011,E01000928,2011 super output areas - lower layer,298,Age 25 to 29,0.0
6949,2011,E01000928,2011 super output areas - lower layer,298,Age 30 to 44,0.0
6950,2011,E01000928,2011 super output areas - lower layer,298,Age 45 to 59,0.0
6951,2011,E01000928,2011 super output areas - lower layer,298,Age 60 to 64,0.0
6952,2011,E01000928,2011 super output areas - lower layer,298,Age 65 to 74,0.0
6953,2011,E01000928,2011 super output areas - lower layer,298,Age 75 to 84,0.0
6954,2011,E01000928,2011 super output areas - lower layer,298,Age 85 to 89,0.0
6955,2011,E01000928,2011 super output areas - lower layer,298,Age 90 and over,0.0
6956,2011,E01000928,2011 super output areas - lower layer,298,Mean Age,
6957,2011,E01000928,2011 super output areas - lower layer,298,Median Age,0.5
6958,2011,E01000928,2011 super output areas - lower layer,298,All usual residents,0.0
6959,2011,E01000928,2011 super output areas - lower layer,298,Age 0 to 4,0.0
6960,2011,E01000928,2011 super output areas - lower layer,298,Age 5 to 7,0.0
6961,2011,E01000928,2011 super output areas - lower layer,298,Age 8 to 9,0.0
6962,2011,E01000928,2011 super output areas - lower layer,298,Age 10 to 14,0.0
6963,2011,E01000928,2011 super output areas - lower layer,298,Age 15,0.0
6964,2011,E01000928,2011 super output areas - lower layer,298,Age 16 to 17,0.0
6965,2011,E01000928,2011 super output areas - lower layer,298,Age 18 to 19,0.0
6966,2011,E01000928,2011 super output areas - lower layer,298,Age 20 to 24,0.0
6967,2011,E01000928,2011 super output areas - lower layer,298,Age 25 to 29,0.0
6968,2011,E01000928,2011 super output areas - lower layer,298,Age 30 to 44,0.0
6969,2011,E01000928,2011 super output areas - lower layer,298,Age 45 to 59,0.0
6970,2011,E01000928,2011 super output areas - lower layer,298,Age 60 to 64,0.0
6971,2011,E01000928,2011 super output areas - lower layer,298,Age 65 to 74,0.0
6972,2011,E01000928,2011 super output areas - lower layer,298,Age 75 to 84,0.0
6973,2011,E01000928,2011 super output areas - lower layer,298,Age 85 to 89,0.0
6974,2011,E01000928,2011 super output areas - lower layer,298,Age 90 and over,0.0
6975,2011,E01000928,2011 super output areas - lower layer,298,Mean Age,
6976,2011,E01000928,2011 super output areas - lower layer,298,Median Age,0.5
6977,2011,E01000928,2011 super output areas - lower layer,298,All usual residents,0.0
6978,2011,E01000928,2011 super output areas - lower layer,298,Age 0 to 4,0.0
6979,2011,E01000928,2011 super output areas - lower layer,298,Age 5 to 7,0.0
6980,2011,E01000928,2011 super output areas - lower layer,298,Age 8 to 9,0.0
6981,2011,E01000928,2011 super output areas - lower layer,298,Age 10 to 14,0.0
6982,2011,E01000928,2011 super output areas - lower layer,298,Age 15,0.0
6983,2011,E01000928,2011 super output areas - lower layer,298,Age 16 to 17,0.0
6984,2011,E01000928,2011 super output areas - lower layer,298,Age 18 to 19,0.0
6985,2011,E01000928,2011 super output areas - lower layer,298,Age 20 to 24,0.0
6986,2011,E01000928,2011 super output areas - lower layer,298,Age 25 to 29,0.0
6987,2011,E01000928,2011 super output areas - lower layer,298,Age 30 to 44,0.0
6988,2011,E01000928,2011 super output areas - lower layer,298,Age 45 to 59,0.0
6989,2011,E01000928,2011 super output areas - lower layer,298,Age 60 to 64,0.0
6990,2011,E01000928,2011 super output areas - lower layer,298,Age 65 to 74,0.0
6991,2011,E01000928,2011 super output areas - lower layer,298,Age 75 to 84,0.0
6992,2011,E01000928,2011 super output areas - lower layer,298,Age 85 to 89,0.0
6993,2011,E01000928,2011 super output areas - lower layer,298,Age 90 and over,0.0
6994,2011,E01000928,2011 super output areas - lower layer,298,Mean Age,
6995,2011,E01000928,2011 super output areas - lower layer,298,Median Age,0.5
6996,2011,E01000928,2011 super output areas - lower layer,298,All usual residents,0.0
6997,2011,E01000928,2011 super output areas - lower layer,298,Age 0 to 4,0.0
6998,2011,E01000928,2011 super output areas - lower layer,298,Age 5 to 7,0.0
6999,2011,E01000928,2011 super output areas - lower layer,298,Age 8 to 9,0.0
7000,2011,E01000928,2011 super output areas - lower layer,298,Age 10 to 14,0.0
7001,2011,E01000928,2011 super output areas - lower layer,298,Age 15,0.0
7002,2011,E01000928,2011 super output areas - lower layer,298,Age 16 to 17,0.0
7003,2011,E01000928,2011 super output areas - lower layer,298,Age 18 to 19,0.0
7004,2011,E01000928,2011 super output areas - lower layer,298,Age 20 to 24,0.0
7005,2011,E01000928,2011 super output areas - lower layer,298,Age 25 to 29,0.0
7006,2011,E01000928,2011 super output areas - lower layer,298,Age 30 to 44,0.0
7007,2011,E01000928,2011 super output areas - lower layer,298,Age 45 to 59,0.0
7008,2011,E01000928,2011 super output areas - lower layer,298,Age 60 to 64,0.0
7009,2011,E01000928,2011 super output areas - lower layer,298,Age 65 to 74,0.0
7010,2011,E01000928,2011 super output areas - lower layer,298,Age 75 to 84,0.0
7011,2011,E01000928,2011 super output areas - lower layer,298,Age 85 to 89,0.0
7012,2011,E01000928,2011 super output areas - lower layer,298,Age 90 and over,0.0
7013,2011,E01000928,2011 super output areas - lower layer,298,Mean Age,
7014,2011,E01000928,2011 super output areas - lower layer,298,Median Age,0.5
7015,2011,E01000928,2011 super output areas - lower layer,298,All usual residents,0.0
7016,2011,E01000928,2011 super output areas - lower layer,298,Age 0 to 4,0.0
7017,2011,E01000928,2011 super output areas - lower layer,298,Age 5 to 7,0.0
7018,2011,E01000928,2011 super output areas - lower layer,298,Age 8 to 9,0.0
7019,2011,E01000928,2011 super output areas - lower layer,298,Age 10 to 14,0.0
7020,2011,E01000928,2011 super output areas - lower layer,298,Age 15,0.0
7021,2011,E01000928,2011 super output areas - lower layer,298,Age 16 to 17,0.0
7022,2011,E01000928,2011 super output areas - lower layer,298,Age 18 to 19,0.0
7023,2011,E01000928,2011 super output areas - lower layer,298,Age 20 to 24,0.0
7024,2011,E01000928,2011 super output areas - lower layer,298,Age 25 to 29,0.0
7025,2011,E01000928,2011 super output areas - lower layer,298,Age 30 to 44,0.0
7026,2011,E01000928,2011 super output areas - lower layer,298,Age 45 to 59,0.0
7027,2011,E01000928,2011 super output areas - lower layer,298,Age 60 to 64,0.0
7028,2011,E01000928,2011 super output areas - lower layer,298,Age 65 to 74,0.0
7029,2011,E01000928,2011 super output areas - lower layer,298,Age 75 to 84,0.0
7030,2011,E01000928,2011 super output areas - lower layer,298,Age 85 to 89,0.0
7031,2011,E01000928,2011 super output areas - lower layer,298,Age 90 and over,0.0
7032,2011,E01000928,2011 super output areas - lower layer,298,Mean Age,
7033,2011,E01000928,2011 super output areas - lower layer,298,Median Age,0.5
7034,2011,E01000928,2011 super output areas - lower layer,298,All usual residents,0.0
7035,2011,E01000928,2011 super output areas - lower layer,298,Age 0 to 4,0.0
7036,2011,E01000928,2011 super output areas - lower layer,298,Age 5 to 7,0.0
7037,2011,E01000928,2011 super output areas - lower layer,298,Age 8 to 9,0.0
7038,2011,E01000928,2011 super output areas - lower layer,298,Age 10 to 14,0.0
7039,2011,E01000928,2011 super output areas - lower layer,298,Age 15,0.0
7040,2011,E01000928,2011 super output areas - lower layer,298,Age 16 to 17,0.0
7041,2011,E01000928,2011 super output areas - lower layer,298,Age 18 to 19,0.0
7042,2011,E01000928,2011 super output areas - lower layer,298,Age 20 to 24,0.0
7043,2011,E01000928,2011 super output areas - lower layer,298,Age 25 to 29,0.0
7044,2011,E01000928,2011 super output areas - lower layer,298,Age 30 to 44,0.0
7045,2011,E01000928,2011 super output areas - lower layer,298,Age 45 to 59,0.0
7046,2011,E01000928,2011 super output areas - lower layer,298,Age 60 to 64,0.0
7047,2011,E01000928,2011 super output areas - lower layer,298,Age 65 to 74,0.0
7048,2011,E01000928,2011 super output areas - lower layer,298,Age 75 to 84,0.0
7049,2011,E01000928,2011 super output areas - lower layer,298,Age 85 to 89,0.0
7050,2011,E01000928,2011 super output areas - lower layer,298,Age 90 and over,0.0
7051,2011,E01000928,2011 super output areas - lower layer,298,Mean Age,
7052,2011,E01000928,2011 super output areas - lower layer,298,Median Age,0.5
7053,2011,E01000928,2011 super output areas - lower layer,298,All usual residents,0.0
7054,2011,E01000928,2011 super output areas - lower layer,298,Age 0 to 4,0.0
7055,2011,E01000928,2011 super output areas - lower layer,298,Age 5 to 7,0.0
7056,2011,E01000928,2011 super output areas - lower layer,298,Age 8 to 9,0.0
7057,2011,E01000928,2011 super output areas - lower layer,298,Age 10 to 14,0.0
7058,2011,E01000928,2011 super output areas - lower layer,298,Age 15,0.0
7059,2011,E01000928,2011 super output areas - lower layer,298,Age 16 to 17,0.0
7060,2011,E01000928,2011 super output areas - lower layer,298,Age 18 to 19,0.0
7061,2011,E01000928,2011 super output areas - lower layer,298,Age 20 to 24,0.0
7062,2011,E01000928,2011 super output areas - lower layer,298,Age 25 to 29,0.0
7063,2011,E01000928,2011 super output areas - lower layer,298,Age 30 to 44,0.0
7064,2011,E01000928,2011 super output areas - lower layer,298,Age 45 to 59,0.0
7065,2011,E01000928,2011 super output areas - lower layer,298,Age 60 to 64,0.0
7066,2011,E01000928,2011 super output areas - lower layer,298,Age 65 to 74,0.0
7067,2011,E01000928,2011 super output areas - lower layer,298,Age 75 to 84,0.0
7068,2011,E01000928,2011 super output areas - lower layer,298,Age 85 to 89,0.0
7069,2011,E01000928,2011 super output areas - lower layer,298,Age 90 and over,0.0
7070,2011,E01000928,2011 super output areas - lower layer,298,Mean Age,
7071,2011,E01000928,2011 super output areas - lower layer,298,Median Age,0.5
7072,2011,E01000928,2011 super output areas - lower layer,298,All usual residents,0.0
7073,2011,E01000928,2011 super output areas - lower layer,298,Age 0 to 4,0.0
7074,2011,E01000928,2011 super output areas - lower layer,298,Age 5 to 7,0.0
7075,2011,E01000928,2011 super output areas - lower layer,298,Age 8 to 9,0.0
7076,2011,E01000928,2011 super output areas - lower layer,298,Age 10 to 14,0.0
7077,2011,E01000928,2011 super output areas - lower layer,298,Age 15,0.0
7078,2011,E01000928,2011 super output areas - lower layer,298,Age 16 to 17,0.0
7079,2011,E01000928,2011 super output areas - lower layer,298,Age 18 to 19,0.0
7080,2011,E01000928,2011 super output areas - lower layer,298,Age 20 to 24,0.0
7081,2011,E01000928,2011 super output areas - lower layer,298,Age 25 to 29,0.0
7082,2011,E01000928,2011 super output areas - lower layer,298,Age 30 to 44,0.0
7083,2011,E01000928,2011 super output areas - lower layer,298,Age 45 to 59,0.0
7084,2011,E01000928,2011 super output areas - lower layer,298,Age 60 to 64,0.0
7085,2011,E01000928,2011 super output areas - lower layer,298,Age 65 to 74,0.0
7086,2011,E01000928,2011 super output areas - lower layer,298,Age 75 to 84,0.0
7087,2011,E01000928,2011 super output areas - lower layer,298,Age 85 to 89,0.0
7088,2011,E01000928,2011 super output areas - lower layer,298,Age 90 and over,0.0
7089,2011,E01000928,2011 super output areas - lower layer,298,Mean Age,
7090,2011,E01000928,2011 super output areas - lower layer,298,Median Age,0.5
7091,2011,E01000928,2011 super output areas - lower layer,298,All usual residents,0.0
7092,2011,E01000928,2011 super output areas - lower layer,298,Age 0 to 4,0.0
7093,2011,E01000928,2011 super output areas - lower layer,298,Age 5 to 7,0.0
7094,2011,E01000928,2011 super output areas - lower layer,298,Age 8 to 9,0.0
7095,2011,E01000928,2011 super output areas - lower layer,298,Age 10 to 14,0.0
7096,2011,E01000928,2011 super output areas - lower layer,298,Age 15,0.0
7097,2011,E01000928,2011 super output areas - lower layer,298,Age 16 to 17,0.0
7098,2011,E01000928,2011 super output areas - lower layer,298,Age 18 to 19,0.0
7099,2011,E01000928,2011 super output areas - lower layer,298,Age 20 to 24,0.0
7100,2011,E01000928,2011 super output areas - lower layer,298,Age 25 to 29,0.0
7101,2011,E01000928,2011 super output areas - lower layer,298,Age 30 to 44,0.0
7102,2011,E01000928,2011 super output areas - lower layer,298,Age 45 to 59,0.0
7103,2011,E01000928,2011 super output areas - lower layer,298,Age 60 to 64,0.0
7104,2011,E01000928,2011 super output areas - lower layer,298,Age 65 to 74,0.0
7105,2011,E01000928,2011 super output areas - lower layer,298,Age 75 to 84,0.0
7106,2011,E01000928,2011 super output areas - lower layer,298,Age 85 to 89,0.0
7107,2011,E01000928,2011 super output areas - lower layer,298,Age 90 and over,0.0
7108,2011,E01000928,2011 super output areas - lower layer,298,Mean Age,
7109,2011,E01000928,2011 super output areas - lower layer,298,Median Age,0.5
7110,2011,E01000928,2011 super output areas - lower layer,298,All usual residents,0.0
7111,2011,E01000928,2011 super output areas - lower layer,298,Age 0 to 4,0.0
7112,2011,E01000928,2011 super output areas - lower layer,298,Age 5 to 7,0.0
7113,2011,E01000928,2011 super output areas - lower layer,298,Age 8 to 9,0.0
7114,2011,E01000928,2011 super output areas - lower layer,298,Age 10 to 14,0.0
7115,2011,E01000928,2011 super output areas - lower layer,298,Age 15,0.0
7116,2011,E01000928,2011 super output areas - lower layer,298,Age 16 to 17,0.0
7117,2011,E01000928,2011 super output areas - lower layer,298,Age 18 to 19,0.0
7118,2011,E01000928,2011 super output areas - lower layer,298,Age 20 to 24,0.0
7119,2011,E01000928,2011 super output areas - lower layer,298,Age 25 to 29,0.0
7120,2011,E01000928,2011 super output areas - lower layer,298,Age 30 to 44,0.0
7121,2011,E01000928,2011 super output areas - lower layer,298,Age 45 to 59,0.0
7122,2011,E01000928,2011 super output areas - lower layer,298,Age 60 to 64,0.0
7123,2011,E01000928,2011 super output areas - lower layer,298,Age 65 to 74,0.0
7124,2011,E01000928,2011 super output areas - lower layer,298,Age 75 to 84,0.0
7125,2011,E01000928,2011 super output areas - lower layer,298,Age 85 to 89,0.0
7126,2011,E01000928,2011 super output areas - lower layer,298,Age 90 and over,0.0
7127,2011,E01000928,2011 super output areas - lower layer,298,Mean Age,
7128,2011,E01000928,2011 super output areas - lower layer,298,Median Age,0.5
7129,2011,E01000928,2011 super output areas - lower layer,298,All usual residents,0.0
7130,2011,E01000928,2011 super output areas - lower layer,298,Age 0 to 4,0.0
7131,2011,E01000928,2011 super output areas - lower layer,298,Age 5 to 7,0.0
7132,2011,E01000928,2011 super output areas - lower layer,298,Age 8 to 9,0.0
7133,2011,E01000928,2011 super output areas - lower layer,298,Age 10 to 14,0.0
7134,2011,E01000928,2011 super output areas - lower layer,298,Age 15,0.0
7135,2011,E01000928,2011 super output areas - lower layer,298,Age 16 to 17,0.0
7136,2011,E01000928,2011 super output areas - lower layer,298,Age 18 to 19,0.0
7137,2011,E01000928,2011 super output areas - lower layer,298,Age 20 to 24,0.0
7138,2011,E01000928,2011 super output areas - lower layer,298,Age 25 to 29,0.0
7139,2011,E01000928,2011 super output areas - lower layer,298,Age 30 to 44,0.0
7140,2011,E01000928,2011 super output areas - lower layer,298,Age 45 to 59,0.0
7141,2011,E01000928,2011 super output areas - lower layer,298,Age 60 to 64,0.0
7142,2011,E01000928,2011 super output areas - lower layer,298,Age 65 to 74,0.0
7143,2011,E01000928,2011 super output areas - lower layer,298,Age 75 to 84,0.0
7144,2011,E01000928,2011 super output areas - lower layer,298,Age 85 to 89,0.0
7145,2011,E01000928,2011 super output areas - lower layer,298,Age 90 and over,0.0
7146,2011,E01000928,2011 super output areas - lower layer,298,Mean Age,
7147,2011,E01000928,2011 super output areas - lower layer,298,Median Age,0.5
7148,2011,E01000928,2011 super output areas - lower layer,298,All usual residents,0.0
7149,2011,E01000928,2011 super output areas - lower layer,298,Age 0 to 4,0.0
7150,2011,E01000928,2011 super output areas - lower layer,298,Age 5 to 7,0.0
7151,2011,E01000928,2011 super output areas - lower layer,298,Age 8 to 9,0.0
7152,2011,E01000928,2011 super output areas - lower layer,298,Age 10 to 14,0.0
7153,2011,E01000928,2011 super output areas - lower layer,298,Age 15,0.0
7154,2011,E01000928,2011 super output areas - lower layer,298,Age 16 to 17,0.0
7155,2011,E01000928,2011 super output areas - lower layer,298,Age 18 to 19,0.0
7156,2011,E01000928,2011 super output areas - lower layer,298,Age 20 to 24,0.0
7157,2011,E01000928,2011 super output areas - lower layer,298,Age 25 to 29,0.0
7158,2011,E01000928,2011 super output areas - lower layer,298,Age 30 to 44,0.0
7159,2011,E01000928,2011 super output areas - lower layer,298,Age 45 to 59,0.0
7160,2011,E01000928,2011 super output areas - lower layer,298,Age 60 to 64,0.0
7161,2011,E01000928,2011 super output areas - lower layer,298,Age 65 to 74,0.0
7162,2011,E01000928,2011 super output areas - lower layer,298,Age 75 to 84,0.0
7163,2011,E01000928,2011 super output areas - lower layer,298,Age 85 to 89,0.0
7164,2011,E01000928,2011 super output areas - lower layer,298,Age 90 and over,0.0
7165,2011,E01000928,2011 super output areas - lower layer,298,Mean Age,
7166,2011,E01000928,2011 super output areas - lower layer,298,Median Age,0.5
7167,2011,E01000878,2011 super output areas - lower layer,298,All usual residents,1624.0
7168,2011,E01000878,2011 super output areas - lower layer,298,Age 0 to 4,82.0
7169,2011,E01000878,2011 super output areas - lower layer,298,Age 5 to 7,31.0
7170,2011,E01000878,2011 super output areas - lower layer,298,Age 8 to 9,19.0
7171,2011,E01000878,2011 super output areas - lower layer,298,Age 10 to 14,46.0
7172,2011,E01000878,2011 super output areas - lower layer,298,Age 15,14.0
7173,2011,E01000878,2011 super output areas - lower layer,298,Age 16 to 17,22.0
7174,2011,E01000878,2011 super output areas - lower layer,298,Age 18 to 19,212.0
7175,2011,E01000878,2011 super output areas - lower layer,298,Age 20 to 24,194.0
7176,2011,E01000878,2011 super output areas - lower layer,298,Age 25 to 29,150.0
7177,2011,E01000878,2011 super output areas - lower layer,298,Age 30 to 44,348.0
7178,2011,E01000878,2011 super output areas - lower layer,298,Age 45 to 59,177.0
7179,2011,E01000878,2011 super output areas - lower layer,298,Age 60 to 64,82.0
7180,2011,E01000878,2011 super output areas - lower layer,298,Age 65 to 74,104.0
7181,2011,E01000878,2011 super output areas - lower layer,298,Age 75 to 84,93.0
7182,2011,E01000878,2011 super output areas - lower layer,298,Age 85 to 89,33.0
7183,2011,E01000878,2011 super output areas - lower layer,298,Age 90 and over,17.0
7184,2011,E01000878,2011 super output areas - lower layer,298,Mean Age,36.8
7185,2011,E01000878,2011 super output areas - lower layer,298,Median Age,31.0
7186,2011,E01000878,2011 super output areas - lower layer,298,All usual residents,0.0
7187,2011,E01000878,2011 super output areas - lower layer,298,Age 0 to 4,0.0
7188,2011,E01000878,2011 super output areas - lower layer,298,Age 5 to 7,0.0
7189,2011,E01000878,2011 super output areas - lower layer,298,Age 8 to 9,0.0
7190,2011,E01000878,2011 super output areas - lower layer,298,Age 10 to 14,0.0
7191,2011,E01000878,2011 super output areas - lower layer,298,Age 15,0.0
7192,2011,E01000878,2011 super output areas - lower layer,298,Age 16 to 17,0.0
7193,2011,E01000878,2011 super output areas - lower layer,298,Age 18 to 19,0.0
7194,2011,E01000878,2011 super output areas - lower layer,298,Age 20 to 24,0.0
7195,2011,E01000878,2011 super output areas - lower layer,298,Age 25 to 29,0.0
7196,2011,E01000878,2011 super output areas - lower layer,298,Age 30 to 44,0.0
7197,2011,E01000878,2011 super output areas - lower layer,298,Age 45 to 59,0.0
7198,2011,E01000878,2011 super output areas - lower layer,298,Age 60 to 64,0.0
7199,2011,E01000878,2011 super output areas - lower layer,298,Age 65 to 74,0.0
7200,2011,E01000878,2011 super output areas - lower layer,298,Age 75 to 84,0.0
7201,2011,E01000878,2011 super output areas - lower layer,298,Age 85 to 89,0.0
7202,2011,E01000878,2011 super output areas - lower layer,298,Age 90 and over,0.0
7203,2011,E01000878,2011 super output areas - lower layer,298,Mean Age,
7204,2011,E01000878,2011 super output areas - lower layer,298,Median Age,0.5
7205,2011,E01000878,2011 super output areas - lower layer,298,All usual residents,0.0
7206,2011,E01000878,2011 super output areas - lower layer,298,Age 0 to 4,0.0
7207,2011,E01000878,2011 super output areas - lower layer,298,Age 5 to 7,0.0
7208,2011,E01000878,2011 super output areas - lower layer,298,Age 8 to 9,0.0
7209,2011,E01000878,2011 super output areas - lower layer,298,Age 10 to 14,0.0
7210,2011,E01000878,2011 super output areas - lower layer,298,Age 15,0.0
7211,2011,E01000878,2011 super output areas - lower layer,298,Age 16 to 17,0.0
7212,2011,E01000878,2011 super output areas - lower layer,298,Age 18 to 19,0.0
7213,2011,E01000878,2011 super output areas - lower layer,298,Age 20 to 24,0.0
7214,2011,E01000878,2011 super output areas - lower layer,298,Age 25 to 29,0.0
7215,2011,E01000878,2011 super output areas - lower layer,298,Age 30 to 44,0.0
7216,2011,E01000878,2011 super output areas - lower layer,298,Age 45 to 59,0.0
7217,2011,E01000878,2011 super output areas - lower layer,298,Age 60 to 64,0.0
7218,2011,E01000878,2011 super output areas - lower layer,298,Age 65 to 74,0.0
7219,2011,E01000878,2011 super output areas - lower layer,298,Age 75 to 84,0.0
7220,2011,E01000878,2011 super output areas - lower layer,298,Age 85 to 89,0.0
7221,2011,E01000878,2011 super output areas - lower layer,298,Age 90 and over,0.0
7222,2011,E01000878,2011 super output areas - lower layer,298,Mean Age,
7223,2011,E01000878,2011 super output areas - lower layer,298,Median Age,0.5
7224,2011,E01000878,2011 super output areas - lower layer,298,All usual residents,0.0
7225,2011,E01000878,2011 super output areas - lower layer,298,Age 0 to 4,0.0
7226,2011,E01000878,2011 super output areas - lower layer,298,Age 5 to 7,0.0
7227,2011,E01000878,2011 super output areas - lower layer,298,Age 8 to 9,0.0
7228,2011,E01000878,2011 super output areas - lower layer,298,Age 10 to 14,0.0
7229,2011,E01000878,2011 super output areas - lower layer,298,Age 15,0.0
7230,2011,E01000878,2011 super output areas - lower layer,298,Age 16 to 17,0.0
7231,2011,E01000878,2011 super output areas - lower layer,298,Age 18 to 19,0.0
7232,2011,E01000878,2011 super output areas - lower layer,298,Age 20 to 24,0.0
7233,2011,E01000878,2011 super output areas - lower layer,298,Age 25 to 29,0.0
7234,2011,E01000878,2011 super output areas - lower layer,298,Age 30 to 44,0.0
7235,2011,E01000878,2011 super output areas - lower layer,298,Age 45 to 59,0.0
7236,2011,E01000878,2011 super output areas - lower layer,298,Age 60 to 64,0.0
7237,2011,E01000878,2011 super output areas - lower layer,298,Age 65 to 74,0.0
7238,2011,E01000878,2011 super output areas - lower layer,298,Age 75 to 84,0.0
7239,2011,E01000878,2011 super output areas - lower layer,298,Age 85 to 89,0.0
7240,2011,E01000878,2011 super output areas - lower layer,298,Age 90 and over,0.0
7241,2011,E01000878,2011 super output areas - lower layer,298,Mean Age,
7242,2011,E01000878,2011 super output areas - lower layer,298,Median Age,0.5
7243,2011,E01000878,2011 super output areas - lower layer,298,All usual residents,0.0
7244,2011,E01000878,2011 super output areas - lower layer,298,Age 0 to 4,0.0
7245,2011,E01000878,2011 super output areas - lower layer,298,Age 5 to 7,0.0
7246,2011,E01000878,2011 super output areas - lower layer,298,Age 8 to 9,0.0
7247,2011,E01000878,2011 super output areas - lower layer,298,Age 10 to 14,0.0
7248,2011,E01000878,2011 super output areas - lower layer,298,Age 15,0.0
7249,2011,E01000878,2011 super output areas - lower layer,298,Age 16 to 17,0.0
7250,2011,E01000878,2011 super output areas - lower layer,298,Age 18 to 19,0.0
7251,2011,E01000878,2011 super output areas - lower layer,298,Age 20 to 24,0.0
7252,2011,E01000878,2011 super output areas - lower layer,298,Age 25 to 29,0.0
7253,2011,E01000878,2011 super output areas - lower layer,298,Age 30 to 44,0.0
7254,2011,E01000878,2011 super output areas - lower layer,298,Age 45 to 59,0.0
7255,2011,E01000878,2011 super output areas - lower layer,298,Age 60 to 64,0.0
7256,2011,E01000878,2011 super output areas - lower layer,298,Age 65 to 74,0.0
7257,2011,E01000878,2011 super output areas - lower layer,298,Age 75 to 84,0.0
7258,2011,E01000878,2011 super output areas - lower layer,298,Age 85 to 89,0.0
7259,2011,E01000878,2011 super output areas - lower layer,298,Age 90 and over,0.0
7260,2011,E01000878,2011 super output areas - lower layer,298,Mean Age,
7261,2011,E01000878,2011 super output areas - lower layer,298,Median Age,0.5
7262,2011,E01000878,2011 super output areas - lower layer,298,All usual residents,0.0
7263,2011,E01000878,2011 super output areas - lower layer,298,Age 0 to 4,0.0
7264,2011,E01000878,2011 super output areas - lower layer,298,Age 5 to 7,0.0
7265,2011,E01000878,2011 super output areas - lower layer,298,Age 8 to 9,0.0
7266,2011,E01000878,2011 super output areas - lower layer,298,Age 10 to 14,0.0
7267,2011,E01000878,2011 super output areas - lower layer,298,Age 15,0.0
7268,2011,E01000878,2011 super output areas - lower layer,298,Age 16 to 17,0.0
7269,2011,E01000878,2011 super output areas - lower layer,298,Age 18 to 19,0.0
7270,2011,E01000878,2011 super output areas - lower layer,298,Age 20 to 24,0.0
7271,2011,E01000878,2011 super output areas - lower layer,298,Age 25 to 29,0.0
7272,2011,E01000878,2011 super output areas - lower layer,298,Age 30 to 44,0.0
7273,2011,E01000878,2011 super output areas - lower layer,298,Age 45 to 59,0.0
7274,2011,E01000878,2011 super output areas - lower layer,298,Age 60 to 64,0.0
7275,2011,E01000878,2011 super output areas - lower layer,298,Age 65 to 74,0.0
7276,2011,E01000878,2011 super output areas - lower layer,298,Age 75 to 84,0.0
7277,2011,E01000878,2011 super output areas - lower layer,298,Age 85 to 89,0.0
7278,2011,E01000878,2011 super output areas - lower layer,298,Age 90 and over,0.0
7279,2011,E01000878,2011 super output areas - lower layer,298,Mean Age,
7280,2011,E01000878,2011 super output areas - lower layer,298,Median Age,0.5
7281,2011,E01000878,2011 super output areas - lower layer,298,All usual residents,0.0
7282,2011,E01000878,2011 super output areas - lower layer,298,Age 0 to 4,0.0
7283,2011,E01000878,2011 super output areas - lower layer,298,Age 5 to 7,0.0
7284,2011,E01000878,2011 super output areas - lower layer,298,Age 8 to 9,0.0
7285,2011,E01000878,2011 super output areas - lower layer,298,Age 10 to 14,0.0
7286,2011,E01000878,2011 super output areas - lower layer,298,Age 15,0.0
7287,2011,E01000878,2011 super output areas - lower layer,298,Age 16 to 17,0.0
7288,2011,E01000878,2011 super output areas - lower layer,298,Age 18 to 19,0.0
7289,2011,E01000878,2011 super output areas - lower layer,298,Age 20 to 24,0.0
7290,2011,E01000878,2011 super output areas - lower layer,298,Age 25 to 29,0.0
7291,2011,E01000878,2011 super output areas - lower layer,298,Age 30 to 44,0.0
7292,2011,E01000878,2011 super output areas - lower layer,298,Age 45 to 59,0.0
7293,2011,E01000878,2011 super output areas - lower layer,298,Age 60 to 64,0.0
7294,2011,E01000878,2011 super output areas - lower layer,298,Age 65 to 74,0.0
7295,2011,E01000878,2011 super output areas - lower layer,298,Age 75 to 84,0.0
7296,2011,E01000878,2011 super output areas - lower layer,298,Age 85 to 89,0.0
7297,2011,E01000878,2011 super output areas - lower layer,298,Age 90 and over,0.0
7298,2011,E01000878,2011 super output areas - lower layer,298,Mean Age,
7299,2011,E01000878,2011 super output areas - lower layer,298,Median Age,0.5
7300,2011,E01000878,2011 super output areas - lower layer,298,All usual residents,0.0
7301,2011,E01000878,2011 super output areas - lower layer,298,Age 0 to 4,0.0
7302,2011,E01000878,2011 super output areas - lower layer,298,Age 5 to 7,0.0
7303,2011,E01000878,2011 super output areas - lower layer,298,Age 8 to 9,0.0
7304,2011,E01000878,2011 super output areas - lower layer,298,Age 10 to 14,0.0
7305,2011,E01000878,2011 super output areas - lower layer,298,Age 15,0.0
7306,2011,E01000878,2011 super output areas - lower layer,298,Age 16 to 17,0.0
7307,2011,E01000878,2011 super output areas - lower layer,298,Age 18 to 19,0.0
7308,2011,E01000878,2011 super output areas - lower layer,298,Age 20 to 24,0.0
7309,2011,E01000878,2011 super output areas - lower layer,298,Age 25 to 29,0.0
7310,2011,E01000878,2011 super output areas - lower layer,298,Age 30 to 44,0.0
7311,2011,E01000878,2011 super output areas - lower layer,298,Age 45 to 59,0.0
7312,2011,E01000878,2011 super output areas - lower layer,298,Age 60 to 64,0.0
7313,2011,E01000878,2011 super output areas - lower layer,298,Age 65 to 74,0.0
7314,2011,E01000878,2011 super output areas - lower layer,298,Age 75 to 84,0.0
7315,2011,E01000878,2011 super output areas - lower layer,298,Age 85 to 89,0.0
7316,2011,E01000878,2011 super output areas - lower layer,298,Age 90 and over,0.0
7317,2011,E01000878,2011 super output areas - lower layer,298,Mean Age,
7318,2011,E01000878,2011 super output areas - lower layer,298,Median Age,0.5
7319,2011,E01000878,2011 super output areas - lower layer,298,All usual residents,0.0
7320,2011,E01000878,2011 super output areas - lower layer,298,Age 0 to 4,0.0
7321,2011,E01000878,2011 super output areas - lower layer,298,Age 5 to 7,0.0
7322,2011,E01000878,2011 super output areas - lower layer,298,Age 8 to 9,0.0
7323,2011,E01000878,2011 super output areas - lower layer,298,Age 10 to 14,0.0
7324,2011,E01000878,2011 super output areas - lower layer,298,Age 15,0.0
7325,2011,E01000878,2011 super output areas - lower layer,298,Age 16 to 17,0.0
7326,2011,E01000878,2011 super output areas - lower layer,298,Age 18 to 19,0.0
7327,2011,E01000878,2011 super output areas - lower layer,298,Age 20 to 24,0.0
7328,2011,E01000878,2011 super output areas - lower layer,298,Age 25 to 29,0.0
7329,2011,E01000878,2011 super output areas - lower layer,298,Age 30 to 44,0.0
7330,2011,E01000878,2011 super output areas - lower layer,298,Age 45 to 59,0.0
7331,2011,E01000878,2011 super output areas - lower layer,298,Age 60 to 64,0.0
7332,2011,E01000878,2011 super output areas - lower layer,298,Age 65 to 74,0.0
7333,2011,E01000878,2011 super output areas - lower layer,298,Age 75 to 84,0.0
7334,2011,E01000878,2011 super output areas - lower layer,298,Age 85 to 89,0.0
7335,2011,E01000878,2011 super output areas - lower layer,298,Age 90 and over,0.0
7336,2011,E01000878,2011 super output areas - lower layer,298,Mean Age,
7337,2011,E01000878,2011 super output areas - lower layer,298,Median Age,0.5
7338,2011,E01000878,2011 super output areas - lower layer,298,All usual residents,0.0
7339,2011,E01000878,2011 super output areas - lower layer,298,Age 0 to 4,0.0
7340,2011,E01000878,2011 super output areas - lower layer,298,Age 5 to 7,0.0
7341,2011,E01000878,2011 super output areas - lower layer,298,Age 8 to 9,0.0
7342,2011,E01000878,2011 super output areas - lower layer,298,Age 10 to 14,0.0
7343,2011,E01000878,2011 super output areas - lower layer,298,Age 15,0.0
7344,2011,E01000878,2011 super output areas - lower layer,298,Age 16 to 17,0.0
7345,2011,E01000878,2011 super output areas - lower layer,298,Age 18 to 19,0.0
7346,2011,E01000878,2011 super output areas - lower layer,298,Age 20 to 24,0.0
7347,2011,E01000878,2011 super output areas - lower layer,298,Age 25 to 29,0.0
7348,2011,E01000878,2011 super output areas - lower layer,298,Age 30 to 44,0.0
7349,2011,E01000878,2011 super output areas - lower layer,298,Age 45 to 59,0.0
7350,2011,E01000878,2011 super output areas - lower layer,298,Age 60 to 64,0.0
7351,2011,E01000878,2011 super output areas - lower layer,298,Age 65 to 74,0.0
7352,2011,E01000878,2011 super output areas - lower layer,298,Age 75 to 84,0.0
7353,2011,E01000878,2011 super output areas - lower layer,298,Age 85 to 89,0.0
7354,2011,E01000878,2011 super output areas - lower layer,298,Age 90 and over,0.0
7355,2011,E01000878,2011 super output areas - lower layer,298,Mean Age,
7356,2011,E01000878,2011 super output areas - lower layer,298,Median Age,0.5
7357,2011,E01000878,2011 super output areas - lower layer,298,All usual residents,0.0
7358,2011,E01000878,2011 super output areas - lower layer,298,Age 0 to 4,0.0
7359,2011,E01000878,2011 super output areas - lower layer,298,Age 5 to 7,0.0
7360,2011,E01000878,2011 super output areas - lower layer,298,Age 8 to 9,0.0
7361,2011,E01000878,2011 super output areas - lower layer,298,Age 10 to 14,0.0
7362,2011,E01000878,2011 super output areas - lower layer,298,Age 15,0.0
7363,2011,E01000878,2011 super output areas - lower layer,298,Age 16 to 17,0.0
7364,2011,E01000878,2011 super output areas - lower layer,298,Age 18 to 19,0.0
7365,2011,E01000878,2011 super output areas - lower layer,298,Age 20 to 24,0.0
7366,2011,E01000878,2011 super output areas - lower layer,298,Age 25 to 29,0.0
7367,2011,E01000878,2011 super output areas - lower layer,298,Age 30 to 44,0.0
7368,2011,E01000878,2011 super output areas - lower layer,298,Age 45 to 59,0.0
7369,2011,E01000878,2011 super output areas - lower layer,298,Age 60 to 64,0.0
7370,2011,E01000878,2011 super output areas - lower layer,298,Age 65 to 74,0.0
7371,2011,E01000878,2011 super output areas - lower layer,298,Age 75 to 84,0.0
7372,2011,E01000878,2011 super output areas - lower layer,298,Age 85 to 89,0.0
7373,2011,E01000878,2011 super output areas - lower layer,298,Age 90 and over,0.0
7374,2011,E01000878,2011 super output areas - lower layer,298,Mean Age,
7375,2011,E01000878,2011 super output areas - lower layer,298,Median Age,0.5
7376,2011,E01000878,2011 super output areas - lower layer,298,All usual residents,0.0
7377,2011,E01000878,2011 super output areas - lower layer,298,Age 0 to 4,0.0
7378,2011,E01000878,2011 super output areas - lower layer,298,Age 5 to 7,0.0
7379,2011,E01000878,2011 super output areas - lower layer,298,Age 8 to 9,0.0
7380,2011,E01000878,2011 super output areas - lower layer,298,Age 10 to 14,0.0
7381,2011,E01000878,2011 super output areas - lower layer,298,Age 15,0.0
7382,2011,E01000878,2011 super output areas - lower layer,298,Age 16 to 17,0.0
7383,2011,E01000878,2011 super output areas - lower layer,298,Age 18 to 19,0.0
7384,2011,E01000878,2011 super output areas - lower layer,298,Age 20 to 24,0.0
7385,2011,E01000878,2011 super output areas - lower layer,298,Age 25 to 29,0.0
7386,2011,E01000878,2011 super output areas - lower layer,298,Age 30 to 44,0.0
7387,2011,E01000878,2011 super output areas - lower layer,298,Age 45 to 59,0.0
7388,2011,E01000878,2011 super output areas - lower layer,298,Age 60 to 64,0.0
7389,2011,E01000878,2011 super output areas - lower layer,298,Age 65 to 74,0.0
7390,2011,E01000878,2011 super output areas - lower layer,298,Age 75 to 84,0.0
7391,2011,E01000878,2011 super output areas - lower layer,298,Age 85 to 89,0.0
7392,2011,E01000878,2011 super output areas - lower layer,298,Age 90 and over,0.0
7393,2011,E01000878,2011 super output areas - lower layer,298,Mean Age,
7394,2011,E01000878,2011 super output areas - lower layer,298,Median Age,0.5
7395,2011,E01000878,2011 super output areas - lower layer,298,All usual residents,0.0
7396,2011,E01000878,2011 super output areas - lower layer,298,Age 0 to 4,0.0
7397,2011,E01000878,2011 super output areas - lower layer,298,Age 5 to 7,0.0
7398,2011,E01000878,2011 super output areas - lower layer,298,Age 8 to 9,0.0
7399,2011,E01000878,2011 super output areas - lower layer,298,Age 10 to 14,0.0
7400,2011,E01000878,2011 super output areas - lower layer,298,Age 15,0.0
7401,2011,E01000878,2011 super output areas - lower layer,298,Age 16 to 17,0.0
7402,2011,E01000878,2011 super output areas - lower layer,298,Age 18 to 19,0.0
7403,2011,E01000878,2011 super output areas - lower layer,298,Age 20 to 24,0.0
7404,2011,E01000878,2011 super output areas - lower layer,298,Age 25 to 29,0.0
7405,2011,E01000878,2011 super output areas - lower layer,298,Age 30 to 44,0.0
7406,2011,E01000878,2011 super output areas - lower layer,298,Age 45 to 59,0.0
7407,2011,E01000878,2011 super output areas - lower layer,298,Age 60 to 64,0.0
7408,2011,E01000878,2011 super output areas - lower layer,298,Age 65 to 74,0.0
7409,2011,E01000878,2011 super output areas - lower layer,298,Age 75 to 84,0.0
7410,2011,E01000878,2011 super output areas - lower layer,298,Age 85 to 89,0.0
7411,2011,E01000878,2011 super output areas - lower layer,298,Age 90 and over,0.0
7412,2011,E01000878,2011 super output areas - lower layer,298,Mean Age,
7413,2011,E01000878,2011 super output areas - lower layer,298,Median Age,0.5
7414,2011,E01000879,2011 super output areas - lower layer,298,All usual residents,1458.0
7415,2011,E01000879,2011 super output areas - lower layer,298,Age 0 to 4,105.0
7416,2011,E01000879,2011 super output areas - lower layer,298,Age 5 to 7,55.0
7417,2011,E01000879,2011 super output areas - lower layer,298,Age 8 to 9,22.0
7418,2011,E01000879,2011 super output areas - lower layer,298,Age 10 to 14,47.0
7419,2011,E01000879,2011 super output areas - lower layer,298,Age 15,9.0
7420,2011,E01000879,2011 super output areas - lower layer,298,Age 16 to 17,25.0
7421,2011,E01000879,2011 super output areas - lower layer,298,Age 18 to 19,81.0
7422,2011,E01000879,2011 super output areas - lower layer,298,Age 20 to 24,124.0
7423,2011,E01000879,2011 super output areas - lower layer,298,Age 25 to 29,104.0
7424,2011,E01000879,2011 super output areas - lower layer,298,Age 30 to 44,381.0
7425,2011,E01000879,2011 super output areas - lower layer,298,Age 45 to 59,236.0
7426,2011,E01000879,2011 super output areas - lower layer,298,Age 60 to 64,63.0
7427,2011,E01000879,2011 super output areas - lower layer,298,Age 65 to 74,105.0
7428,2011,E01000879,2011 super output areas - lower layer,298,Age 75 to 84,78.0
7429,2011,E01000879,2011 super output areas - lower layer,298,Age 85 to 89,9.0
7430,2011,E01000879,2011 super output areas - lower layer,298,Age 90 and over,14.0
7431,2011,E01000879,2011 super output areas - lower layer,298,Mean Age,37.2
7432,2011,E01000879,2011 super output areas - lower layer,298,Median Age,35.0
7433,2011,E01000879,2011 super output areas - lower layer,298,All usual residents,0.0
7434,2011,E01000879,2011 super output areas - lower layer,298,Age 0 to 4,0.0
7435,2011,E01000879,2011 super output areas - lower layer,298,Age 5 to 7,0.0
7436,2011,E01000879,2011 super output areas - lower layer,298,Age 8 to 9,0.0
7437,2011,E01000879,2011 super output areas - lower layer,298,Age 10 to 14,0.0
7438,2011,E01000879,2011 super output areas - lower layer,298,Age 15,0.0
7439,2011,E01000879,2011 super output areas - lower layer,298,Age 16 to 17,0.0
7440,2011,E01000879,2011 super output areas - lower layer,298,Age 18 to 19,0.0
7441,2011,E01000879,2011 super output areas - lower layer,298,Age 20 to 24,0.0
7442,2011,E01000879,2011 super output areas - lower layer,298,Age 25 to 29,0.0
7443,2011,E01000879,2011 super output areas - lower layer,298,Age 30 to 44,0.0
7444,2011,E01000879,2011 super output areas - lower layer,298,Age 45 to 59,0.0
7445,2011,E01000879,2011 super output areas - lower layer,298,Age 60 to 64,0.0
7446,2011,E01000879,2011 super output areas - lower layer,298,Age 65 to 74,0.0
7447,2011,E01000879,2011 super output areas - lower layer,298,Age 75 to 84,0.0
7448,2011,E01000879,2011 super output areas - lower layer,298,Age 85 to 89,0.0
7449,2011,E01000879,2011 super output areas - lower layer,298,Age 90 and over,0.0
7450,2011,E01000879,2011 super output areas - lower layer,298,Mean Age,
7451,2011,E01000879,2011 super output areas - lower layer,298,Median Age,0.5
7452,2011,E01000879,2011 super output areas - lower layer,298,All usual residents,0.0
7453,2011,E01000879,2011 super output areas - lower layer,298,Age 0 to 4,0.0
7454,2011,E01000879,2011 super output areas - lower layer,298,Age 5 to 7,0.0
7455,2011,E01000879,2011 super output areas - lower layer,298,Age 8 to 9,0.0
7456,2011,E01000879,2011 super output areas - lower layer,298,Age 10 to 14,0.0
7457,2011,E01000879,2011 super output areas - lower layer,298,Age 15,0.0
7458,2011,E01000879,2011 super output areas - lower layer,298,Age 16 to 17,0.0
7459,2011,E01000879,2011 super output areas - lower layer,298,Age 18 to 19,0.0
7460,2011,E01000879,2011 super output areas - lower layer,298,Age 20 to 24,0.0
7461,2011,E01000879,2011 super output areas - lower layer,298,Age 25 to 29,0.0
7462,2011,E01000879,2011 super output areas - lower layer,298,Age 30 to 44,0.0
7463,2011,E01000879,2011 super output areas - lower layer,298,Age 45 to 59,0.0
7464,2011,E01000879,2011 super output areas - lower layer,298,Age 60 to 64,0.0
7465,2011,E01000879,2011 super output areas - lower layer,298,Age 65 to 74,0.0
7466,2011,E01000879,2011 super output areas - lower layer,298,Age 75 to 84,0.0
7467,2011,E01000879,2011 super output areas - lower layer,298,Age 85 to 89,0.0
7468,2011,E01000879,2011 super output areas - lower layer,298,Age 90 and over,0.0
7469,2011,E01000879,2011 super output areas - lower layer,298,Mean Age,
7470,2011,E01000879,2011 super output areas - lower layer,298,Median Age,0.5
7471,2011,E01000879,2011 super output areas - lower layer,298,All usual residents,0.0
7472,2011,E01000879,2011 super output areas - lower layer,298,Age 0 to 4,0.0
7473,2011,E01000879,2011 super output areas - lower layer,298,Age 5 to 7,0.0
7474,2011,E01000879,2011 super output areas - lower layer,298,Age 8 to 9,0.0
7475,2011,E01000879,2011 super output areas - lower layer,298,Age 10 to 14,0.0
7476,2011,E01000879,2011 super output areas - lower layer,298,Age 15,0.0
7477,2011,E01000879,2011 super output areas - lower layer,298,Age 16 to 17,0.0
7478,2011,E01000879,2011 super output areas - lower layer,298,Age 18 to 19,0.0
7479,2011,E01000879,2011 super output areas - lower layer,298,Age 20 to 24,0.0
7480,2011,E01000879,2011 super output areas - lower layer,298,Age 25 to 29,0.0
7481,2011,E01000879,2011 super output areas - lower layer,298,Age 30 to 44,0.0
7482,2011,E01000879,2011 super output areas - lower layer,298,Age 45 to 59,0.0
7483,2011,E01000879,2011 super output areas - lower layer,298,Age 60 to 64,0.0
7484,2011,E01000879,2011 super output areas - lower layer,298,Age 65 to 74,0.0
7485,2011,E01000879,2011 super output areas - lower layer,298,Age 75 to 84,0.0
7486,2011,E01000879,2011 super output areas - lower layer,298,Age 85 to 89,0.0
7487,2011,E01000879,2011 super output areas - lower layer,298,Age 90 and over,0.0
7488,2011,E01000879,2011 super output areas - lower layer,298,Mean Age,
7489,2011,E01000879,2011 super output areas - lower layer,298,Median Age,0.5
7490,2011,E01000879,2011 super output areas - lower layer,298,All usual residents,0.0
7491,2011,E01000879,2011 super output areas - lower layer,298,Age 0 to 4,0.0
7492,2011,E01000879,2011 super output areas - lower layer,298,Age 5 to 7,0.0
7493,2011,E01000879,2011 super output areas - lower layer,298,Age 8 to 9,0.0
7494,2011,E01000879,2011 super output areas - lower layer,298,Age 10 to 14,0.0
7495,2011,E01000879,2011 super output areas - lower layer,298,Age 15,0.0
7496,2011,E01000879,2011 super output areas - lower layer,298,Age 16 to 17,0.0
7497,2011,E01000879,2011 super output areas - lower layer,298,Age 18 to 19,0.0
7498,2011,E01000879,2011 super output areas - lower layer,298,Age 20 to 24,0.0
7499,2011,E01000879,2011 super output areas - lower layer,298,Age 25 to 29,0.0
7500,2011,E01000879,2011 super output areas - lower layer,298,Age 30 to 44,0.0
7501,2011,E01000879,2011 super output areas - lower layer,298,Age 45 to 59,0.0
7502,2011,E01000879,2011 super output areas - lower layer,298,Age 60 to 64,0.0
7503,2011,E01000879,2011 super output areas - lower layer,298,Age 65 to 74,0.0
7504,2011,E01000879,2011 super output areas - lower layer,298,Age 75 to 84,0.0
7505,2011,E01000879,2011 super output areas - lower layer,298,Age 85 to 89,0.0
7506,2011,E01000879,2011 super output areas - lower layer,298,Age 90 and over,0.0
7507,2011,E01000879,2011 super output areas - lower layer,298,Mean Age,
7508,2011,E01000879,2011 super output areas - lower layer,298,Median Age,0.5
7509,2011,E01000879,2011 super output areas - lower layer,298,All usual residents,0.0
7510,2011,E01000879,2011 super output areas - lower layer,298,Age 0 to 4,0.0
7511,2011,E01000879,2011 super output areas - lower layer,298,Age 5 to 7,0.0
7512,2011,E01000879,2011 super output areas - lower layer,298,Age 8 to 9,0.0
7513,2011,E01000879,2011 super output areas - lower layer,298,Age 10 to 14,0.0
7514,2011,E01000879,2011 super output areas - lower layer,298,Age 15,0.0
7515,2011,E01000879,2011 super output areas - lower layer,298,Age 16 to 17,0.0
7516,2011,E01000879,2011 super output areas - lower layer,298,Age 18 to 19,0.0
7517,2011,E01000879,2011 super output areas - lower layer,298,Age 20 to 24,0.0
7518,2011,E01000879,2011 super output areas - lower layer,298,Age 25 to 29,0.0
7519,2011,E01000879,2011 super output areas - lower layer,298,Age 30 to 44,0.0
7520,2011,E01000879,2011 super output areas - lower layer,298,Age 45 to 59,0.0
7521,2011,E01000879,2011 super output areas - lower layer,298,Age 60 to 64,0.0
7522,2011,E01000879,2011 super output areas - lower layer,298,Age 65 to 74,0.0
7523,2011,E01000879,2011 super output areas - lower layer,298,Age 75 to 84,0.0
7524,2011,E01000879,2011 super output areas - lower layer,298,Age 85 to 89,0.0
7525,2011,E01000879,2011 super output areas - lower layer,298,Age 90 and over,0.0
7526,2011,E01000879,2011 super output areas - lower layer,298,Mean Age,
7527,2011,E01000879,2011 super output areas - lower layer,298,Median Age,0.5
7528,2011,E01000879,2011 super output areas - lower layer,298,All usual residents,0.0
7529,2011,E01000879,2011 super output areas - lower layer,298,Age 0 to 4,0.0
7530,2011,E01000879,2011 super output areas - lower layer,298,Age 5 to 7,0.0
7531,2011,E01000879,2011 super output areas - lower layer,298,Age 8 to 9,0.0
7532,2011,E01000879,2011 super output areas - lower layer,298,Age 10 to 14,0.0
7533,2011,E01000879,2011 super output areas - lower layer,298,Age 15,0.0
7534,2011,E01000879,2011 super output areas - lower layer,298,Age 16 to 17,0.0
7535,2011,E01000879,2011 super output areas - lower layer,298,Age 18 to 19,0.0
7536,2011,E01000879,2011 super output areas - lower layer,298,Age 20 to 24,0.0
7537,2011,E01000879,2011 super output areas - lower layer,298,Age 25 to 29,0.0
7538,2011,E01000879,2011 super output areas - lower layer,298,Age 30 to 44,0.0
7539,2011,E01000879,2011 super output areas - lower layer,298,Age 45 to 59,0.0
7540,2011,E01000879,2011 super output areas - lower layer,298,Age 60 to 64,0.0
7541,2011,E01000879,2011 super output areas - lower layer,298,Age 65 to 74,0.0
7542,2011,E01000879,2011 super output areas - lower layer,298,Age 75 to 84,0.0
7543,2011,E01000879,2011 super output areas - lower layer,298,Age 85 to 89,0.0
7544,2011,E01000879,2011 super output areas - lower layer,298,Age 90 and over,0.0
7545,2011,E01000879,2011 super output areas - lower layer,298,Mean Age,
7546,2011,E01000879,2011 super output areas - lower layer,298,Median Age,0.5
7547,2011,E01000879,2011 super output areas - lower layer,298,All usual residents,0.0
7548,2011,E01000879,2011 super output areas - lower layer,298,Age 0 to 4,0.0
7549,2011,E01000879,2011 super output areas - lower layer,298,Age 5 to 7,0.0
7550,2011,E01000879,2011 super output areas - lower layer,298,Age 8 to 9,0.0
7551,2011,E01000879,2011 super output areas - lower layer,298,Age 10 to 14,0.0
7552,2011,E01000879,2011 super output areas - lower layer,298,Age 15,0.0
7553,2011,E01000879,2011 super output areas - lower layer,298,Age 16 to 17,0.0
7554,2011,E01000879,2011 super output areas - lower layer,298,Age 18 to 19,0.0
7555,2011,E01000879,2011 super output areas - lower layer,298,Age 20 to 24,0.0
7556,2011,E01000879,2011 super output areas - lower layer,298,Age 25 to 29,0.0
7557,2011,E01000879,2011 super output areas - lower layer,298,Age 30 to 44,0.0
7558,2011,E01000879,2011 super output areas - lower layer,298,Age 45 to 59,0.0
7559,2011,E01000879,2011 super output areas - lower layer,298,Age 60 to 64,0.0
7560,2011,E01000879,2011 super output areas - lower layer,298,Age 65 to 74,0.0
7561,2011,E01000879,2011 super output areas - lower layer,298,Age 75 to 84,0.0
7562,2011,E01000879,2011 super output areas - lower layer,298,Age 85 to 89,0.0
7563,2011,E01000879,2011 super output areas - lower layer,298,Age 90 and over,0.0
7564,2011,E01000879,2011 super output areas - lower layer,298,Mean Age,
7565,2011,E01000879,2011 super output areas - lower layer,298,Median Age,0.5
7566,2011,E01000879,2011 super output areas - lower layer,298,All usual residents,0.0
7567,2011,E01000879,2011 super output areas - lower layer,298,Age 0 to 4,0.0
7568,2011,E01000879,2011 super output areas - lower layer,298,Age 5 to 7,0.0
7569,2011,E01000879,2011 super output areas - lower layer,298,Age 8 to 9,0.0
7570,2011,E01000879,2011 super output areas - lower layer,298,Age 10 to 14,0.0
7571,2011,E01000879,2011 super output areas - lower layer,298,Age 15,0.0
7572,2011,E01000879,2011 super output areas - lower layer,298,Age 16 to 17,0.0
7573,2011,E01000879,2011 super output areas - lower layer,298,Age 18 to 19,0.0
7574,2011,E01000879,2011 super output areas - lower layer,298,Age 20 to 24,0.0
7575,2011,E01000879,2011 super output areas - lower layer,298,Age 25 to 29,0.0
7576,2011,E01000879,2011 super output areas - lower layer,298,Age 30 to 44,0.0
7577,2011,E01000879,2011 super output areas - lower layer,298,Age 45 to 59,0.0
7578,2011,E01000879,2011 super output areas - lower layer,298,Age 60 to 64,0.0
7579,2011,E01000879,2011 super output areas - lower layer,298,Age 65 to 74,0.0
7580,2011,E01000879,2011 super output areas - lower layer,298,Age 75 to 84,0.0
7581,2011,E01000879,2011 super output areas - lower layer,298,Age 85 to 89,0.0
7582,2011,E01000879,2011 super output areas - lower layer,298,Age 90 and over,0.0
7583,2011,E01000879,2011 super output areas - lower layer,298,Mean Age,
7584,2011,E01000879,2011 super output areas - lower layer,298,Median Age,0.5
7585,2011,E01000879,2011 super output areas - lower layer,298,All usual residents,0.0
7586,2011,E01000879,2011 super output areas - lower layer,298,Age 0 to 4,0.0
7587,2011,E01000879,2011 super output areas - lower layer,298,Age 5 to 7,0.0
7588,2011,E01000879,2011 super output areas - lower layer,298,Age 8 to 9,0.0
7589,2011,E01000879,2011 super output areas - lower layer,298,Age 10 to 14,0.0
7590,2011,E01000879,2011 super output areas - lower layer,298,Age 15,0.0
7591,2011,E01000879,2011 super output areas - lower layer,298,Age 16 to 17,0.0
7592,2011,E01000879,2011 super output areas - lower layer,298,Age 18 to 19,0.0
7593,2011,E01000879,2011 super output areas - lower layer,298,Age 20 to 24,0.0
7594,2011,E01000879,2011 super output areas - lower layer,298,Age 25 to 29,0.0
7595,2011,E01000879,2011 super output areas - lower layer,298,Age 30 to 44,0.0
7596,2011,E01000879,2011 super output areas - lower layer,298,Age 45 to 59,0.0
7597,2011,E01000879,2011 super output areas - lower layer,298,Age 60 to 64,0.0
7598,2011,E01000879,2011 super output areas - lower layer,298,Age 65 to 74,0.0
7599,2011,E01000879,2011 super output areas - lower layer,298,Age 75 to 84,0.0
7600,2011,E01000879,2011 super output areas - lower layer,298,Age 85 to 89,0.0
7601,2011,E01000879,2011 super output areas - lower layer,298,Age 90 and over,0.0
7602,2011,E01000879,2011 super output areas - lower layer,298,Mean Age,
7603,2011,E01000879,2011 super output areas - lower layer,298,Median Age,0.5
7604,2011,E01000879,2011 super output areas - lower layer,298,All usual residents,0.0
7605,2011,E01000879,2011 super output areas - lower layer,298,Age 0 to 4,0.0
7606,2011,E01000879,2011 super output areas - lower layer,298,Age 5 to 7,0.0
7607,2011,E01000879,2011 super output areas - lower layer,298,Age 8 to 9,0.0
7608,2011,E01000879,2011 super output areas - lower layer,298,Age 10 to 14,0.0
7609,2011,E01000879,2011 super output areas - lower layer,298,Age 15,0.0
7610,2011,E01000879,2011 super output areas - lower layer,298,Age 16 to 17,0.0
7611,2011,E01000879,2011 super output areas - lower layer,298,Age 18 to 19,0.0
7612,2011,E01000879,2011 super output areas - lower layer,298,Age 20 to 24,0.0
7613,2011,E01000879,2011 super output areas - lower layer,298,Age 25 to 29,0.0
7614,2011,E01000879,2011 super output areas - lower layer,298,Age 30 to 44,0.0
7615,2011,E01000879,2011 super output areas - lower layer,298,Age 45 to 59,0.0
7616,2011,E01000879,2011 super output areas - lower layer,298,Age 60 to 64,0.0
7617,2011,E01000879,2011 super output areas - lower layer,298,Age 65 to 74,0.0
7618,2011,E01000879,2011 super output areas - lower layer,298,Age 75 to 84,0.0
7619,2011,E01000879,2011 super output areas - lower layer,298,Age 85 to 89,0.0
7620,2011,E01000879,2011 super output areas - lower layer,298,Age 90 and over,0.0
7621,2011,E01000879,2011 super output areas - lower layer,298,Mean Age,
7622,2011,E01000879,2011 super output areas - lower layer,298,Median Age,0.5
7623,2011,E01000879,2011 super output areas - lower layer,298,All usual residents,0.0
7624,2011,E01000879,2011 super output areas - lower layer,298,Age 0 to 4,0.0
7625,2011,E01000879,2011 super output areas - lower layer,298,Age 5 to 7,0.0
7626,2011,E01000879,2011 super output areas - lower layer,298,Age 8 to 9,0.0
7627,2011,E01000879,2011 super output areas - lower layer,298,Age 10 to 14,0.0
7628,2011,E01000879,2011 super output areas - lower layer,298,Age 15,0.0
7629,2011,E01000879,2011 super output areas - lower layer,298,Age 16 to 17,0.0
7630,2011,E01000879,2011 super output areas - lower layer,298,Age 18 to 19,0.0
7631,2011,E01000879,2011 super output areas - lower layer,298,Age 20 to 24,0.0
7632,2011,E01000879,2011 super output areas - lower layer,298,Age 25 to 29,0.0
7633,2011,E01000879,2011 super output areas - lower layer,298,Age 30 to 44,0.0
7634,2011,E01000879,2011 super output areas - lower layer,298,Age 45 to 59,0.0
7635,2011,E01000879,2011 super output areas - lower layer,298,Age 60 to 64,0.0
7636,2011,E01000879,2011 super output areas - lower layer,298,Age 65 to 74,0.0
7637,2011,E01000879,2011 super output areas - lower layer,298,Age 75 to 84,0.0
7638,2011,E01000879,2011 super output areas - lower layer,298,Age 85 to 89,0.0
7639,2011,E01000879,2011 super output areas - lower layer,298,Age 90 and over,0.0
7640,2011,E01000879,2011 super output areas - lower layer,298,Mean Age,
7641,2011,E01000879,2011 super output areas - lower layer,298,Median Age,0.5
7642,2011,E01000879,2011 super output areas - lower layer,298,All usual residents,0.0
7643,2011,E01000879,2011 super output areas - lower layer,298,Age 0 to 4,0.0
7644,2011,E01000879,2011 super output areas - lower layer,298,Age 5 to 7,0.0
7645,2011,E01000879,2011 super output areas - lower layer,298,Age 8 to 9,0.0
7646,2011,E01000879,2011 super output areas - lower layer,298,Age 10 to 14,0.0
7647,2011,E01000879,2011 super output areas - lower layer,298,Age 15,0.0
7648,2011,E01000879,2011 super output areas - lower layer,298,Age 16 to 17,0.0
7649,2011,E01000879,2011 super output areas - lower layer,298,Age 18 to 19,0.0
7650,2011,E01000879,2011 super output areas - lower layer,298,Age 20 to 24,0.0
7651,2011,E01000879,2011 super output areas - lower layer,298,Age 25 to 29,0.0
7652,2011,E01000879,2011 super output areas - lower layer,298,Age 30 to 44,0.0
7653,2011,E01000879,2011 super output areas - lower layer,298,Age 45 to 59,0.0
7654,2011,E01000879,2011 super output areas - lower layer,298,Age 60 to 64,0.0
7655,2011,E01000879,2011 super output areas - lower layer,298,Age 65 to 74,0.0
7656,2011,E01000879,2011 super output areas - lower layer,298,Age 75 to 84,0.0
7657,2011,E01000879,2011 super output areas - lower layer,298,Age 85 to 89,0.0
7658,2011,E01000879,2011 super output areas - lower layer,298,Age 90 and over,0.0
7659,2011,E01000879,2011 super output areas - lower layer,298,Mean Age,
7660,2011,E01000879,2011 super output areas - lower layer,298,Median Age,0.5
7661,2011,E01000880,2011 super output areas - lower layer,298,All usual residents,1602.0
7662,2011,E01000880,2011 super output areas - lower layer,298,Age 0 to 4,156.0
7663,2011,E01000880,2011 super output areas - lower layer,298,Age 5 to 7,67.0
7664,2011,E01000880,2011 super output areas - lower layer,298,Age 8 to 9,46.0
7665,2011,E01000880,2011 super output areas - lower layer,298,Age 10 to 14,110.0
7666,2011,E01000880,2011 super output areas - lower layer,298,Age 15,11.0
7667,2011,E01000880,2011 super output areas - lower layer,298,Age 16 to 17,24.0
7668,2011,E01000880,2011 super output areas - lower layer,298,Age 18 to 19,24.0
7669,2011,E01000880,2011 super output areas - lower layer,298,Age 20 to 24,36.0
7670,2011,E01000880,2011 super output areas - lower layer,298,Age 25 to 29,103.0
7671,2011,E01000880,2011 super output areas - lower layer,298,Age 30 to 44,478.0
7672,2011,E01000880,2011 super output areas - lower layer,298,Age 45 to 59,287.0
7673,2011,E01000880,2011 super output areas - lower layer,298,Age 60 to 64,66.0
7674,2011,E01000880,2011 super output areas - lower layer,298,Age 65 to 74,86.0
7675,2011,E01000880,2011 super output areas - lower layer,298,Age 75 to 84,65.0
7676,2011,E01000880,2011 super output areas - lower layer,298,Age 85 to 89,24.0
7677,2011,E01000880,2011 super output areas - lower layer,298,Age 90 and over,19.0
7678,2011,E01000880,2011 super output areas - lower layer,298,Mean Age,36.4
7679,2011,E01000880,2011 super output areas - lower layer,298,Median Age,37.0
7680,2011,E01000880,2011 super output areas - lower layer,298,All usual residents,0.0
7681,2011,E01000880,2011 super output areas - lower layer,298,Age 0 to 4,0.0
7682,2011,E01000880,2011 super output areas - lower layer,298,Age 5 to 7,0.0
7683,2011,E01000880,2011 super output areas - lower layer,298,Age 8 to 9,0.0
7684,2011,E01000880,2011 super output areas - lower layer,298,Age 10 to 14,0.0
7685,2011,E01000880,2011 super output areas - lower layer,298,Age 15,0.0
7686,2011,E01000880,2011 super output areas - lower layer,298,Age 16 to 17,0.0
7687,2011,E01000880,2011 super output areas - lower layer,298,Age 18 to 19,0.0
7688,2011,E01000880,2011 super output areas - lower layer,298,Age 20 to 24,0.0
7689,2011,E01000880,2011 super output areas - lower layer,298,Age 25 to 29,0.0
7690,2011,E01000880,2011 super output areas - lower layer,298,Age 30 to 44,0.0
7691,2011,E01000880,2011 super output areas - lower layer,298,Age 45 to 59,0.0
7692,2011,E01000880,2011 super output areas - lower layer,298,Age 60 to 64,0.0
7693,2011,E01000880,2011 super output areas - lower layer,298,Age 65 to 74,0.0
7694,2011,E01000880,2011 super output areas - lower layer,298,Age 75 to 84,0.0
7695,2011,E01000880,2011 super output areas - lower layer,298,Age 85 to 89,0.0
7696,2011,E01000880,2011 super output areas - lower layer,298,Age 90 and over,0.0
7697,2011,E01000880,2011 super output areas - lower layer,298,Mean Age,
7698,2011,E01000880,2011 super output areas - lower layer,298,Median Age,0.5
7699,2011,E01000880,2011 super output areas - lower layer,298,All usual residents,0.0
7700,2011,E01000880,2011 super output areas - lower layer,298,Age 0 to 4,0.0
7701,2011,E01000880,2011 super output areas - lower layer,298,Age 5 to 7,0.0
7702,2011,E01000880,2011 super output areas - lower layer,298,Age 8 to 9,0.0
7703,2011,E01000880,2011 super output areas - lower layer,298,Age 10 to 14,0.0
7704,2011,E01000880,2011 super output areas - lower layer,298,Age 15,0.0
7705,2011,E01000880,2011 super output areas - lower layer,298,Age 16 to 17,0.0
7706,2011,E01000880,2011 super output areas - lower layer,298,Age 18 to 19,0.0
7707,2011,E01000880,2011 super output areas - lower layer,298,Age 20 to 24,0.0
7708,2011,E01000880,2011 super output areas - lower layer,298,Age 25 to 29,0.0
7709,2011,E01000880,2011 super output areas - lower layer,298,Age 30 to 44,0.0
7710,2011,E01000880,2011 super output areas - lower layer,298,Age 45 to 59,0.0
7711,2011,E01000880,2011 super output areas - lower layer,298,Age 60 to 64,0.0
7712,2011,E01000880,2011 super output areas - lower layer,298,Age 65 to 74,0.0
7713,2011,E01000880,2011 super output areas - lower layer,298,Age 75 to 84,0.0
7714,2011,E01000880,2011 super output areas - lower layer,298,Age 85 to 89,0.0
7715,2011,E01000880,2011 super output areas - lower layer,298,Age 90 and over,0.0
7716,2011,E01000880,2011 super output areas - lower layer,298,Mean Age,
7717,2011,E01000880,2011 super output areas - lower layer,298,Median Age,0.5
7718,2011,E01000880,2011 super output areas - lower layer,298,All usual residents,0.0
7719,2011,E01000880,2011 super output areas - lower layer,298,Age 0 to 4,0.0
7720,2011,E01000880,2011 super output areas - lower layer,298,Age 5 to 7,0.0
7721,2011,E01000880,2011 super output areas - lower layer,298,Age 8 to 9,0.0
7722,2011,E01000880,2011 super output areas - lower layer,298,Age 10 to 14,0.0
7723,2011,E01000880,2011 super output areas - lower layer,298,Age 15,0.0
7724,2011,E01000880,2011 super output areas - lower layer,298,Age 16 to 17,0.0
7725,2011,E01000880,2011 super output areas - lower layer,298,Age 18 to 19,0.0
7726,2011,E01000880,2011 super output areas - lower layer,298,Age 20 to 24,0.0
7727,2011,E01000880,2011 super output areas - lower layer,298,Age 25 to 29,0.0
7728,2011,E01000880,2011 super output areas - lower layer,298,Age 30 to 44,0.0
7729,2011,E01000880,2011 super output areas - lower layer,298,Age 45 to 59,0.0
7730,2011,E01000880,2011 super output areas - lower layer,298,Age 60 to 64,0.0
7731,2011,E01000880,2011 super output areas - lower layer,298,Age 65 to 74,0.0
7732,2011,E01000880,2011 super output areas - lower layer,298,Age 75 to 84,0.0
7733,2011,E01000880,2011 super output areas - lower layer,298,Age 85 to 89,0.0
7734,2011,E01000880,2011 super output areas - lower layer,298,Age 90 and over,0.0
7735,2011,E01000880,2011 super output areas - lower layer,298,Mean Age,
7736,2011,E01000880,2011 super output areas - lower layer,298,Median Age,0.5
7737,2011,E01000880,2011 super output areas - lower layer,298,All usual residents,0.0
7738,2011,E01000880,2011 super output areas - lower layer,298,Age 0 to 4,0.0
7739,2011,E01000880,2011 super output areas - lower layer,298,Age 5 to 7,0.0
7740,2011,E01000880,2011 super output areas - lower layer,298,Age 8 to 9,0.0
7741,2011,E01000880,2011 super output areas - lower layer,298,Age 10 to 14,0.0
7742,2011,E01000880,2011 super output areas - lower layer,298,Age 15,0.0
7743,2011,E01000880,2011 super output areas - lower layer,298,Age 16 to 17,0.0
7744,2011,E01000880,2011 super output areas - lower layer,298,Age 18 to 19,0.0
7745,2011,E01000880,2011 super output areas - lower layer,298,Age 20 to 24,0.0
7746,2011,E01000880,2011 super output areas - lower layer,298,Age 25 to 29,0.0
7747,2011,E01000880,2011 super output areas - lower layer,298,Age 30 to 44,0.0
7748,2011,E01000880,2011 super output areas - lower layer,298,Age 45 to 59,0.0
7749,2011,E01000880,2011 super output areas - lower layer,298,Age 60 to 64,0.0
7750,2011,E01000880,2011 super output areas - lower layer,298,Age 65 to 74,0.0
7751,2011,E01000880,2011 super output areas - lower layer,298,Age 75 to 84,0.0
7752,2011,E01000880,2011 super output areas - lower layer,298,Age 85 to 89,0.0
7753,2011,E01000880,2011 super output areas - lower layer,298,Age 90 and over,0.0
7754,2011,E01000880,2011 super output areas - lower layer,298,Mean Age,
7755,2011,E01000880,2011 super output areas - lower layer,298,Median Age,0.5
7756,2011,E01000880,2011 super output areas - lower layer,298,All usual residents,0.0
7757,2011,E01000880,2011 super output areas - lower layer,298,Age 0 to 4,0.0
7758,2011,E01000880,2011 super output areas - lower layer,298,Age 5 to 7,0.0
7759,2011,E01000880,2011 super output areas - lower layer,298,Age 8 to 9,0.0
7760,2011,E01000880,2011 super output areas - lower layer,298,Age 10 to 14,0.0
7761,2011,E01000880,2011 super output areas - lower layer,298,Age 15,0.0
7762,2011,E01000880,2011 super output areas - lower layer,298,Age 16 to 17,0.0
7763,2011,E01000880,2011 super output areas - lower layer,298,Age 18 to 19,0.0
7764,2011,E01000880,2011 super output areas - lower layer,298,Age 20 to 24,0.0
7765,2011,E01000880,2011 super output areas - lower layer,298,Age 25 to 29,0.0
7766,2011,E01000880,2011 super output areas - lower layer,298,Age 30 to 44,0.0
7767,2011,E01000880,2011 super output areas - lower layer,298,Age 45 to 59,0.0
7768,2011,E01000880,2011 super output areas - lower layer,298,Age 60 to 64,0.0
7769,2011,E01000880,2011 super output areas - lower layer,298,Age 65 to 74,0.0
7770,2011,E01000880,2011 super output areas - lower layer,298,Age 75 to 84,0.0
7771,2011,E01000880,2011 super output areas - lower layer,298,Age 85 to 89,0.0
7772,2011,E01000880,2011 super output areas - lower layer,298,Age 90 and over,0.0
7773,2011,E01000880,2011 super output areas - lower layer,298,Mean Age,
7774,2011,E01000880,2011 super output areas - lower layer,298,Median Age,0.5
7775,2011,E01000880,2011 super output areas - lower layer,298,All usual residents,0.0
7776,2011,E01000880,2011 super output areas - lower layer,298,Age 0 to 4,0.0
7777,2011,E01000880,2011 super output areas - lower layer,298,Age 5 to 7,0.0
7778,2011,E01000880,2011 super output areas - lower layer,298,Age 8 to 9,0.0
7779,2011,E01000880,2011 super output areas - lower layer,298,Age 10 to 14,0.0
7780,2011,E01000880,2011 super output areas - lower layer,298,Age 15,0.0
7781,2011,E01000880,2011 super output areas - lower layer,298,Age 16 to 17,0.0
7782,2011,E01000880,2011 super output areas - lower layer,298,Age 18 to 19,0.0
7783,2011,E01000880,2011 super output areas - lower layer,298,Age 20 to 24,0.0
7784,2011,E01000880,2011 super output areas - lower layer,298,Age 25 to 29,0.0
7785,2011,E01000880,2011 super output areas - lower layer,298,Age 30 to 44,0.0
7786,2011,E01000880,2011 super output areas - lower layer,298,Age 45 to 59,0.0
7787,2011,E01000880,2011 super output areas - lower layer,298,Age 60 to 64,0.0
7788,2011,E01000880,2011 super output areas - lower layer,298,Age 65 to 74,0.0
7789,2011,E01000880,2011 super output areas - lower layer,298,Age 75 to 84,0.0
7790,2011,E01000880,2011 super output areas - lower layer,298,Age 85 to 89,0.0
7791,2011,E01000880,2011 super output areas - lower layer,298,Age 90 and over,0.0
7792,2011,E01000880,2011 super output areas - lower layer,298,Mean Age,
7793,2011,E01000880,2011 super output areas - lower layer,298,Median Age,0.5
7794,2011,E01000880,2011 super output areas - lower layer,298,All usual residents,0.0
7795,2011,E01000880,2011 super output areas - lower layer,298,Age 0 to 4,0.0
7796,2011,E01000880,2011 super output areas - lower layer,298,Age 5 to 7,0.0
7797,2011,E01000880,2011 super output areas - lower layer,298,Age 8 to 9,0.0
7798,2011,E01000880,2011 super output areas - lower layer,298,Age 10 to 14,0.0
7799,2011,E01000880,2011 super output areas - lower layer,298,Age 15,0.0
7800,2011,E01000880,2011 super output areas - lower layer,298,Age 16 to 17,0.0
7801,2011,E01000880,2011 super output areas - lower layer,298,Age 18 to 19,0.0
7802,2011,E01000880,2011 super output areas - lower layer,298,Age 20 to 24,0.0
7803,2011,E01000880,2011 super output areas - lower layer,298,Age 25 to 29,0.0
7804,2011,E01000880,2011 super output areas - lower layer,298,Age 30 to 44,0.0
7805,2011,E01000880,2011 super output areas - lower layer,298,Age 45 to 59,0.0
7806,2011,E01000880,2011 super output areas - lower layer,298,Age 60 to 64,0.0
7807,2011,E01000880,2011 super output areas - lower layer,298,Age 65 to 74,0.0
7808,2011,E01000880,2011 super output areas - lower layer,298,Age 75 to 84,0.0
7809,2011,E01000880,2011 super output areas - lower layer,298,Age 85 to 89,0.0
7810,2011,E01000880,2011 super output areas - lower layer,298,Age 90 and over,0.0
7811,2011,E01000880,2011 super output areas - lower layer,298,Mean Age,
7812,2011,E01000880,2011 super output areas - lower layer,298,Median Age,0.5
7813,2011,E01000880,2011 super output areas - lower layer,298,All usual residents,0.0
7814,2011,E01000880,2011 super output areas - lower layer,298,Age 0 to 4,0.0
7815,2011,E01000880,2011 super output areas - lower layer,298,Age 5 to 7,0.0
7816,2011,E01000880,2011 super output areas - lower layer,298,Age 8 to 9,0.0
7817,2011,E01000880,2011 super output areas - lower layer,298,Age 10 to 14,0.0
7818,2011,E01000880,2011 super output areas - lower layer,298,Age 15,0.0
7819,2011,E01000880,2011 super output areas - lower layer,298,Age 16 to 17,0.0
7820,2011,E01000880,2011 super output areas - lower layer,298,Age 18 to 19,0.0
7821,2011,E01000880,2011 super output areas - lower layer,298,Age 20 to 24,0.0
7822,2011,E01000880,2011 super output areas - lower layer,298,Age 25 to 29,0.0
7823,2011,E01000880,2011 super output areas - lower layer,298,Age 30 to 44,0.0
7824,2011,E01000880,2011 super output areas - lower layer,298,Age 45 to 59,0.0
7825,2011,E01000880,2011 super output areas - lower layer,298,Age 60 to 64,0.0
7826,2011,E01000880,2011 super output areas - lower layer,298,Age 65 to 74,0.0
7827,2011,E01000880,2011 super output areas - lower layer,298,Age 75 to 84,0.0
7828,2011,E01000880,2011 super output areas - lower layer,298,Age 85 to 89,0.0
7829,2011,E01000880,2011 super output areas - lower layer,298,Age 90 and over,0.0
7830,2011,E01000880,2011 super output areas - lower layer,298,Mean Age,
7831,2011,E01000880,2011 super output areas - lower layer,298,Median Age,0.5
7832,2011,E01000880,2011 super output areas - lower layer,298,All usual residents,0.0
7833,2011,E01000880,2011 super output areas - lower layer,298,Age 0 to 4,0.0
7834,2011,E01000880,2011 super output areas - lower layer,298,Age 5 to 7,0.0
7835,2011,E01000880,2011 super output areas - lower layer,298,Age 8 to 9,0.0
7836,2011,E01000880,2011 super output areas - lower layer,298,Age 10 to 14,0.0
7837,2011,E01000880,2011 super output areas - lower layer,298,Age 15,0.0
7838,2011,E01000880,2011 super output areas - lower layer,298,Age 16 to 17,0.0
7839,2011,E01000880,2011 super output areas - lower layer,298,Age 18 to 19,0.0
7840,2011,E01000880,2011 super output areas - lower layer,298,Age 20 to 24,0.0
7841,2011,E01000880,2011 super output areas - lower layer,298,Age 25 to 29,0.0
7842,2011,E01000880,2011 super output areas - lower layer,298,Age 30 to 44,0.0
7843,2011,E01000880,2011 super output areas - lower layer,298,Age 45 to 59,0.0
7844,2011,E01000880,2011 super output areas - lower layer,298,Age 60 to 64,0.0
7845,2011,E01000880,2011 super output areas - lower layer,298,Age 65 to 74,0.0
7846,2011,E01000880,2011 super output areas - lower layer,298,Age 75 to 84,0.0
7847,2011,E01000880,2011 super output areas - lower layer,298,Age 85 to 89,0.0
7848,2011,E01000880,2011 super output areas - lower layer,298,Age 90 and over,0.0
7849,2011,E01000880,2011 super output areas - lower layer,298,Mean Age,
7850,2011,E01000880,2011 super output areas - lower layer,298,Median Age,0.5
7851,2011,E01000880,2011 super output areas - lower layer,298,All usual residents,0.0
7852,2011,E01000880,2011 super output areas - lower layer,298,Age 0 to 4,0.0
7853,2011,E01000880,2011 super output areas - lower layer,298,Age 5 to 7,0.0
7854,2011,E01000880,2011 super output areas - lower layer,298,Age 8 to 9,0.0
7855,2011,E01000880,2011 super output areas - lower layer,298,Age 10 to 14,0.0
7856,2011,E01000880,2011 super output areas - lower layer,298,Age 15,0.0
7857,2011,E01000880,2011 super output areas - lower layer,298,Age 16 to 17,0.0
7858,2011,E01000880,2011 super output areas - lower layer,298,Age 18 to 19,0.0
7859,2011,E01000880,2011 super output areas - lower layer,298,Age 20 to 24,0.0
7860,2011,E01000880,2011 super output areas - lower layer,298,Age 25 to 29,0.0
7861,2011,E01000880,2011 super output areas - lower layer,298,Age 30 to 44,0.0
7862,2011,E01000880,2011 super output areas - lower layer,298,Age 45 to 59,0.0
7863,2011,E01000880,2011 super output areas - lower layer,298,Age 60 to 64,0.0
7864,2011,E01000880,2011 super output areas - lower layer,298,Age 65 to 74,0.0
7865,2011,E01000880,2011 super output areas - lower layer,298,Age 75 to 84,0.0
7866,2011,E01000880,2011 super output areas - lower layer,298,Age 85 to 89,0.0
7867,2011,E01000880,2011 super output areas - lower layer,298,Age 90 and over,0.0
7868,2011,E01000880,2011 super output areas - lower layer,298,Mean Age,
7869,2011,E01000880,2011 super output areas - lower layer,298,Median Age,0.5
7870,2011,E01000880,2011 super output areas - lower layer,298,All usual residents,0.0
7871,2011,E01000880,2011 super output areas - lower layer,298,Age 0 to 4,0.0
7872,2011,E01000880,2011 super output areas - lower layer,298,Age 5 to 7,0.0
7873,2011,E01000880,2011 super output areas - lower layer,298,Age 8 to 9,0.0
7874,2011,E01000880,2011 super output areas - lower layer,298,Age 10 to 14,0.0
7875,2011,E01000880,2011 super output areas - lower layer,298,Age 15,0.0
7876,2011,E01000880,2011 super output areas - lower layer,298,Age 16 to 17,0.0
7877,2011,E01000880,2011 super output areas - lower layer,298,Age 18 to 19,0.0
7878,2011,E01000880,2011 super output areas - lower layer,298,Age 20 to 24,0.0
7879,2011,E01000880,2011 super output areas - lower layer,298,Age 25 to 29,0.0
7880,2011,E01000880,2011 super output areas - lower layer,298,Age 30 to 44,0.0
7881,2011,E01000880,2011 super output areas - lower layer,298,Age 45 to 59,0.0
7882,2011,E01000880,2011 super output areas - lower layer,298,Age 60 to 64,0.0
7883,2011,E01000880,2011 super output areas - lower layer,298,Age 65 to 74,0.0
7884,2011,E01000880,2011 super output areas - lower layer,298,Age 75 to 84,0.0
7885,2011,E01000880,2011 super output areas - lower layer,298,Age 85 to 89,0.0
7886,2011,E01000880,2011 super output areas - lower layer,298,Age 90 and over,0.0
7887,2011,E01000880,2011 super output areas - lower layer,298,Mean Age,
7888,2011,E01000880,2011 super output areas - lower layer,298,Median Age,0.5
7889,2011,E01000880,2011 super output areas - lower layer,298,All usual residents,0.0
7890,2011,E01000880,2011 super output areas - lower layer,298,Age 0 to 4,0.0
7891,2011,E01000880,2011 super output areas - lower layer,298,Age 5 to 7,0.0
7892,2011,E01000880,2011 super output areas - lower layer,298,Age 8 to 9,0.0
7893,2011,E01000880,2011 super output areas - lower layer,298,Age 10 to 14,0.0
7894,2011,E01000880,2011 super output areas - lower layer,298,Age 15,0.0
7895,2011,E01000880,2011 super output areas - lower layer,298,Age 16 to 17,0.0
7896,2011,E01000880,2011 super output areas - lower layer,298,Age 18 to 19,0.0
7897,2011,E01000880,2011 super output areas - lower layer,298,Age 20 to 24,0.0
7898,2011,E01000880,2011 super output areas - lower layer,298,Age 25 to 29,0.0
7899,2011,E01000880,2011 super output areas - lower layer,298,Age 30 to 44,0.0
7900,2011,E01000880,2011 super output areas - lower layer,298,Age 45 to 59,0.0
7901,2011,E01000880,2011 super output areas - lower layer,298,Age 60 to 64,0.0
7902,2011,E01000880,2011 super output areas - lower layer,298,Age 65 to 74,0.0
7903,2011,E01000880,2011 super output areas - lower layer,298,Age 75 to 84,0.0
7904,2011,E01000880,2011 super output areas - lower layer,298,Age 85 to 89,0.0
7905,2011,E01000880,2011 super output areas - lower layer,298,Age 90 and over,0.0
7906,2011,E01000880,2011 super output areas - lower layer,298,Mean Age,
7907,2011,E01000880,2011 super output areas - lower layer,298,Median Age,0.5
7908,2011,E01000884,2011 super output areas - lower layer,298,All usual residents,1469.0
7909,2011,E01000884,2011 super output areas - lower layer,298,Age 0 to 4,117.0
7910,2011,E01000884,2011 super output areas - lower layer,298,Age 5 to 7,64.0
7911,2011,E01000884,2011 super output areas - lower layer,298,Age 8 to 9,36.0
7912,2011,E01000884,2011 super output areas - lower layer,298,Age 10 to 14,104.0
7913,2011,E01000884,2011 super output areas - lower layer,298,Age 15,16.0
7914,2011,E01000884,2011 super output areas - lower layer,298,Age 16 to 17,32.0
7915,2011,E01000884,2011 super output areas - lower layer,298,Age 18 to 19,24.0
7916,2011,E01000884,2011 super output areas - lower layer,298,Age 20 to 24,69.0
7917,2011,E01000884,2011 super output areas - lower layer,298,Age 25 to 29,92.0
7918,2011,E01000884,2011 super output areas - lower layer,298,Age 30 to 44,377.0
7919,2011,E01000884,2011 super output areas - lower layer,298,Age 45 to 59,273.0
7920,2011,E01000884,2011 super output areas - lower layer,298,Age 60 to 64,81.0
7921,2011,E01000884,2011 super output areas - lower layer,298,Age 65 to 74,108.0
7922,2011,E01000884,2011 super output areas - lower layer,298,Age 75 to 84,53.0
7923,2011,E01000884,2011 super output areas - lower layer,298,Age 85 to 89,20.0
7924,2011,E01000884,2011 super output areas - lower layer,298,Age 90 and over,3.0
7925,2011,E01000884,2011 super output areas - lower layer,298,Mean Age,36.9
7926,2011,E01000884,2011 super output areas - lower layer,298,Median Age,38.0
7927,2011,E01000884,2011 super output areas - lower layer,298,All usual residents,0.0
7928,2011,E01000884,2011 super output areas - lower layer,298,Age 0 to 4,0.0
7929,2011,E01000884,2011 super output areas - lower layer,298,Age 5 to 7,0.0
7930,2011,E01000884,2011 super output areas - lower layer,298,Age 8 to 9,0.0
7931,2011,E01000884,2011 super output areas - lower layer,298,Age 10 to 14,0.0
7932,2011,E01000884,2011 super output areas - lower layer,298,Age 15,0.0
7933,2011,E01000884,2011 super output areas - lower layer,298,Age 16 to 17,0.0
7934,2011,E01000884,2011 super output areas - lower layer,298,Age 18 to 19,0.0
7935,2011,E01000884,2011 super output areas - lower layer,298,Age 20 to 24,0.0
7936,2011,E01000884,2011 super output areas - lower layer,298,Age 25 to 29,0.0
7937,2011,E01000884,2011 super output areas - lower layer,298,Age 30 to 44,0.0
7938,2011,E01000884,2011 super output areas - lower layer,298,Age 45 to 59,0.0
7939,2011,E01000884,2011 super output areas - lower layer,298,Age 60 to 64,0.0
7940,2011,E01000884,2011 super output areas - lower layer,298,Age 65 to 74,0.0
7941,2011,E01000884,2011 super output areas - lower layer,298,Age 75 to 84,0.0
7942,2011,E01000884,2011 super output areas - lower layer,298,Age 85 to 89,0.0
7943,2011,E01000884,2011 super output areas - lower layer,298,Age 90 and over,0.0
7944,2011,E01000884,2011 super output areas - lower layer,298,Mean Age,
7945,2011,E01000884,2011 super output areas - lower layer,298,Median Age,0.5
7946,2011,E01000884,2011 super output areas - lower layer,298,All usual residents,0.0
7947,2011,E01000884,2011 super output areas - lower layer,298,Age 0 to 4,0.0
7948,2011,E01000884,2011 super output areas - lower layer,298,Age 5 to 7,0.0
7949,2011,E01000884,2011 super output areas - lower layer,298,Age 8 to 9,0.0
7950,2011,E01000884,2011 super output areas - lower layer,298,Age 10 to 14,0.0
7951,2011,E01000884,2011 super output areas - lower layer,298,Age 15,0.0
7952,2011,E01000884,2011 super output areas - lower layer,298,Age 16 to 17,0.0
7953,2011,E01000884,2011 super output areas - lower layer,298,Age 18 to 19,0.0
7954,2011,E01000884,2011 super output areas - lower layer,298,Age 20 to 24,0.0
7955,2011,E01000884,2011 super output areas - lower layer,298,Age 25 to 29,0.0
7956,2011,E01000884,2011 super output areas - lower layer,298,Age 30 to 44,0.0
7957,2011,E01000884,2011 super output areas - lower layer,298,Age 45 to 59,0.0
7958,2011,E01000884,2011 super output areas - lower layer,298,Age 60 to 64,0.0
7959,2011,E01000884,2011 super output areas - lower layer,298,Age 65 to 74,0.0
7960,2011,E01000884,2011 super output areas - lower layer,298,Age 75 to 84,0.0
7961,2011,E01000884,2011 super output areas - lower layer,298,Age 85 to 89,0.0
7962,2011,E01000884,2011 super output areas - lower layer,298,Age 90 and over,0.0
7963,2011,E01000884,2011 super output areas - lower layer,298,Mean Age,
7964,2011,E01000884,2011 super output areas - lower layer,298,Median Age,0.5
7965,2011,E01000884,2011 super output areas - lower layer,298,All usual residents,0.0
7966,2011,E01000884,2011 super output areas - lower layer,298,Age 0 to 4,0.0
7967,2011,E01000884,2011 super output areas - lower layer,298,Age 5 to 7,0.0
7968,2011,E01000884,2011 super output areas - lower layer,298,Age 8 to 9,0.0
7969,2011,E01000884,2011 super output areas - lower layer,298,Age 10 to 14,0.0
7970,2011,E01000884,2011 super output areas - lower layer,298,Age 15,0.0
7971,2011,E01000884,2011 super output areas - lower layer,298,Age 16 to 17,0.0
7972,2011,E01000884,2011 super output areas - lower layer,298,Age 18 to 19,0.0
7973,2011,E01000884,2011 super output areas - lower layer,298,Age 20 to 24,0.0
7974,2011,E01000884,2011 super output areas - lower layer,298,Age 25 to 29,0.0
7975,2011,E01000884,2011 super output areas - lower layer,298,Age 30 to 44,0.0
7976,2011,E01000884,2011 super output areas - lower layer,298,Age 45 to 59,0.0
7977,2011,E01000884,2011 super output areas - lower layer,298,Age 60 to 64,0.0
7978,2011,E01000884,2011 super output areas - lower layer,298,Age 65 to 74,0.0
7979,2011,E01000884,2011 super output areas - lower layer,298,Age 75 to 84,0.0
7980,2011,E01000884,2011 super output areas - lower layer,298,Age 85 to 89,0.0
7981,2011,E01000884,2011 super output areas - lower layer,298,Age 90 and over,0.0
7982,2011,E01000884,2011 super output areas - lower layer,298,Mean Age,
7983,2011,E01000884,2011 super output areas - lower layer,298,Median Age,0.5
7984,2011,E01000884,2011 super output areas - lower layer,298,All usual residents,0.0
7985,2011,E01000884,2011 super output areas - lower layer,298,Age 0 to 4,0.0
7986,2011,E01000884,2011 super output areas - lower layer,298,Age 5 to 7,0.0
7987,2011,E01000884,2011 super output areas - lower layer,298,Age 8 to 9,0.0
7988,2011,E01000884,2011 super output areas - lower layer,298,Age 10 to 14,0.0
7989,2011,E01000884,2011 super output areas - lower layer,298,Age 15,0.0
7990,2011,E01000884,2011 super output areas - lower layer,298,Age 16 to 17,0.0
7991,2011,E01000884,2011 super output areas - lower layer,298,Age 18 to 19,0.0
7992,2011,E01000884,2011 super output areas - lower layer,298,Age 20 to 24,0.0
7993,2011,E01000884,2011 super output areas - lower layer,298,Age 25 to 29,0.0
7994,2011,E01000884,2011 super output areas - lower layer,298,Age 30 to 44,0.0
7995,2011,E01000884,2011 super output areas - lower layer,298,Age 45 to 59,0.0
7996,2011,E01000884,2011 super output areas - lower layer,298,Age 60 to 64,0.0
7997,2011,E01000884,2011 super output areas - lower layer,298,Age 65 to 74,0.0
7998,2011,E01000884,2011 super output areas - lower layer,298,Age 75 to 84,0.0
7999,2011,E01000884,2011 super output areas - lower layer,298,Age 85 to 89,0.0
8000,2011,E01000884,2011 super output areas - lower layer,298,Age 90 and over,0.0
8001,2011,E01000884,2011 super output areas - lower layer,298,Mean Age,
8002,2011,E01000884,2011 super output areas - lower layer,298,Median Age,0.5
8003,2011,E01000884,2011 super output areas - lower layer,298,All usual residents,0.0
8004,2011,E01000884,2011 super output areas - lower layer,298,Age 0 to 4,0.0
8005,2011,E01000884,2011 super output areas - lower layer,298,Age 5 to 7,0.0
8006,2011,E01000884,2011 super output areas - lower layer,298,Age 8 to 9,0.0
8007,2011,E01000884,2011 super output areas - lower layer,298,Age 10 to 14,0.0
8008,2011,E01000884,2011 super output areas - lower layer,298,Age 15,0.0
8009,2011,E01000884,2011 super output areas - lower layer,298,Age 16 to 17,0.0
8010,2011,E01000884,2011 super output areas - lower layer,298,Age 18 to 19,0.0
8011,2011,E01000884,2011 super output areas - lower layer,298,Age 20 to 24,0.0
8012,2011,E01000884,2011 super output areas - lower layer,298,Age 25 to 29,0.0
8013,2011,E01000884,2011 super output areas - lower layer,298,Age 30 to 44,0.0
8014,2011,E01000884,2011 super output areas - lower layer,298,Age 45 to 59,0.0
8015,2011,E01000884,2011 super output areas - lower layer,298,Age 60 to 64,0.0
8016,2011,E01000884,2011 super output areas - lower layer,298,Age 65 to 74,0.0
8017,2011,E01000884,2011 super output areas - lower layer,298,Age 75 to 84,0.0
8018,2011,E01000884,2011 super output areas - lower layer,298,Age 85 to 89,0.0
8019,2011,E01000884,2011 super output areas - lower layer,298,Age 90 and over,0.0
8020,2011,E01000884,2011 super output areas - lower layer,298,Mean Age,
8021,2011,E01000884,2011 super output areas - lower layer,298,Median Age,0.5
8022,2011,E01000884,2011 super output areas - lower layer,298,All usual residents,0.0
8023,2011,E01000884,2011 super output areas - lower layer,298,Age 0 to 4,0.0
8024,2011,E01000884,2011 super output areas - lower layer,298,Age 5 to 7,0.0
8025,2011,E01000884,2011 super output areas - lower layer,298,Age 8 to 9,0.0
8026,2011,E01000884,2011 super output areas - lower layer,298,Age 10 to 14,0.0
8027,2011,E01000884,2011 super output areas - lower layer,298,Age 15,0.0
8028,2011,E01000884,2011 super output areas - lower layer,298,Age 16 to 17,0.0
8029,2011,E01000884,2011 super output areas - lower layer,298,Age 18 to 19,0.0
8030,2011,E01000884,2011 super output areas - lower layer,298,Age 20 to 24,0.0
8031,2011,E01000884,2011 super output areas - lower layer,298,Age 25 to 29,0.0
8032,2011,E01000884,2011 super output areas - lower layer,298,Age 30 to 44,0.0
8033,2011,E01000884,2011 super output areas - lower layer,298,Age 45 to 59,0.0
8034,2011,E01000884,2011 super output areas - lower layer,298,Age 60 to 64,0.0
8035,2011,E01000884,2011 super output areas - lower layer,298,Age 65 to 74,0.0
8036,2011,E01000884,2011 super output areas - lower layer,298,Age 75 to 84,0.0
8037,2011,E01000884,2011 super output areas - lower layer,298,Age 85 to 89,0.0
8038,2011,E01000884,2011 super output areas - lower layer,298,Age 90 and over,0.0
8039,2011,E01000884,2011 super output areas - lower layer,298,Mean Age,
8040,2011,E01000884,2011 super output areas - lower layer,298,Median Age,0.5
8041,2011,E01000884,2011 super output areas - lower layer,298,All usual residents,0.0
8042,2011,E01000884,2011 super output areas - lower layer,298,Age 0 to 4,0.0
8043,2011,E01000884,2011 super output areas - lower layer,298,Age 5 to 7,0.0
8044,2011,E01000884,2011 super output areas - lower layer,298,Age 8 to 9,0.0
8045,2011,E01000884,2011 super output areas - lower layer,298,Age 10 to 14,0.0
8046,2011,E01000884,2011 super output areas - lower layer,298,Age 15,0.0
8047,2011,E01000884,2011 super output areas - lower layer,298,Age 16 to 17,0.0
8048,2011,E01000884,2011 super output areas - lower layer,298,Age 18 to 19,0.0
8049,2011,E01000884,2011 super output areas - lower layer,298,Age 20 to 24,0.0
8050,2011,E01000884,2011 super output areas - lower layer,298,Age 25 to 29,0.0
8051,2011,E01000884,2011 super output areas - lower layer,298,Age 30 to 44,0.0
8052,2011,E01000884,2011 super output areas - lower layer,298,Age 45 to 59,0.0
8053,2011,E01000884,2011 super output areas - lower layer,298,Age 60 to 64,0.0
8054,2011,E01000884,2011 super output areas - lower layer,298,Age 65 to 74,0.0
8055,2011,E01000884,2011 super output areas - lower layer,298,Age 75 to 84,0.0
8056,2011,E01000884,2011 super output areas - lower layer,298,Age 85 to 89,0.0
8057,2011,E01000884,2011 super output areas - lower layer,298,Age 90 and over,0.0
8058,2011,E01000884,2011 super output areas - lower layer,298,Mean Age,
8059,2011,E01000884,2011 super output areas - lower layer,298,Median Age,0.5
8060,2011,E01000884,2011 super output areas - lower layer,298,All usual residents,0.0
8061,2011,E01000884,2011 super output areas - lower layer,298,Age 0 to 4,0.0
8062,2011,E01000884,2011 super output areas - lower layer,298,Age 5 to 7,0.0
8063,2011,E01000884,2011 super output areas - lower layer,298,Age 8 to 9,0.0
8064,2011,E01000884,2011 super output areas - lower layer,298,Age 10 to 14,0.0
8065,2011,E01000884,2011 super output areas - lower layer,298,Age 15,0.0
8066,2011,E01000884,2011 super output areas - lower layer,298,Age 16 to 17,0.0
8067,2011,E01000884,2011 super output areas - lower layer,298,Age 18 to 19,0.0
8068,2011,E01000884,2011 super output areas - lower layer,298,Age 20 to 24,0.0
8069,2011,E01000884,2011 super output areas - lower layer,298,Age 25 to 29,0.0
8070,2011,E01000884,2011 super output areas - lower layer,298,Age 30 to 44,0.0
8071,2011,E01000884,2011 super output areas - lower layer,298,Age 45 to 59,0.0
8072,2011,E01000884,2011 super output areas - lower layer,298,Age 60 to 64,0.0
8073,2011,E01000884,2011 super output areas - lower layer,298,Age 65 to 74,0.0
8074,2011,E01000884,2011 super output areas - lower layer,298,Age 75 to 84,0.0
8075,2011,E01000884,2011 super output areas - lower layer,298,Age 85 to 89,0.0
8076,2011,E01000884,2011 super output areas - lower layer,298,Age 90 and over,0.0
8077,2011,E01000884,2011 super output areas - lower layer,298,Mean Age,
8078,2011,E01000884,2011 super output areas - lower layer,298,Median Age,0.5
8079,2011,E01000884,2011 super output areas - lower layer,298,All usual residents,0.0
8080,2011,E01000884,2011 super output areas - lower layer,298,Age 0 to 4,0.0
8081,2011,E01000884,2011 super output areas - lower layer,298,Age 5 to 7,0.0
8082,2011,E01000884,2011 super output areas - lower layer,298,Age 8 to 9,0.0
8083,2011,E01000884,2011 super output areas - lower layer,298,Age 10 to 14,0.0
8084,2011,E01000884,2011 super output areas - lower layer,298,Age 15,0.0
8085,2011,E01000884,2011 super output areas - lower layer,298,Age 16 to 17,0.0
8086,2011,E01000884,2011 super output areas - lower layer,298,Age 18 to 19,0.0
8087,2011,E01000884,2011 super output areas - lower layer,298,Age 20 to 24,0.0
8088,2011,E01000884,2011 super output areas - lower layer,298,Age 25 to 29,0.0
8089,2011,E01000884,2011 super output areas - lower layer,298,Age 30 to 44,0.0
8090,2011,E01000884,2011 super output areas - lower layer,298,Age 45 to 59,0.0
8091,2011,E01000884,2011 super output areas - lower layer,298,Age 60 to 64,0.0
8092,2011,E01000884,2011 super output areas - lower layer,298,Age 65 to 74,0.0
8093,2011,E01000884,2011 super output areas - lower layer,298,Age 75 to 84,0.0
8094,2011,E01000884,2011 super output areas - lower layer,298,Age 85 to 89,0.0
8095,2011,E01000884,2011 super output areas - lower layer,298,Age 90 and over,0.0
8096,2011,E01000884,2011 super output areas - lower layer,298,Mean Age,
8097,2011,E01000884,2011 super output areas - lower layer,298,Median Age,0.5
8098,2011,E01000884,2011 super output areas - lower layer,298,All usual residents,0.0
8099,2011,E01000884,2011 super output areas - lower layer,298,Age 0 to 4,0.0
8100,2011,E01000884,2011 super output areas - lower layer,298,Age 5 to 7,0.0
8101,2011,E01000884,2011 super output areas - lower layer,298,Age 8 to 9,0.0
8102,2011,E01000884,2011 super output areas - lower layer,298,Age 10 to 14,0.0
8103,2011,E01000884,2011 super output areas - lower layer,298,Age 15,0.0
8104,2011,E01000884,2011 super output areas - lower layer,298,Age 16 to 17,0.0
8105,2011,E01000884,2011 super output areas - lower layer,298,Age 18 to 19,0.0
8106,2011,E01000884,2011 super output areas - lower layer,298,Age 20 to 24,0.0
8107,2011,E01000884,2011 super output areas - lower layer,298,Age 25 to 29,0.0
8108,2011,E01000884,2011 super output areas - lower layer,298,Age 30 to 44,0.0
8109,2011,E01000884,2011 super output areas - lower layer,298,Age 45 to 59,0.0
8110,2011,E01000884,2011 super output areas - lower layer,298,Age 60 to 64,0.0
8111,2011,E01000884,2011 super output areas - lower layer,298,Age 65 to 74,0.0
8112,2011,E01000884,2011 super output areas - lower layer,298,Age 75 to 84,0.0
8113,2011,E01000884,2011 super output areas - lower layer,298,Age 85 to 89,0.0
8114,2011,E01000884,2011 super output areas - lower layer,298,Age 90 and over,0.0
8115,2011,E01000884,2011 super output areas - lower layer,298,Mean Age,
8116,2011,E01000884,2011 super output areas - lower layer,298,Median Age,0.5
8117,2011,E01000884,2011 super output areas - lower layer,298,All usual residents,0.0
8118,2011,E01000884,2011 super output areas - lower layer,298,Age 0 to 4,0.0
8119,2011,E01000884,2011 super output areas - lower layer,298,Age 5 to 7,0.0
8120,2011,E01000884,2011 super output areas - lower layer,298,Age 8 to 9,0.0
8121,2011,E01000884,2011 super output areas - lower layer,298,Age 10 to 14,0.0
8122,2011,E01000884,2011 super output areas - lower layer,298,Age 15,0.0
8123,2011,E01000884,2011 super output areas - lower layer,298,Age 16 to 17,0.0
8124,2011,E01000884,2011 super output areas - lower layer,298,Age 18 to 19,0.0
8125,2011,E01000884,2011 super output areas - lower layer,298,Age 20 to 24,0.0
8126,2011,E01000884,2011 super output areas - lower layer,298,Age 25 to 29,0.0
8127,2011,E01000884,2011 super output areas - lower layer,298,Age 30 to 44,0.0
8128,2011,E01000884,2011 super output areas - lower layer,298,Age 45 to 59,0.0
8129,2011,E01000884,2011 super output areas - lower layer,298,Age 60 to 64,0.0
8130,2011,E01000884,2011 super output areas - lower layer,298,Age 65 to 74,0.0
8131,2011,E01000884,2011 super output areas - lower layer,298,Age 75 to 84,0.0
8132,2011,E01000884,2011 super output areas - lower layer,298,Age 85 to 89,0.0
8133,2011,E01000884,2011 super output areas - lower layer,298,Age 90 and over,0.0
8134,2011,E01000884,2011 super output areas - lower layer,298,Mean Age,
8135,2011,E01000884,2011 super output areas - lower layer,298,Median Age,0.5
8136,2011,E01000884,2011 super output areas - lower layer,298,All usual residents,0.0
8137,2011,E01000884,2011 super output areas - lower layer,298,Age 0 to 4,0.0
8138,2011,E01000884,2011 super output areas - lower layer,298,Age 5 to 7,0.0
8139,2011,E01000884,2011 super output areas - lower layer,298,Age 8 to 9,0.0
8140,2011,E01000884,2011 super output areas - lower layer,298,Age 10 to 14,0.0
8141,2011,E01000884,2011 super output areas - lower layer,298,Age 15,0.0
8142,2011,E01000884,2011 super output areas - lower layer,298,Age 16 to 17,0.0
8143,2011,E01000884,2011 super output areas - lower layer,298,Age 18 to 19,0.0
8144,2011,E01000884,2011 super output areas - lower layer,298,Age 20 to 24,0.0
8145,2011,E01000884,2011 super output areas - lower layer,298,Age 25 to 29,0.0
8146,2011,E01000884,2011 super output areas - lower layer,298,Age 30 to 44,0.0
8147,2011,E01000884,2011 super output areas - lower layer,298,Age 45 to 59,0.0
8148,2011,E01000884,2011 super output areas - lower layer,298,Age 60 to 64,0.0
8149,2011,E01000884,2011 super output areas - lower layer,298,Age 65 to 74,0.0
8150,2011,E01000884,2011 super output areas - lower layer,298,Age 75 to 84,0.0
8151,2011,E01000884,2011 super output areas - lower layer,298,Age 85 to 89,0.0
8152,2011,E01000884,2011 super output areas - lower layer,298,Age 90 and over,0.0
8153,2011,E01000884,2011 super output areas - lower layer,298,Mean Age,
8154,2011,E01000884,2011 super output areas - lower layer,298,Median Age,0.5
8155,2011,E01000885,2011 super output areas - lower layer,298,All usual residents,1484.0
8156,2011,E01000885,2011 super output areas - lower layer,298,Age 0 to 4,108.0
8157,2011,E01000885,2011 super output areas - lower layer,298,Age 5 to 7,68.0
8158,2011,E01000885,2011 super output areas - lower layer,298,Age 8 to 9,34.0
8159,2011,E01000885,2011 super output areas - lower layer,298,Age 10 to 14,66.0
8160,2011,E01000885,2011 super output areas - lower layer,298,Age 15,11.0
8161,2011,E01000885,2011 super output areas - lower layer,298,Age 16 to 17,26.0
8162,2011,E01000885,2011 super output areas - lower layer,298,Age 18 to 19,15.0
8163,2011,E01000885,2011 super output areas - lower layer,298,Age 20 to 24,58.0
8164,2011,E01000885,2011 super output areas - lower layer,298,Age 25 to 29,85.0
8165,2011,E01000885,2011 super output areas - lower layer,298,Age 30 to 44,314.0
8166,2011,E01000885,2011 super output areas - lower layer,298,Age 45 to 59,249.0
8167,2011,E01000885,2011 super output areas - lower layer,298,Age 60 to 64,94.0
8168,2011,E01000885,2011 super output areas - lower layer,298,Age 65 to 74,177.0
8169,2011,E01000885,2011 super output areas - lower layer,298,Age 75 to 84,113.0
8170,2011,E01000885,2011 super output areas - lower layer,298,Age 85 to 89,44.0
8171,2011,E01000885,2011 super output areas - lower layer,298,Age 90 and over,22.0
8172,2011,E01000885,2011 super output areas - lower layer,298,Mean Age,42.9
8173,2011,E01000885,2011 super output areas - lower layer,298,Median Age,43.0
8174,2011,E01000885,2011 super output areas - lower layer,298,All usual residents,0.0
8175,2011,E01000885,2011 super output areas - lower layer,298,Age 0 to 4,0.0
8176,2011,E01000885,2011 super output areas - lower layer,298,Age 5 to 7,0.0
8177,2011,E01000885,2011 super output areas - lower layer,298,Age 8 to 9,0.0
8178,2011,E01000885,2011 super output areas - lower layer,298,Age 10 to 14,0.0
8179,2011,E01000885,2011 super output areas - lower layer,298,Age 15,0.0
8180,2011,E01000885,2011 super output areas - lower layer,298,Age 16 to 17,0.0
8181,2011,E01000885,2011 super output areas - lower layer,298,Age 18 to 19,0.0
8182,2011,E01000885,2011 super output areas - lower layer,298,Age 20 to 24,0.0
8183,2011,E01000885,2011 super output areas - lower layer,298,Age 25 to 29,0.0
8184,2011,E01000885,2011 super output areas - lower layer,298,Age 30 to 44,0.0
8185,2011,E01000885,2011 super output areas - lower layer,298,Age 45 to 59,0.0
8186,2011,E01000885,2011 super output areas - lower layer,298,Age 60 to 64,0.0
8187,2011,E01000885,2011 super output areas - lower layer,298,Age 65 to 74,0.0
8188,2011,E01000885,2011 super output areas - lower layer,298,Age 75 to 84,0.0
8189,2011,E01000885,2011 super output areas - lower layer,298,Age 85 to 89,0.0
8190,2011,E01000885,2011 super output areas - lower layer,298,Age 90 and over,0.0
8191,2011,E01000885,2011 super output areas - lower layer,298,Mean Age,
8192,2011,E01000885,2011 super output areas - lower layer,298,Median Age,0.5
8193,2011,E01000885,2011 super output areas - lower layer,298,All usual residents,0.0
8194,2011,E01000885,2011 super output areas - lower layer,298,Age 0 to 4,0.0
8195,2011,E01000885,2011 super output areas - lower layer,298,Age 5 to 7,0.0
8196,2011,E01000885,2011 super output areas - lower layer,298,Age 8 to 9,0.0
8197,2011,E01000885,2011 super output areas - lower layer,298,Age 10 to 14,0.0
8198,2011,E01000885,2011 super output areas - lower layer,298,Age 15,0.0
8199,2011,E01000885,2011 super output areas - lower layer,298,Age 16 to 17,0.0
8200,2011,E01000885,2011 super output areas - lower layer,298,Age 18 to 19,0.0
8201,2011,E01000885,2011 super output areas - lower layer,298,Age 20 to 24,0.0
8202,2011,E01000885,2011 super output areas - lower layer,298,Age 25 to 29,0.0
8203,2011,E01000885,2011 super output areas - lower layer,298,Age 30 to 44,0.0
8204,2011,E01000885,2011 super output areas - lower layer,298,Age 45 to 59,0.0
8205,2011,E01000885,2011 super output areas - lower layer,298,Age 60 to 64,0.0
8206,2011,E01000885,2011 super output areas - lower layer,298,Age 65 to 74,0.0
8207,2011,E01000885,2011 super output areas - lower layer,298,Age 75 to 84,0.0
8208,2011,E01000885,2011 super output areas - lower layer,298,Age 85 to 89,0.0
8209,2011,E01000885,2011 super output areas - lower layer,298,Age 90 and over,0.0
8210,2011,E01000885,2011 super output areas - lower layer,298,Mean Age,
8211,2011,E01000885,2011 super output areas - lower layer,298,Median Age,0.5
8212,2011,E01000885,2011 super output areas - lower layer,298,All usual residents,0.0
8213,2011,E01000885,2011 super output areas - lower layer,298,Age 0 to 4,0.0
8214,2011,E01000885,2011 super output areas - lower layer,298,Age 5 to 7,0.0
8215,2011,E01000885,2011 super output areas - lower layer,298,Age 8 to 9,0.0
8216,2011,E01000885,2011 super output areas - lower layer,298,Age 10 to 14,0.0
8217,2011,E01000885,2011 super output areas - lower layer,298,Age 15,0.0
8218,2011,E01000885,2011 super output areas - lower layer,298,Age 16 to 17,0.0
8219,2011,E01000885,2011 super output areas - lower layer,298,Age 18 to 19,0.0
8220,2011,E01000885,2011 super output areas - lower layer,298,Age 20 to 24,0.0
8221,2011,E01000885,2011 super output areas - lower layer,298,Age 25 to 29,0.0
8222,2011,E01000885,2011 super output areas - lower layer,298,Age 30 to 44,0.0
8223,2011,E01000885,2011 super output areas - lower layer,298,Age 45 to 59,0.0
8224,2011,E01000885,2011 super output areas - lower layer,298,Age 60 to 64,0.0
8225,2011,E01000885,2011 super output areas - lower layer,298,Age 65 to 74,0.0
8226,2011,E01000885,2011 super output areas - lower layer,298,Age 75 to 84,0.0
8227,2011,E01000885,2011 super output areas - lower layer,298,Age 85 to 89,0.0
8228,2011,E01000885,2011 super output areas - lower layer,298,Age 90 and over,0.0
8229,2011,E01000885,2011 super output areas - lower layer,298,Mean Age,
8230,2011,E01000885,2011 super output areas - lower layer,298,Median Age,0.5
8231,2011,E01000885,2011 super output areas - lower layer,298,All usual residents,0.0
8232,2011,E01000885,2011 super output areas - lower layer,298,Age 0 to 4,0.0
8233,2011,E01000885,2011 super output areas - lower layer,298,Age 5 to 7,0.0
8234,2011,E01000885,2011 super output areas - lower layer,298,Age 8 to 9,0.0
8235,2011,E01000885,2011 super output areas - lower layer,298,Age 10 to 14,0.0
8236,2011,E01000885,2011 super output areas - lower layer,298,Age 15,0.0
8237,2011,E01000885,2011 super output areas - lower layer,298,Age 16 to 17,0.0
8238,2011,E01000885,2011 super output areas - lower layer,298,Age 18 to 19,0.0
8239,2011,E01000885,2011 super output areas - lower layer,298,Age 20 to 24,0.0
8240,2011,E01000885,2011 super output areas - lower layer,298,Age 25 to 29,0.0
8241,2011,E01000885,2011 super output areas - lower layer,298,Age 30 to 44,0.0
8242,2011,E01000885,2011 super output areas - lower layer,298,Age 45 to 59,0.0
8243,2011,E01000885,2011 super output areas - lower layer,298,Age 60 to 64,0.0
8244,2011,E01000885,2011 super output areas - lower layer,298,Age 65 to 74,0.0
8245,2011,E01000885,2011 super output areas - lower layer,298,Age 75 to 84,0.0
8246,2011,E01000885,2011 super output areas - lower layer,298,Age 85 to 89,0.0
8247,2011,E01000885,2011 super output areas - lower layer,298,Age 90 and over,0.0
8248,2011,E01000885,2011 super output areas - lower layer,298,Mean Age,
8249,2011,E01000885,2011 super output areas - lower layer,298,Median Age,0.5
8250,2011,E01000885,2011 super output areas - lower layer,298,All usual residents,0.0
8251,2011,E01000885,2011 super output areas - lower layer,298,Age 0 to 4,0.0
8252,2011,E01000885,2011 super output areas - lower layer,298,Age 5 to 7,0.0
8253,2011,E01000885,2011 super output areas - lower layer,298,Age 8 to 9,0.0
8254,2011,E01000885,2011 super output areas - lower layer,298,Age 10 to 14,0.0
8255,2011,E01000885,2011 super output areas - lower layer,298,Age 15,0.0
8256,2011,E01000885,2011 super output areas - lower layer,298,Age 16 to 17,0.0
8257,2011,E01000885,2011 super output areas - lower layer,298,Age 18 to 19,0.0
8258,2011,E01000885,2011 super output areas - lower layer,298,Age 20 to 24,0.0
8259,2011,E01000885,2011 super output areas - lower layer,298,Age 25 to 29,0.0
8260,2011,E01000885,2011 super output areas - lower layer,298,Age 30 to 44,0.0
8261,2011,E01000885,2011 super output areas - lower layer,298,Age 45 to 59,0.0
8262,2011,E01000885,2011 super output areas - lower layer,298,Age 60 to 64,0.0
8263,2011,E01000885,2011 super output areas - lower layer,298,Age 65 to 74,0.0
8264,2011,E01000885,2011 super output areas - lower layer,298,Age 75 to 84,0.0
8265,2011,E01000885,2011 super output areas - lower layer,298,Age 85 to 89,0.0
8266,2011,E01000885,2011 super output areas - lower layer,298,Age 90 and over,0.0
8267,2011,E01000885,2011 super output areas - lower layer,298,Mean Age,
8268,2011,E01000885,2011 super output areas - lower layer,298,Median Age,0.5
8269,2011,E01000885,2011 super output areas - lower layer,298,All usual residents,0.0
8270,2011,E01000885,2011 super output areas - lower layer,298,Age 0 to 4,0.0
8271,2011,E01000885,2011 super output areas - lower layer,298,Age 5 to 7,0.0
8272,2011,E01000885,2011 super output areas - lower layer,298,Age 8 to 9,0.0
8273,2011,E01000885,2011 super output areas - lower layer,298,Age 10 to 14,0.0
8274,2011,E01000885,2011 super output areas - lower layer,298,Age 15,0.0
8275,2011,E01000885,2011 super output areas - lower layer,298,Age 16 to 17,0.0
8276,2011,E01000885,2011 super output areas - lower layer,298,Age 18 to 19,0.0
8277,2011,E01000885,2011 super output areas - lower layer,298,Age 20 to 24,0.0
8278,2011,E01000885,2011 super output areas - lower layer,298,Age 25 to 29,0.0
8279,2011,E01000885,2011 super output areas - lower layer,298,Age 30 to 44,0.0
8280,2011,E01000885,2011 super output areas - lower layer,298,Age 45 to 59,0.0
8281,2011,E01000885,2011 super output areas - lower layer,298,Age 60 to 64,0.0
8282,2011,E01000885,2011 super output areas - lower layer,298,Age 65 to 74,0.0
8283,2011,E01000885,2011 super output areas - lower layer,298,Age 75 to 84,0.0
8284,2011,E01000885,2011 super output areas - lower layer,298,Age 85 to 89,0.0
8285,2011,E01000885,2011 super output areas - lower layer,298,Age 90 and over,0.0
8286,2011,E01000885,2011 super output areas - lower layer,298,Mean Age,
8287,2011,E01000885,2011 super output areas - lower layer,298,Median Age,0.5
8288,2011,E01000885,2011 super output areas - lower layer,298,All usual residents,0.0
8289,2011,E01000885,2011 super output areas - lower layer,298,Age 0 to 4,0.0
8290,2011,E01000885,2011 super output areas - lower layer,298,Age 5 to 7,0.0
8291,2011,E01000885,2011 super output areas - lower layer,298,Age 8 to 9,0.0
8292,2011,E01000885,2011 super output areas - lower layer,298,Age 10 to 14,0.0
8293,2011,E01000885,2011 super output areas - lower layer,298,Age 15,0.0
8294,2011,E01000885,2011 super output areas - lower layer,298,Age 16 to 17,0.0
8295,2011,E01000885,2011 super output areas - lower layer,298,Age 18 to 19,0.0
8296,2011,E01000885,2011 super output areas - lower layer,298,Age 20 to 24,0.0
8297,2011,E01000885,2011 super output areas - lower layer,298,Age 25 to 29,0.0
8298,2011,E01000885,2011 super output areas - lower layer,298,Age 30 to 44,0.0
8299,2011,E01000885,2011 super output areas - lower layer,298,Age 45 to 59,0.0
8300,2011,E01000885,2011 super output areas - lower layer,298,Age 60 to 64,0.0
8301,2011,E01000885,2011 super output areas - lower layer,298,Age 65 to 74,0.0
8302,2011,E01000885,2011 super output areas - lower layer,298,Age 75 to 84,0.0
8303,2011,E01000885,2011 super output areas - lower layer,298,Age 85 to 89,0.0
8304,2011,E01000885,2011 super output areas - lower layer,298,Age 90 and over,0.0
8305,2011,E01000885,2011 super output areas - lower layer,298,Mean Age,
8306,2011,E01000885,2011 super output areas - lower layer,298,Median Age,0.5
8307,2011,E01000885,2011 super output areas - lower layer,298,All usual residents,0.0
8308,2011,E01000885,2011 super output areas - lower layer,298,Age 0 to 4,0.0
8309,2011,E01000885,2011 super output areas - lower layer,298,Age 5 to 7,0.0
8310,2011,E01000885,2011 super output areas - lower layer,298,Age 8 to 9,0.0
8311,2011,E01000885,2011 super output areas - lower layer,298,Age 10 to 14,0.0
8312,2011,E01000885,2011 super output areas - lower layer,298,Age 15,0.0
8313,2011,E01000885,2011 super output areas - lower layer,298,Age 16 to 17,0.0
8314,2011,E01000885,2011 super output areas - lower layer,298,Age 18 to 19,0.0
8315,2011,E01000885,2011 super output areas - lower layer,298,Age 20 to 24,0.0
8316,2011,E01000885,2011 super output areas - lower layer,298,Age 25 to 29,0.0
8317,2011,E01000885,2011 super output areas - lower layer,298,Age 30 to 44,0.0
8318,2011,E01000885,2011 super output areas - lower layer,298,Age 45 to 59,0.0
8319,2011,E01000885,2011 super output areas - lower layer,298,Age 60 to 64,0.0
8320,2011,E01000885,2011 super output areas - lower layer,298,Age 65 to 74,0.0
8321,2011,E01000885,2011 super output areas - lower layer,298,Age 75 to 84,0.0
8322,2011,E01000885,2011 super output areas - lower layer,298,Age 85 to 89,0.0
8323,2011,E01000885,2011 super output areas - lower layer,298,Age 90 and over,0.0
8324,2011,E01000885,2011 super output areas - lower layer,298,Mean Age,
8325,2011,E01000885,2011 super output areas - lower layer,298,Median Age,0.5
8326,2011,E01000885,2011 super output areas - lower layer,298,All usual residents,0.0
8327,2011,E01000885,2011 super output areas - lower layer,298,Age 0 to 4,0.0
8328,2011,E01000885,2011 super output areas - lower layer,298,Age 5 to 7,0.0
8329,2011,E01000885,2011 super output areas - lower layer,298,Age 8 to 9,0.0
8330,2011,E01000885,2011 super output areas - lower layer,298,Age 10 to 14,0.0
8331,2011,E01000885,2011 super output areas - lower layer,298,Age 15,0.0
8332,2011,E01000885,2011 super output areas - lower layer,298,Age 16 to 17,0.0
8333,2011,E01000885,2011 super output areas - lower layer,298,Age 18 to 19,0.0
8334,2011,E01000885,2011 super output areas - lower layer,298,Age 20 to 24,0.0
8335,2011,E01000885,2011 super output areas - lower layer,298,Age 25 to 29,0.0
8336,2011,E01000885,2011 super output areas - lower layer,298,Age 30 to 44,0.0
8337,2011,E01000885,2011 super output areas - lower layer,298,Age 45 to 59,0.0
8338,2011,E01000885,2011 super output areas - lower layer,298,Age 60 to 64,0.0
8339,2011,E01000885,2011 super output areas - lower layer,298,Age 65 to 74,0.0
8340,2011,E01000885,2011 super output areas - lower layer,298,Age 75 to 84,0.0
8341,2011,E01000885,2011 super output areas - lower layer,298,Age 85 to 89,0.0
8342,2011,E01000885,2011 super output areas - lower layer,298,Age 90 and over,0.0
8343,2011,E01000885,2011 super output areas - lower layer,298,Mean Age,
8344,2011,E01000885,2011 super output areas - lower layer,298,Median Age,0.5
8345,2011,E01000885,2011 super output areas - lower layer,298,All usual residents,0.0
8346,2011,E01000885,2011 super output areas - lower layer,298,Age 0 to 4,0.0
8347,2011,E01000885,2011 super output areas - lower layer,298,Age 5 to 7,0.0
8348,2011,E01000885,2011 super output areas - lower layer,298,Age 8 to 9,0.0
8349,2011,E01000885,2011 super output areas - lower layer,298,Age 10 to 14,0.0
8350,2011,E01000885,2011 super output areas - lower layer,298,Age 15,0.0
8351,2011,E01000885,2011 super output areas - lower layer,298,Age 16 to 17,0.0
8352,2011,E01000885,2011 super output areas - lower layer,298,Age 18 to 19,0.0
8353,2011,E01000885,2011 super output areas - lower layer,298,Age 20 to 24,0.0
8354,2011,E01000885,2011 super output areas - lower layer,298,Age 25 to 29,0.0
8355,2011,E01000885,2011 super output areas - lower layer,298,Age 30 to 44,0.0
8356,2011,E01000885,2011 super output areas - lower layer,298,Age 45 to 59,0.0
8357,2011,E01000885,2011 super output areas - lower layer,298,Age 60 to 64,0.0
8358,2011,E01000885,2011 super output areas - lower layer,298,Age 65 to 74,0.0
8359,2011,E01000885,2011 super output areas - lower layer,298,Age 75 to 84,0.0
8360,2011,E01000885,2011 super output areas - lower layer,298,Age 85 to 89,0.0
8361,2011,E01000885,2011 super output areas - lower layer,298,Age 90 and over,0.0
8362,2011,E01000885,2011 super output areas - lower layer,298,Mean Age,
8363,2011,E01000885,2011 super output areas - lower layer,298,Median Age,0.5
8364,2011,E01000885,2011 super output areas - lower layer,298,All usual residents,0.0
8365,2011,E01000885,2011 super output areas - lower layer,298,Age 0 to 4,0.0
8366,2011,E01000885,2011 super output areas - lower layer,298,Age 5 to 7,0.0
8367,2011,E01000885,2011 super output areas - lower layer,298,Age 8 to 9,0.0
8368,2011,E01000885,2011 super output areas - lower layer,298,Age 10 to 14,0.0
8369,2011,E01000885,2011 super output areas - lower layer,298,Age 15,0.0
8370,2011,E01000885,2011 super output areas - lower layer,298,Age 16 to 17,0.0
8371,2011,E01000885,2011 super output areas - lower layer,298,Age 18 to 19,0.0
8372,2011,E01000885,2011 super output areas - lower layer,298,Age 20 to 24,0.0
8373,2011,E01000885,2011 super output areas - lower layer,298,Age 25 to 29,0.0
8374,2011,E01000885,2011 super output areas - lower layer,298,Age 30 to 44,0.0
8375,2011,E01000885,2011 super output areas - lower layer,298,Age 45 to 59,0.0
8376,2011,E01000885,2011 super output areas - lower layer,298,Age 60 to 64,0.0
8377,2011,E01000885,2011 super output areas - lower layer,298,Age 65 to 74,0.0
8378,2011,E01000885,2011 super output areas - lower layer,298,Age 75 to 84,0.0
8379,2011,E01000885,2011 super output areas - lower layer,298,Age 85 to 89,0.0
8380,2011,E01000885,2011 super output areas - lower layer,298,Age 90 and over,0.0
8381,2011,E01000885,2011 super output areas - lower layer,298,Mean Age,
8382,2011,E01000885,2011 super output areas - lower layer,298,Median Age,0.5
8383,2011,E01000885,2011 super output areas - lower layer,298,All usual residents,0.0
8384,2011,E01000885,2011 super output areas - lower layer,298,Age 0 to 4,0.0
8385,2011,E01000885,2011 super output areas - lower layer,298,Age 5 to 7,0.0
8386,2011,E01000885,2011 super output areas - lower layer,298,Age 8 to 9,0.0
8387,2011,E01000885,2011 super output areas - lower layer,298,Age 10 to 14,0.0
8388,2011,E01000885,2011 super output areas - lower layer,298,Age 15,0.0
8389,2011,E01000885,2011 super output areas - lower layer,298,Age 16 to 17,0.0
8390,2011,E01000885,2011 super output areas - lower layer,298,Age 18 to 19,0.0
8391,2011,E01000885,2011 super output areas - lower layer,298,Age 20 to 24,0.0
8392,2011,E01000885,2011 super output areas - lower layer,298,Age 25 to 29,0.0
8393,2011,E01000885,2011 super output areas - lower layer,298,Age 30 to 44,0.0
8394,2011,E01000885,2011 super output areas - lower layer,298,Age 45 to 59,0.0
8395,2011,E01000885,2011 super output areas - lower layer,298,Age 60 to 64,0.0
8396,2011,E01000885,2011 super output areas - lower layer,298,Age 65 to 74,0.0
8397,2011,E01000885,2011 super output areas - lower layer,298,Age 75 to 84,0.0
8398,2011,E01000885,2011 super output areas - lower layer,298,Age 85 to 89,0.0
8399,2011,E01000885,2011 super output areas - lower layer,298,Age 90 and over,0.0
8400,2011,E01000885,2011 super output areas - lower layer,298,Mean Age,
8401,2011,E01000885,2011 super output areas - lower layer,298,Median Age,0.5
8402,2011,E01000871,2011 super output areas - lower layer,298,All usual residents,1664.0
8403,2011,E01000871,2011 super output areas - lower layer,298,Age 0 to 4,109.0
8404,2011,E01000871,2011 super output areas - lower layer,298,Age 5 to 7,50.0
8405,2011,E01000871,2011 super output areas - lower layer,298,Age 8 to 9,38.0
8406,2011,E01000871,2011 super output areas - lower layer,298,Age 10 to 14,102.0
8407,2011,E01000871,2011 super output areas - lower layer,298,Age 15,13.0
8408,2011,E01000871,2011 super output areas - lower layer,298,Age 16 to 17,30.0
8409,2011,E01000871,2011 super output areas - lower layer,298,Age 18 to 19,20.0
8410,2011,E01000871,2011 super output areas - lower layer,298,Age 20 to 24,99.0
8411,2011,E01000871,2011 super output areas - lower layer,298,Age 25 to 29,192.0
8412,2011,E01000871,2011 super output areas - lower layer,298,Age 30 to 44,404.0
8413,2011,E01000871,2011 super output areas - lower layer,298,Age 45 to 59,332.0
8414,2011,E01000871,2011 super output areas - lower layer,298,Age 60 to 64,93.0
8415,2011,E01000871,2011 super output areas - lower layer,298,Age 65 to 74,97.0
8416,2011,E01000871,2011 super output areas - lower layer,298,Age 75 to 84,60.0
8417,2011,E01000871,2011 super output areas - lower layer,298,Age 85 to 89,14.0
8418,2011,E01000871,2011 super output areas - lower layer,298,Age 90 and over,11.0
8419,2011,E01000871,2011 super output areas - lower layer,298,Mean Age,37.1
8420,2011,E01000871,2011 super output areas - lower layer,298,Median Age,36.0
8421,2011,E01000871,2011 super output areas - lower layer,298,All usual residents,0.0
8422,2011,E01000871,2011 super output areas - lower layer,298,Age 0 to 4,0.0
8423,2011,E01000871,2011 super output areas - lower layer,298,Age 5 to 7,0.0
8424,2011,E01000871,2011 super output areas - lower layer,298,Age 8 to 9,0.0
8425,2011,E01000871,2011 super output areas - lower layer,298,Age 10 to 14,0.0
8426,2011,E01000871,2011 super output areas - lower layer,298,Age 15,0.0
8427,2011,E01000871,2011 super output areas - lower layer,298,Age 16 to 17,0.0
8428,2011,E01000871,2011 super output areas - lower layer,298,Age 18 to 19,0.0
8429,2011,E01000871,2011 super output areas - lower layer,298,Age 20 to 24,0.0
8430,2011,E01000871,2011 super output areas - lower layer,298,Age 25 to 29,0.0
8431,2011,E01000871,2011 super output areas - lower layer,298,Age 30 to 44,0.0
8432,2011,E01000871,2011 super output areas - lower layer,298,Age 45 to 59,0.0
8433,2011,E01000871,2011 super output areas - lower layer,298,Age 60 to 64,0.0
8434,2011,E01000871,2011 super output areas - lower layer,298,Age 65 to 74,0.0
8435,2011,E01000871,2011 super output areas - lower layer,298,Age 75 to 84,0.0
8436,2011,E01000871,2011 super output areas - lower layer,298,Age 85 to 89,0.0
8437,2011,E01000871,2011 super output areas - lower layer,298,Age 90 and over,0.0
8438,2011,E01000871,2011 super output areas - lower layer,298,Mean Age,
8439,2011,E01000871,2011 super output areas - lower layer,298,Median Age,0.5
8440,2011,E01000871,2011 super output areas - lower layer,298,All usual residents,0.0
8441,2011,E01000871,2011 super output areas - lower layer,298,Age 0 to 4,0.0
8442,2011,E01000871,2011 super output areas - lower layer,298,Age 5 to 7,0.0
8443,2011,E01000871,2011 super output areas - lower layer,298,Age 8 to 9,0.0
8444,2011,E01000871,2011 super output areas - lower layer,298,Age 10 to 14,0.0
8445,2011,E01000871,2011 super output areas - lower layer,298,Age 15,0.0
8446,2011,E01000871,2011 super output areas - lower layer,298,Age 16 to 17,0.0
8447,2011,E01000871,2011 super output areas - lower layer,298,Age 18 to 19,0.0
8448,2011,E01000871,2011 super output areas - lower layer,298,Age 20 to 24,0.0
8449,2011,E01000871,2011 super output areas - lower layer,298,Age 25 to 29,0.0
8450,2011,E01000871,2011 super output areas - lower layer,298,Age 30 to 44,0.0
8451,2011,E01000871,2011 super output areas - lower layer,298,Age 45 to 59,0.0
8452,2011,E01000871,2011 super output areas - lower layer,298,Age 60 to 64,0.0
8453,2011,E01000871,2011 super output areas - lower layer,298,Age 65 to 74,0.0
8454,2011,E01000871,2011 super output areas - lower layer,298,Age 75 to 84,0.0
8455,2011,E01000871,2011 super output areas - lower layer,298,Age 85 to 89,0.0
8456,2011,E01000871,2011 super output areas - lower layer,298,Age 90 and over,0.0
8457,2011,E01000871,2011 super output areas - lower layer,298,Mean Age,
8458,2011,E01000871,2011 super output areas - lower layer,298,Median Age,0.5
8459,2011,E01000871,2011 super output areas - lower layer,298,All usual residents,0.0
8460,2011,E01000871,2011 super output areas - lower layer,298,Age 0 to 4,0.0
8461,2011,E01000871,2011 super output areas - lower layer,298,Age 5 to 7,0.0
8462,2011,E01000871,2011 super output areas - lower layer,298,Age 8 to 9,0.0
8463,2011,E01000871,2011 super output areas - lower layer,298,Age 10 to 14,0.0
8464,2011,E01000871,2011 super output areas - lower layer,298,Age 15,0.0
8465,2011,E01000871,2011 super output areas - lower layer,298,Age 16 to 17,0.0
8466,2011,E01000871,2011 super output areas - lower layer,298,Age 18 to 19,0.0
8467,2011,E01000871,2011 super output areas - lower layer,298,Age 20 to 24,0.0
8468,2011,E01000871,2011 super output areas - lower layer,298,Age 25 to 29,0.0
8469,2011,E01000871,2011 super output areas - lower layer,298,Age 30 to 44,0.0
8470,2011,E01000871,2011 super output areas - lower layer,298,Age 45 to 59,0.0
8471,2011,E01000871,2011 super output areas - lower layer,298,Age 60 to 64,0.0
8472,2011,E01000871,2011 super output areas - lower layer,298,Age 65 to 74,0.0
8473,2011,E01000871,2011 super output areas - lower layer,298,Age 75 to 84,0.0
8474,2011,E01000871,2011 super output areas - lower layer,298,Age 85 to 89,0.0
8475,2011,E01000871,2011 super output areas - lower layer,298,Age 90 and over,0.0
8476,2011,E01000871,2011 super output areas - lower layer,298,Mean Age,
8477,2011,E01000871,2011 super output areas - lower layer,298,Median Age,0.5
8478,2011,E01000871,2011 super output areas - lower layer,298,All usual residents,0.0
8479,2011,E01000871,2011 super output areas - lower layer,298,Age 0 to 4,0.0
8480,2011,E01000871,2011 super output areas - lower layer,298,Age 5 to 7,0.0
8481,2011,E01000871,2011 super output areas - lower layer,298,Age 8 to 9,0.0
8482,2011,E01000871,2011 super output areas - lower layer,298,Age 10 to 14,0.0
8483,2011,E01000871,2011 super output areas - lower layer,298,Age 15,0.0
8484,2011,E01000871,2011 super output areas - lower layer,298,Age 16 to 17,0.0
8485,2011,E01000871,2011 super output areas - lower layer,298,Age 18 to 19,0.0
8486,2011,E01000871,2011 super output areas - lower layer,298,Age 20 to 24,0.0
8487,2011,E01000871,2011 super output areas - lower layer,298,Age 25 to 29,0.0
8488,2011,E01000871,2011 super output areas - lower layer,298,Age 30 to 44,0.0
8489,2011,E01000871,2011 super output areas - lower layer,298,Age 45 to 59,0.0
8490,2011,E01000871,2011 super output areas - lower layer,298,Age 60 to 64,0.0
8491,2011,E01000871,2011 super output areas - lower layer,298,Age 65 to 74,0.0
8492,2011,E01000871,2011 super output areas - lower layer,298,Age 75 to 84,0.0
8493,2011,E01000871,2011 super output areas - lower layer,298,Age 85 to 89,0.0
8494,2011,E01000871,2011 super output areas - lower layer,298,Age 90 and over,0.0
8495,2011,E01000871,2011 super output areas - lower layer,298,Mean Age,
8496,2011,E01000871,2011 super output areas - lower layer,298,Median Age,0.5
8497,2011,E01000871,2011 super output areas - lower layer,298,All usual residents,0.0
8498,2011,E01000871,2011 super output areas - lower layer,298,Age 0 to 4,0.0
8499,2011,E01000871,2011 super output areas - lower layer,298,Age 5 to 7,0.0
8500,2011,E01000871,2011 super output areas - lower layer,298,Age 8 to 9,0.0
8501,2011,E01000871,2011 super output areas - lower layer,298,Age 10 to 14,0.0
8502,2011,E01000871,2011 super output areas - lower layer,298,Age 15,0.0
8503,2011,E01000871,2011 super output areas - lower layer,298,Age 16 to 17,0.0
8504,2011,E01000871,2011 super output areas - lower layer,298,Age 18 to 19,0.0
8505,2011,E01000871,2011 super output areas - lower layer,298,Age 20 to 24,0.0
8506,2011,E01000871,2011 super output areas - lower layer,298,Age 25 to 29,0.0
8507,2011,E01000871,2011 super output areas - lower layer,298,Age 30 to 44,0.0
8508,2011,E01000871,2011 super output areas - lower layer,298,Age 45 to 59,0.0
8509,2011,E01000871,2011 super output areas - lower layer,298,Age 60 to 64,0.0
8510,2011,E01000871,2011 super output areas - lower layer,298,Age 65 to 74,0.0
8511,2011,E01000871,2011 super output areas - lower layer,298,Age 75 to 84,0.0
8512,2011,E01000871,2011 super output areas - lower layer,298,Age 85 to 89,0.0
8513,2011,E01000871,2011 super output areas - lower layer,298,Age 90 and over,0.0
8514,2011,E01000871,2011 super output areas - lower layer,298,Mean Age,
8515,2011,E01000871,2011 super output areas - lower layer,298,Median Age,0.5
8516,2011,E01000871,2011 super output areas - lower layer,298,All usual residents,0.0
8517,2011,E01000871,2011 super output areas - lower layer,298,Age 0 to 4,0.0
8518,2011,E01000871,2011 super output areas - lower layer,298,Age 5 to 7,0.0
8519,2011,E01000871,2011 super output areas - lower layer,298,Age 8 to 9,0.0
8520,2011,E01000871,2011 super output areas - lower layer,298,Age 10 to 14,0.0
8521,2011,E01000871,2011 super output areas - lower layer,298,Age 15,0.0
8522,2011,E01000871,2011 super output areas - lower layer,298,Age 16 to 17,0.0
8523,2011,E01000871,2011 super output areas - lower layer,298,Age 18 to 19,0.0
8524,2011,E01000871,2011 super output areas - lower layer,298,Age 20 to 24,0.0
8525,2011,E01000871,2011 super output areas - lower layer,298,Age 25 to 29,0.0
8526,2011,E01000871,2011 super output areas - lower layer,298,Age 30 to 44,0.0
8527,2011,E01000871,2011 super output areas - lower layer,298,Age 45 to 59,0.0
8528,2011,E01000871,2011 super output areas - lower layer,298,Age 60 to 64,0.0
8529,2011,E01000871,2011 super output areas - lower layer,298,Age 65 to 74,0.0
8530,2011,E01000871,2011 super output areas - lower layer,298,Age 75 to 84,0.0
8531,2011,E01000871,2011 super output areas - lower layer,298,Age 85 to 89,0.0
8532,2011,E01000871,2011 super output areas - lower layer,298,Age 90 and over,0.0
8533,2011,E01000871,2011 super output areas - lower layer,298,Mean Age,
8534,2011,E01000871,2011 super output areas - lower layer,298,Median Age,0.5
8535,2011,E01000871,2011 super output areas - lower layer,298,All usual residents,0.0
8536,2011,E01000871,2011 super output areas - lower layer,298,Age 0 to 4,0.0
8537,2011,E01000871,2011 super output areas - lower layer,298,Age 5 to 7,0.0
8538,2011,E01000871,2011 super output areas - lower layer,298,Age 8 to 9,0.0
8539,2011,E01000871,2011 super output areas - lower layer,298,Age 10 to 14,0.0
8540,2011,E01000871,2011 super output areas - lower layer,298,Age 15,0.0
8541,2011,E01000871,2011 super output areas - lower layer,298,Age 16 to 17,0.0
8542,2011,E01000871,2011 super output areas - lower layer,298,Age 18 to 19,0.0
8543,2011,E01000871,2011 super output areas - lower layer,298,Age 20 to 24,0.0
8544,2011,E01000871,2011 super output areas - lower layer,298,Age 25 to 29,0.0
8545,2011,E01000871,2011 super output areas - lower layer,298,Age 30 to 44,0.0
8546,2011,E01000871,2011 super output areas - lower layer,298,Age 45 to 59,0.0
8547,2011,E01000871,2011 super output areas - lower layer,298,Age 60 to 64,0.0
8548,2011,E01000871,2011 super output areas - lower layer,298,Age 65 to 74,0.0
8549,2011,E01000871,2011 super output areas - lower layer,298,Age 75 to 84,0.0
8550,2011,E01000871,2011 super output areas - lower layer,298,Age 85 to 89,0.0
8551,2011,E01000871,2011 super output areas - lower layer,298,Age 90 and over,0.0
8552,2011,E01000871,2011 super output areas - lower layer,298,Mean Age,
8553,2011,E01000871,2011 super output areas - lower layer,298,Median Age,0.5
8554,2011,E01000871,2011 super output areas - lower layer,298,All usual residents,0.0
8555,2011,E01000871,2011 super output areas - lower layer,298,Age 0 to 4,0.0
8556,2011,E01000871,2011 super output areas - lower layer,298,Age 5 to 7,0.0
8557,2011,E01000871,2011 super output areas - lower layer,298,Age 8 to 9,0.0
8558,2011,E01000871,2011 super output areas - lower layer,298,Age 10 to 14,0.0
8559,2011,E01000871,2011 super output areas - lower layer,298,Age 15,0.0
8560,2011,E01000871,2011 super output areas - lower layer,298,Age 16 to 17,0.0
8561,2011,E01000871,2011 super output areas - lower layer,298,Age 18 to 19,0.0
8562,2011,E01000871,2011 super output areas - lower layer,298,Age 20 to 24,0.0
8563,2011,E01000871,2011 super output areas - lower layer,298,Age 25 to 29,0.0
8564,2011,E01000871,2011 super output areas - lower layer,298,Age 30 to 44,0.0
8565,2011,E01000871,2011 super output areas - lower layer,298,Age 45 to 59,0.0
8566,2011,E01000871,2011 super output areas - lower layer,298,Age 60 to 64,0.0
8567,2011,E01000871,2011 super output areas - lower layer,298,Age 65 to 74,0.0
8568,2011,E01000871,2011 super output areas - lower layer,298,Age 75 to 84,0.0
8569,2011,E01000871,2011 super output areas - lower layer,298,Age 85 to 89,0.0
8570,2011,E01000871,2011 super output areas - lower layer,298,Age 90 and over,0.0
8571,2011,E01000871,2011 super output areas - lower layer,298,Mean Age,
8572,2011,E01000871,2011 super output areas - lower layer,298,Median Age,0.5
8573,2011,E01000871,2011 super output areas - lower layer,298,All usual residents,0.0
8574,2011,E01000871,2011 super output areas - lower layer,298,Age 0 to 4,0.0
8575,2011,E01000871,2011 super output areas - lower layer,298,Age 5 to 7,0.0
8576,2011,E01000871,2011 super output areas - lower layer,298,Age 8 to 9,0.0
8577,2011,E01000871,2011 super output areas - lower layer,298,Age 10 to 14,0.0
8578,2011,E01000871,2011 super output areas - lower layer,298,Age 15,0.0
8579,2011,E01000871,2011 super output areas - lower layer,298,Age 16 to 17,0.0
8580,2011,E01000871,2011 super output areas - lower layer,298,Age 18 to 19,0.0
8581,2011,E01000871,2011 super output areas - lower layer,298,Age 20 to 24,0.0
8582,2011,E01000871,2011 super output areas - lower layer,298,Age 25 to 29,0.0
8583,2011,E01000871,2011 super output areas - lower layer,298,Age 30 to 44,0.0
8584,2011,E01000871,2011 super output areas - lower layer,298,Age 45 to 59,0.0
8585,2011,E01000871,2011 super output areas - lower layer,298,Age 60 to 64,0.0
8586,2011,E01000871,2011 super output areas - lower layer,298,Age 65 to 74,0.0
8587,2011,E01000871,2011 super output areas - lower layer,298,Age 75 to 84,0.0
8588,2011,E01000871,2011 super output areas - lower layer,298,Age 85 to 89,0.0
8589,2011,E01000871,2011 super output areas - lower layer,298,Age 90 and over,0.0
8590,2011,E01000871,2011 super output areas - lower layer,298,Mean Age,
8591,2011,E01000871,2011 super output areas - lower layer,298,Median Age,0.5
8592,2011,E01000871,2011 super output areas - lower layer,298,All usual residents,0.0
8593,2011,E01000871,2011 super output areas - lower layer,298,Age 0 to 4,0.0
8594,2011,E01000871,2011 super output areas - lower layer,298,Age 5 to 7,0.0
8595,2011,E01000871,2011 super output areas - lower layer,298,Age 8 to 9,0.0
8596,2011,E01000871,2011 super output areas - lower layer,298,Age 10 to 14,0.0
8597,2011,E01000871,2011 super output areas - lower layer,298,Age 15,0.0
8598,2011,E01000871,2011 super output areas - lower layer,298,Age 16 to 17,0.0
8599,2011,E01000871,2011 super output areas - lower layer,298,Age 18 to 19,0.0
8600,2011,E01000871,2011 super output areas - lower layer,298,Age 20 to 24,0.0
8601,2011,E01000871,2011 super output areas - lower layer,298,Age 25 to 29,0.0
8602,2011,E01000871,2011 super output areas - lower layer,298,Age 30 to 44,0.0
8603,2011,E01000871,2011 super output areas - lower layer,298,Age 45 to 59,0.0
8604,2011,E01000871,2011 super output areas - lower layer,298,Age 60 to 64,0.0
8605,2011,E01000871,2011 super output areas - lower layer,298,Age 65 to 74,0.0
8606,2011,E01000871,2011 super output areas - lower layer,298,Age 75 to 84,0.0
8607,2011,E01000871,2011 super output areas - lower layer,298,Age 85 to 89,0.0
8608,2011,E01000871,2011 super output areas - lower layer,298,Age 90 and over,0.0
8609,2011,E01000871,2011 super output areas - lower layer,298,Mean Age,
8610,2011,E01000871,2011 super output areas - lower layer,298,Median Age,0.5
8611,2011,E01000871,2011 super output areas - lower layer,298,All usual residents,0.0
8612,2011,E01000871,2011 super output areas - lower layer,298,Age 0 to 4,0.0
8613,2011,E01000871,2011 super output areas - lower layer,298,Age 5 to 7,0.0
8614,2011,E01000871,2011 super output areas - lower layer,298,Age 8 to 9,0.0
8615,2011,E01000871,2011 super output areas - lower layer,298,Age 10 to 14,0.0
8616,2011,E01000871,2011 super output areas - lower layer,298,Age 15,0.0
8617,2011,E01000871,2011 super output areas - lower layer,298,Age 16 to 17,0.0
8618,2011,E01000871,2011 super output areas - lower layer,298,Age 18 to 19,0.0
8619,2011,E01000871,2011 super output areas - lower layer,298,Age 20 to 24,0.0
8620,2011,E01000871,2011 super output areas - lower layer,298,Age 25 to 29,0.0
8621,2011,E01000871,2011 super output areas - lower layer,298,Age 30 to 44,0.0
8622,2011,E01000871,2011 super output areas - lower layer,298,Age 45 to 59,0.0
8623,2011,E01000871,2011 super output areas - lower layer,298,Age 60 to 64,0.0
8624,2011,E01000871,2011 super output areas - lower layer,298,Age 65 to 74,0.0
8625,2011,E01000871,2011 super output areas - lower layer,298,Age 75 to 84,0.0
8626,2011,E01000871,2011 super output areas - lower layer,298,Age 85 to 89,0.0
8627,2011,E01000871,2011 super output areas - lower layer,298,Age 90 and over,0.0
8628,2011,E01000871,2011 super output areas - lower layer,298,Mean Age,
8629,2011,E01000871,2011 super output areas - lower layer,298,Median Age,0.5
8630,2011,E01000871,2011 super output areas - lower layer,298,All usual residents,0.0
8631,2011,E01000871,2011 super output areas - lower layer,298,Age 0 to 4,0.0
8632,2011,E01000871,2011 super output areas - lower layer,298,Age 5 to 7,0.0
8633,2011,E01000871,2011 super output areas - lower layer,298,Age 8 to 9,0.0
8634,2011,E01000871,2011 super output areas - lower layer,298,Age 10 to 14,0.0
8635,2011,E01000871,2011 super output areas - lower layer,298,Age 15,0.0
8636,2011,E01000871,2011 super output areas - lower layer,298,Age 16 to 17,0.0
8637,2011,E01000871,2011 super output areas - lower layer,298,Age 18 to 19,0.0
8638,2011,E01000871,2011 super output areas - lower layer,298,Age 20 to 24,0.0
8639,2011,E01000871,2011 super output areas - lower layer,298,Age 25 to 29,0.0
8640,2011,E01000871,2011 super output areas - lower layer,298,Age 30 to 44,0.0
8641,2011,E01000871,2011 super output areas - lower layer,298,Age 45 to 59,0.0
8642,2011,E01000871,2011 super output areas - lower layer,298,Age 60 to 64,0.0
8643,2011,E01000871,2011 super output areas - lower layer,298,Age 65 to 74,0.0
8644,2011,E01000871,2011 super output areas - lower layer,298,Age 75 to 84,0.0
8645,2011,E01000871,2011 super output areas - lower layer,298,Age 85 to 89,0.0
8646,2011,E01000871,2011 super output areas - lower layer,298,Age 90 and over,0.0
8647,2011,E01000871,2011 super output areas - lower layer,298,Mean Age,
8648,2011,E01000871,2011 super output areas - lower layer,298,Median Age,0.5
8649,2011,E01000872,2011 super output areas - lower layer,298,All usual residents,1902.0
8650,2011,E01000872,2011 super output areas - lower layer,298,Age 0 to 4,94.0
8651,2011,E01000872,2011 super output areas - lower layer,298,Age 5 to 7,35.0
8652,2011,E01000872,2011 super output areas - lower layer,298,Age 8 to 9,26.0
8653,2011,E01000872,2011 super output areas - lower layer,298,Age 10 to 14,72.0
8654,2011,E01000872,2011 super output areas - lower layer,298,Age 15,7.0
8655,2011,E01000872,2011 super output areas - lower layer,298,Age 16 to 17,29.0
8656,2011,E01000872,2011 super output areas - lower layer,298,Age 18 to 19,29.0
8657,2011,E01000872,2011 super output areas - lower layer,298,Age 20 to 24,141.0
8658,2011,E01000872,2011 super output areas - lower layer,298,Age 25 to 29,358.0
8659,2011,E01000872,2011 super output areas - lower layer,298,Age 30 to 44,642.0
8660,2011,E01000872,2011 super output areas - lower layer,298,Age 45 to 59,296.0
8661,2011,E01000872,2011 super output areas - lower layer,298,Age 60 to 64,65.0
8662,2011,E01000872,2011 super output areas - lower layer,298,Age 65 to 74,63.0
8663,2011,E01000872,2011 super output areas - lower layer,298,Age 75 to 84,32.0
8664,2011,E01000872,2011 super output areas - lower layer,298,Age 85 to 89,8.0
8665,2011,E01000872,2011 super output areas - lower layer,298,Age 90 and over,5.0
8666,2011,E01000872,2011 super output areas - lower layer,298,Mean Age,34.4
8667,2011,E01000872,2011 super output areas - lower layer,298,Median Age,31.5
8668,2011,E01000872,2011 super output areas - lower layer,298,All usual residents,0.0
8669,2011,E01000872,2011 super output areas - lower layer,298,Age 0 to 4,0.0
8670,2011,E01000872,2011 super output areas - lower layer,298,Age 5 to 7,0.0
8671,2011,E01000872,2011 super output areas - lower layer,298,Age 8 to 9,0.0
8672,2011,E01000872,2011 super output areas - lower layer,298,Age 10 to 14,0.0
8673,2011,E01000872,2011 super output areas - lower layer,298,Age 15,0.0
8674,2011,E01000872,2011 super output areas - lower layer,298,Age 16 to 17,0.0
8675,2011,E01000872,2011 super output areas - lower layer,298,Age 18 to 19,0.0
8676,2011,E01000872,2011 super output areas - lower layer,298,Age 20 to 24,0.0
8677,2011,E01000872,2011 super output areas - lower layer,298,Age 25 to 29,0.0
8678,2011,E01000872,2011 super output areas - lower layer,298,Age 30 to 44,0.0
8679,2011,E01000872,2011 super output areas - lower layer,298,Age 45 to 59,0.0
8680,2011,E01000872,2011 super output areas - lower layer,298,Age 60 to 64,0.0
8681,2011,E01000872,2011 super output areas - lower layer,298,Age 65 to 74,0.0
8682,2011,E01000872,2011 super output areas - lower layer,298,Age 75 to 84,0.0
8683,2011,E01000872,2011 super output areas - lower layer,298,Age 85 to 89,0.0
8684,2011,E01000872,2011 super output areas - lower layer,298,Age 90 and over,0.0
8685,2011,E01000872,2011 super output areas - lower layer,298,Mean Age,
8686,2011,E01000872,2011 super output areas - lower layer,298,Median Age,0.5
8687,2011,E01000872,2011 super output areas - lower layer,298,All usual residents,0.0
8688,2011,E01000872,2011 super output areas - lower layer,298,Age 0 to 4,0.0
8689,2011,E01000872,2011 super output areas - lower layer,298,Age 5 to 7,0.0
8690,2011,E01000872,2011 super output areas - lower layer,298,Age 8 to 9,0.0
8691,2011,E01000872,2011 super output areas - lower layer,298,Age 10 to 14,0.0
8692,2011,E01000872,2011 super output areas - lower layer,298,Age 15,0.0
8693,2011,E01000872,2011 super output areas - lower layer,298,Age 16 to 17,0.0
8694,2011,E01000872,2011 super output areas - lower layer,298,Age 18 to 19,0.0
8695,2011,E01000872,2011 super output areas - lower layer,298,Age 20 to 24,0.0
8696,2011,E01000872,2011 super output areas - lower layer,298,Age 25 to 29,0.0
8697,2011,E01000872,2011 super output areas - lower layer,298,Age 30 to 44,0.0
8698,2011,E01000872,2011 super output areas - lower layer,298,Age 45 to 59,0.0
8699,2011,E01000872,2011 super output areas - lower layer,298,Age 60 to 64,0.0
8700,2011,E01000872,2011 super output areas - lower layer,298,Age 65 to 74,0.0
8701,2011,E01000872,2011 super output areas - lower layer,298,Age 75 to 84,0.0
8702,2011,E01000872,2011 super output areas - lower layer,298,Age 85 to 89,0.0
8703,2011,E01000872,2011 super output areas - lower layer,298,Age 90 and over,0.0
8704,2011,E01000872,2011 super output areas - lower layer,298,Mean Age,
8705,2011,E01000872,2011 super output areas - lower layer,298,Median Age,0.5
8706,2011,E01000872,2011 super output areas - lower layer,298,All usual residents,0.0
8707,2011,E01000872,2011 super output areas - lower layer,298,Age 0 to 4,0.0
8708,2011,E01000872,2011 super output areas - lower layer,298,Age 5 to 7,0.0
8709,2011,E01000872,2011 super output areas - lower layer,298,Age 8 to 9,0.0
8710,2011,E01000872,2011 super output areas - lower layer,298,Age 10 to 14,0.0
8711,2011,E01000872,2011 super output areas - lower layer,298,Age 15,0.0
8712,2011,E01000872,2011 super output areas - lower layer,298,Age 16 to 17,0.0
8713,2011,E01000872,2011 super output areas - lower layer,298,Age 18 to 19,0.0
8714,2011,E01000872,2011 super output areas - lower layer,298,Age 20 to 24,0.0
8715,2011,E01000872,2011 super output areas - lower layer,298,Age 25 to 29,0.0
8716,2011,E01000872,2011 super output areas - lower layer,298,Age 30 to 44,0.0
8717,2011,E01000872,2011 super output areas - lower layer,298,Age 45 to 59,0.0
8718,2011,E01000872,2011 super output areas - lower layer,298,Age 60 to 64,0.0
8719,2011,E01000872,2011 super output areas - lower layer,298,Age 65 to 74,0.0
8720,2011,E01000872,2011 super output areas - lower layer,298,Age 75 to 84,0.0
8721,2011,E01000872,2011 super output areas - lower layer,298,Age 85 to 89,0.0
8722,2011,E01000872,2011 super output areas - lower layer,298,Age 90 and over,0.0
8723,2011,E01000872,2011 super output areas - lower layer,298,Mean Age,
8724,2011,E01000872,2011 super output areas - lower layer,298,Median Age,0.5
8725,2011,E01000872,2011 super output areas - lower layer,298,All usual residents,0.0
8726,2011,E01000872,2011 super output areas - lower layer,298,Age 0 to 4,0.0
8727,2011,E01000872,2011 super output areas - lower layer,298,Age 5 to 7,0.0
8728,2011,E01000872,2011 super output areas - lower layer,298,Age 8 to 9,0.0
8729,2011,E01000872,2011 super output areas - lower layer,298,Age 10 to 14,0.0
8730,2011,E01000872,2011 super output areas - lower layer,298,Age 15,0.0
8731,2011,E01000872,2011 super output areas - lower layer,298,Age 16 to 17,0.0
8732,2011,E01000872,2011 super output areas - lower layer,298,Age 18 to 19,0.0
8733,2011,E01000872,2011 super output areas - lower layer,298,Age 20 to 24,0.0
8734,2011,E01000872,2011 super output areas - lower layer,298,Age 25 to 29,0.0
8735,2011,E01000872,2011 super output areas - lower layer,298,Age 30 to 44,0.0
8736,2011,E01000872,2011 super output areas - lower layer,298,Age 45 to 59,0.0
8737,2011,E01000872,2011 super output areas - lower layer,298,Age 60 to 64,0.0
8738,2011,E01000872,2011 super output areas - lower layer,298,Age 65 to 74,0.0
8739,2011,E01000872,2011 super output areas - lower layer,298,Age 75 to 84,0.0
8740,2011,E01000872,2011 super output areas - lower layer,298,Age 85 to 89,0.0
8741,2011,E01000872,2011 super output areas - lower layer,298,Age 90 and over,0.0
8742,2011,E01000872,2011 super output areas - lower layer,298,Mean Age,
8743,2011,E01000872,2011 super output areas - lower layer,298,Median Age,0.5
8744,2011,E01000872,2011 super output areas - lower layer,298,All usual residents,0.0
8745,2011,E01000872,2011 super output areas - lower layer,298,Age 0 to 4,0.0
8746,2011,E01000872,2011 super output areas - lower layer,298,Age 5 to 7,0.0
8747,2011,E01000872,2011 super output areas - lower layer,298,Age 8 to 9,0.0
8748,2011,E01000872,2011 super output areas - lower layer,298,Age 10 to 14,0.0
8749,2011,E01000872,2011 super output areas - lower layer,298,Age 15,0.0
8750,2011,E01000872,2011 super output areas - lower layer,298,Age 16 to 17,0.0
8751,2011,E01000872,2011 super output areas - lower layer,298,Age 18 to 19,0.0
8752,2011,E01000872,2011 super output areas - lower layer,298,Age 20 to 24,0.0
8753,2011,E01000872,2011 super output areas - lower layer,298,Age 25 to 29,0.0
8754,2011,E01000872,2011 super output areas - lower layer,298,Age 30 to 44,0.0
8755,2011,E01000872,2011 super output areas - lower layer,298,Age 45 to 59,0.0
8756,2011,E01000872,2011 super output areas - lower layer,298,Age 60 to 64,0.0
8757,2011,E01000872,2011 super output areas - lower layer,298,Age 65 to 74,0.0
8758,2011,E01000872,2011 super output areas - lower layer,298,Age 75 to 84,0.0
8759,2011,E01000872,2011 super output areas - lower layer,298,Age 85 to 89,0.0
8760,2011,E01000872,2011 super output areas - lower layer,298,Age 90 and over,0.0
8761,2011,E01000872,2011 super output areas - lower layer,298,Mean Age,
8762,2011,E01000872,2011 super output areas - lower layer,298,Median Age,0.5
8763,2011,E01000872,2011 super output areas - lower layer,298,All usual residents,0.0
8764,2011,E01000872,2011 super output areas - lower layer,298,Age 0 to 4,0.0
8765,2011,E01000872,2011 super output areas - lower layer,298,Age 5 to 7,0.0
8766,2011,E01000872,2011 super output areas - lower layer,298,Age 8 to 9,0.0
8767,2011,E01000872,2011 super output areas - lower layer,298,Age 10 to 14,0.0
8768,2011,E01000872,2011 super output areas - lower layer,298,Age 15,0.0
8769,2011,E01000872,2011 super output areas - lower layer,298,Age 16 to 17,0.0
8770,2011,E01000872,2011 super output areas - lower layer,298,Age 18 to 19,0.0
8771,2011,E01000872,2011 super output areas - lower layer,298,Age 20 to 24,0.0
8772,2011,E01000872,2011 super output areas - lower layer,298,Age 25 to 29,0.0
8773,2011,E01000872,2011 super output areas - lower layer,298,Age 30 to 44,0.0
8774,2011,E01000872,2011 super output areas - lower layer,298,Age 45 to 59,0.0
8775,2011,E01000872,2011 super output areas - lower layer,298,Age 60 to 64,0.0
8776,2011,E01000872,2011 super output areas - lower layer,298,Age 65 to 74,0.0
8777,2011,E01000872,2011 super output areas - lower layer,298,Age 75 to 84,0.0
8778,2011,E01000872,2011 super output areas - lower layer,298,Age 85 to 89,0.0
8779,2011,E01000872,2011 super output areas - lower layer,298,Age 90 and over,0.0
8780,2011,E01000872,2011 super output areas - lower layer,298,Mean Age,
8781,2011,E01000872,2011 super output areas - lower layer,298,Median Age,0.5
8782,2011,E01000872,2011 super output areas - lower layer,298,All usual residents,0.0
8783,2011,E01000872,2011 super output areas - lower layer,298,Age 0 to 4,0.0
8784,2011,E01000872,2011 super output areas - lower layer,298,Age 5 to 7,0.0
8785,2011,E01000872,2011 super output areas - lower layer,298,Age 8 to 9,0.0
8786,2011,E01000872,2011 super output areas - lower layer,298,Age 10 to 14,0.0
8787,2011,E01000872,2011 super output areas - lower layer,298,Age 15,0.0
8788,2011,E01000872,2011 super output areas - lower layer,298,Age 16 to 17,0.0
8789,2011,E01000872,2011 super output areas - lower layer,298,Age 18 to 19,0.0
8790,2011,E01000872,2011 super output areas - lower layer,298,Age 20 to 24,0.0
8791,2011,E01000872,2011 super output areas - lower layer,298,Age 25 to 29,0.0
8792,2011,E01000872,2011 super output areas - lower layer,298,Age 30 to 44,0.0
8793,2011,E01000872,2011 super output areas - lower layer,298,Age 45 to 59,0.0
8794,2011,E01000872,2011 super output areas - lower layer,298,Age 60 to 64,0.0
8795,2011,E01000872,2011 super output areas - lower layer,298,Age 65 to 74,0.0
8796,2011,E01000872,2011 super output areas - lower layer,298,Age 75 to 84,0.0
8797,2011,E01000872,2011 super output areas - lower layer,298,Age 85 to 89,0.0
8798,2011,E01000872,2011 super output areas - lower layer,298,Age 90 and over,0.0
8799,2011,E01000872,2011 super output areas - lower layer,298,Mean Age,
8800,2011,E01000872,2011 super output areas - lower layer,298,Median Age,0.5
8801,2011,E01000872,2011 super output areas - lower layer,298,All usual residents,0.0
8802,2011,E01000872,2011 super output areas - lower layer,298,Age 0 to 4,0.0
8803,2011,E01000872,2011 super output areas - lower layer,298,Age 5 to 7,0.0
8804,2011,E01000872,2011 super output areas - lower layer,298,Age 8 to 9,0.0
8805,2011,E01000872,2011 super output areas - lower layer,298,Age 10 to 14,0.0
8806,2011,E01000872,2011 super output areas - lower layer,298,Age 15,0.0
8807,2011,E01000872,2011 super output areas - lower layer,298,Age 16 to 17,0.0
8808,2011,E01000872,2011 super output areas - lower layer,298,Age 18 to 19,0.0
8809,2011,E01000872,2011 super output areas - lower layer,298,Age 20 to 24,0.0
8810,2011,E01000872,2011 super output areas - lower layer,298,Age 25 to 29,0.0
8811,2011,E01000872,2011 super output areas - lower layer,298,Age 30 to 44,0.0
8812,2011,E01000872,2011 super output areas - lower layer,298,Age 45 to 59,0.0
8813,2011,E01000872,2011 super output areas - lower layer,298,Age 60 to 64,0.0
8814,2011,E01000872,2011 super output areas - lower layer,298,Age 65 to 74,0.0
8815,2011,E01000872,2011 super output areas - lower layer,298,Age 75 to 84,0.0
8816,2011,E01000872,2011 super output areas - lower layer,298,Age 85 to 89,0.0
8817,2011,E01000872,2011 super output areas - lower layer,298,Age 90 and over,0.0
8818,2011,E01000872,2011 super output areas - lower layer,298,Mean Age,
8819,2011,E01000872,2011 super output areas - lower layer,298,Median Age,0.5
8820,2011,E01000872,2011 super output areas - lower layer,298,All usual residents,0.0
8821,2011,E01000872,2011 super output areas - lower layer,298,Age 0 to 4,0.0
8822,2011,E01000872,2011 super output areas - lower layer,298,Age 5 to 7,0.0
8823,2011,E01000872,2011 super output areas - lower layer,298,Age 8 to 9,0.0
8824,2011,E01000872,2011 super output areas - lower layer,298,Age 10 to 14,0.0
8825,2011,E01000872,2011 super output areas - lower layer,298,Age 15,0.0
8826,2011,E01000872,2011 super output areas - lower layer,298,Age 16 to 17,0.0
8827,2011,E01000872,2011 super output areas - lower layer,298,Age 18 to 19,0.0
8828,2011,E01000872,2011 super output areas - lower layer,298,Age 20 to 24,0.0
8829,2011,E01000872,2011 super output areas - lower layer,298,Age 25 to 29,0.0
8830,2011,E01000872,2011 super output areas - lower layer,298,Age 30 to 44,0.0
8831,2011,E01000872,2011 super output areas - lower layer,298,Age 45 to 59,0.0
8832,2011,E01000872,2011 super output areas - lower layer,298,Age 60 to 64,0.0
8833,2011,E01000872,2011 super output areas - lower layer,298,Age 65 to 74,0.0
8834,2011,E01000872,2011 super output areas - lower layer,298,Age 75 to 84,0.0
8835,2011,E01000872,2011 super output areas - lower layer,298,Age 85 to 89,0.0
8836,2011,E01000872,2011 super output areas - lower layer,298,Age 90 and over,0.0
8837,2011,E01000872,2011 super output areas - lower layer,298,Mean Age,
8838,2011,E01000872,2011 super output areas - lower layer,298,Median Age,0.5
8839,2011,E01000872,2011 super output areas - lower layer,298,All usual residents,0.0
8840,2011,E01000872,2011 super output areas - lower layer,298,Age 0 to 4,0.0
8841,2011,E01000872,2011 super output areas - lower layer,298,Age 5 to 7,0.0
8842,2011,E01000872,2011 super output areas - lower layer,298,Age 8 to 9,0.0
8843,2011,E01000872,2011 super output areas - lower layer,298,Age 10 to 14,0.0
8844,2011,E01000872,2011 super output areas - lower layer,298,Age 15,0.0
8845,2011,E01000872,2011 super output areas - lower layer,298,Age 16 to 17,0.0
8846,2011,E01000872,2011 super output areas - lower layer,298,Age 18 to 19,0.0
8847,2011,E01000872,2011 super output areas - lower layer,298,Age 20 to 24,0.0
8848,2011,E01000872,2011 super output areas - lower layer,298,Age 25 to 29,0.0
8849,2011,E01000872,2011 super output areas - lower layer,298,Age 30 to 44,0.0
8850,2011,E01000872,2011 super output areas - lower layer,298,Age 45 to 59,0.0
8851,2011,E01000872,2011 super output areas - lower layer,298,Age 60 to 64,0.0
8852,2011,E01000872,2011 super output areas - lower layer,298,Age 65 to 74,0.0
8853,2011,E01000872,2011 super output areas - lower layer,298,Age 75 to 84,0.0
8854,2011,E01000872,2011 super output areas - lower layer,298,Age 85 to 89,0.0
8855,2011,E01000872,2011 super output areas - lower layer,298,Age 90 and over,0.0
8856,2011,E01000872,2011 super output areas - lower layer,298,Mean Age,
8857,2011,E01000872,2011 super output areas - lower layer,298,Median Age,0.5
8858,2011,E01000872,2011 super output areas - lower layer,298,All usual residents,0.0
8859,2011,E01000872,2011 super output areas - lower layer,298,Age 0 to 4,0.0
8860,2011,E01000872,2011 super output areas - lower layer,298,Age 5 to 7,0.0
8861,2011,E01000872,2011 super output areas - lower layer,298,Age 8 to 9,0.0
8862,2011,E01000872,2011 super output areas - lower layer,298,Age 10 to 14,0.0
8863,2011,E01000872,2011 super output areas - lower layer,298,Age 15,0.0
8864,2011,E01000872,2011 super output areas - lower layer,298,Age 16 to 17,0.0
8865,2011,E01000872,2011 super output areas - lower layer,298,Age 18 to 19,0.0
8866,2011,E01000872,2011 super output areas - lower layer,298,Age 20 to 24,0.0
8867,2011,E01000872,2011 super output areas - lower layer,298,Age 25 to 29,0.0
8868,2011,E01000872,2011 super output areas - lower layer,298,Age 30 to 44,0.0
8869,2011,E01000872,2011 super output areas - lower layer,298,Age 45 to 59,0.0
8870,2011,E01000872,2011 super output areas - lower layer,298,Age 60 to 64,0.0
8871,2011,E01000872,2011 super output areas - lower layer,298,Age 65 to 74,0.0
8872,2011,E01000872,2011 super output areas - lower layer,298,Age 75 to 84,0.0
8873,2011,E01000872,2011 super output areas - lower layer,298,Age 85 to 89,0.0
8874,2011,E01000872,2011 super output areas - lower layer,298,Age 90 and over,0.0
8875,2011,E01000872,2011 super output areas - lower layer,298,Mean Age,
8876,2011,E01000872,2011 super output areas - lower layer,298,Median Age,0.5
8877,2011,E01000872,2011 super output areas - lower layer,298,All usual residents,0.0
8878,2011,E01000872,2011 super output areas - lower layer,298,Age 0 to 4,0.0
8879,2011,E01000872,2011 super output areas - lower layer,298,Age 5 to 7,0.0
8880,2011,E01000872,2011 super output areas - lower layer,298,Age 8 to 9,0.0
8881,2011,E01000872,2011 super output areas - lower layer,298,Age 10 to 14,0.0
8882,2011,E01000872,2011 super output areas - lower layer,298,Age 15,0.0
8883,2011,E01000872,2011 super output areas - lower layer,298,Age 16 to 17,0.0
8884,2011,E01000872,2011 super output areas - lower layer,298,Age 18 to 19,0.0
8885,2011,E01000872,2011 super output areas - lower layer,298,Age 20 to 24,0.0
8886,2011,E01000872,2011 super output areas - lower layer,298,Age 25 to 29,0.0
8887,2011,E01000872,2011 super output areas - lower layer,298,Age 30 to 44,0.0
8888,2011,E01000872,2011 super output areas - lower layer,298,Age 45 to 59,0.0
8889,2011,E01000872,2011 super output areas - lower layer,298,Age 60 to 64,0.0
8890,2011,E01000872,2011 super output areas - lower layer,298,Age 65 to 74,0.0
8891,2011,E01000872,2011 super output areas - lower layer,298,Age 75 to 84,0.0
8892,2011,E01000872,2011 super output areas - lower layer,298,Age 85 to 89,0.0
8893,2011,E01000872,2011 super output areas - lower layer,298,Age 90 and over,0.0
8894,2011,E01000872,2011 super output areas - lower layer,298,Mean Age,
8895,2011,E01000872,2011 super output areas - lower layer,298,Median Age,0.5
8896,2011,E01000873,2011 super output areas - lower layer,298,All usual residents,1639.0
8897,2011,E01000873,2011 super output areas - lower layer,298,Age 0 to 4,113.0
8898,2011,E01000873,2011 super output areas - lower layer,298,Age 5 to 7,47.0
8899,2011,E01000873,2011 super output areas - lower layer,298,Age 8 to 9,25.0
8900,2011,E01000873,2011 super output areas - lower layer,298,Age 10 to 14,54.0
8901,2011,E01000873,2011 super output areas - lower layer,298,Age 15,14.0
8902,2011,E01000873,2011 super output areas - lower layer,298,Age 16 to 17,23.0
8903,2011,E01000873,2011 super output areas - lower layer,298,Age 18 to 19,38.0
8904,2011,E01000873,2011 super output areas - lower layer,298,Age 20 to 24,97.0
8905,2011,E01000873,2011 super output areas - lower layer,298,Age 25 to 29,238.0
8906,2011,E01000873,2011 super output areas - lower layer,298,Age 30 to 44,488.0
8907,2011,E01000873,2011 super output areas - lower layer,298,Age 45 to 59,244.0
8908,2011,E01000873,2011 super output areas - lower layer,298,Age 60 to 64,87.0
8909,2011,E01000873,2011 super output areas - lower layer,298,Age 65 to 74,102.0
8910,2011,E01000873,2011 super output areas - lower layer,298,Age 75 to 84,50.0
8911,2011,E01000873,2011 super output areas - lower layer,298,Age 85 to 89,13.0
8912,2011,E01000873,2011 super output areas - lower layer,298,Age 90 and over,6.0
8913,2011,E01000873,2011 super output areas - lower layer,298,Mean Age,36.3
8914,2011,E01000873,2011 super output areas - lower layer,298,Median Age,33.0
8915,2011,E01000873,2011 super output areas - lower layer,298,All usual residents,0.0
8916,2011,E01000873,2011 super output areas - lower layer,298,Age 0 to 4,0.0
8917,2011,E01000873,2011 super output areas - lower layer,298,Age 5 to 7,0.0
8918,2011,E01000873,2011 super output areas - lower layer,298,Age 8 to 9,0.0
8919,2011,E01000873,2011 super output areas - lower layer,298,Age 10 to 14,0.0
8920,2011,E01000873,2011 super output areas - lower layer,298,Age 15,0.0
8921,2011,E01000873,2011 super output areas - lower layer,298,Age 16 to 17,0.0
8922,2011,E01000873,2011 super output areas - lower layer,298,Age 18 to 19,0.0
8923,2011,E01000873,2011 super output areas - lower layer,298,Age 20 to 24,0.0
8924,2011,E01000873,2011 super output areas - lower layer,298,Age 25 to 29,0.0
8925,2011,E01000873,2011 super output areas - lower layer,298,Age 30 to 44,0.0
8926,2011,E01000873,2011 super output areas - lower layer,298,Age 45 to 59,0.0
8927,2011,E01000873,2011 super output areas - lower layer,298,Age 60 to 64,0.0
8928,2011,E01000873,2011 super output areas - lower layer,298,Age 65 to 74,0.0
8929,2011,E01000873,2011 super output areas - lower layer,298,Age 75 to 84,0.0
8930,2011,E01000873,2011 super output areas - lower layer,298,Age 85 to 89,0.0
8931,2011,E01000873,2011 super output areas - lower layer,298,Age 90 and over,0.0
8932,2011,E01000873,2011 super output areas - lower layer,298,Mean Age,
8933,2011,E01000873,2011 super output areas - lower layer,298,Median Age,0.5
8934,2011,E01000873,2011 super output areas - lower layer,298,All usual residents,0.0
8935,2011,E01000873,2011 super output areas - lower layer,298,Age 0 to 4,0.0
8936,2011,E01000873,2011 super output areas - lower layer,298,Age 5 to 7,0.0
8937,2011,E01000873,2011 super output areas - lower layer,298,Age 8 to 9,0.0
8938,2011,E01000873,2011 super output areas - lower layer,298,Age 10 to 14,0.0
8939,2011,E01000873,2011 super output areas - lower layer,298,Age 15,0.0
8940,2011,E01000873,2011 super output areas - lower layer,298,Age 16 to 17,0.0
8941,2011,E01000873,2011 super output areas - lower layer,298,Age 18 to 19,0.0
8942,2011,E01000873,2011 super output areas - lower layer,298,Age 20 to 24,0.0
8943,2011,E01000873,2011 super output areas - lower layer,298,Age 25 to 29,0.0
8944,2011,E01000873,2011 super output areas - lower layer,298,Age 30 to 44,0.0
8945,2011,E01000873,2011 super output areas - lower layer,298,Age 45 to 59,0.0
8946,2011,E01000873,2011 super output areas - lower layer,298,Age 60 to 64,0.0
8947,2011,E01000873,2011 super output areas - lower layer,298,Age 65 to 74,0.0
8948,2011,E01000873,2011 super output areas - lower layer,298,Age 75 to 84,0.0
8949,2011,E01000873,2011 super output areas - lower layer,298,Age 85 to 89,0.0
8950,2011,E01000873,2011 super output areas - lower layer,298,Age 90 and over,0.0
8951,2011,E01000873,2011 super output areas - lower layer,298,Mean Age,
8952,2011,E01000873,2011 super output areas - lower layer,298,Median Age,0.5
8953,2011,E01000873,2011 super output areas - lower layer,298,All usual residents,0.0
8954,2011,E01000873,2011 super output areas - lower layer,298,Age 0 to 4,0.0
8955,2011,E01000873,2011 super output areas - lower layer,298,Age 5 to 7,0.0
8956,2011,E01000873,2011 super output areas - lower layer,298,Age 8 to 9,0.0
8957,2011,E01000873,2011 super output areas - lower layer,298,Age 10 to 14,0.0
8958,2011,E01000873,2011 super output areas - lower layer,298,Age 15,0.0
8959,2011,E01000873,2011 super output areas - lower layer,298,Age 16 to 17,0.0
8960,2011,E01000873,2011 super output areas - lower layer,298,Age 18 to 19,0.0
8961,2011,E01000873,2011 super output areas - lower layer,298,Age 20 to 24,0.0
8962,2011,E01000873,2011 super output areas - lower layer,298,Age 25 to 29,0.0
8963,2011,E01000873,2011 super output areas - lower layer,298,Age 30 to 44,0.0
8964,2011,E01000873,2011 super output areas - lower layer,298,Age 45 to 59,0.0
8965,2011,E01000873,2011 super output areas - lower layer,298,Age 60 to 64,0.0
8966,2011,E01000873,2011 super output areas - lower layer,298,Age 65 to 74,0.0
8967,2011,E01000873,2011 super output areas - lower layer,298,Age 75 to 84,0.0
8968,2011,E01000873,2011 super output areas - lower layer,298,Age 85 to 89,0.0
8969,2011,E01000873,2011 super output areas - lower layer,298,Age 90 and over,0.0
8970,2011,E01000873,2011 super output areas - lower layer,298,Mean Age,
8971,2011,E01000873,2011 super output areas - lower layer,298,Median Age,0.5
8972,2011,E01000873,2011 super output areas - lower layer,298,All usual residents,0.0
8973,2011,E01000873,2011 super output areas - lower layer,298,Age 0 to 4,0.0
8974,2011,E01000873,2011 super output areas - lower layer,298,Age 5 to 7,0.0
8975,2011,E01000873,2011 super output areas - lower layer,298,Age 8 to 9,0.0
8976,2011,E01000873,2011 super output areas - lower layer,298,Age 10 to 14,0.0
8977,2011,E01000873,2011 super output areas - lower layer,298,Age 15,0.0
8978,2011,E01000873,2011 super output areas - lower layer,298,Age 16 to 17,0.0
8979,2011,E01000873,2011 super output areas - lower layer,298,Age 18 to 19,0.0
8980,2011,E01000873,2011 super output areas - lower layer,298,Age 20 to 24,0.0
8981,2011,E01000873,2011 super output areas - lower layer,298,Age 25 to 29,0.0
8982,2011,E01000873,2011 super output areas - lower layer,298,Age 30 to 44,0.0
8983,2011,E01000873,2011 super output areas - lower layer,298,Age 45 to 59,0.0
8984,2011,E01000873,2011 super output areas - lower layer,298,Age 60 to 64,0.0
8985,2011,E01000873,2011 super output areas - lower layer,298,Age 65 to 74,0.0
8986,2011,E01000873,2011 super output areas - lower layer,298,Age 75 to 84,0.0
8987,2011,E01000873,2011 super output areas - lower layer,298,Age 85 to 89,0.0
8988,2011,E01000873,2011 super output areas - lower layer,298,Age 90 and over,0.0
8989,2011,E01000873,2011 super output areas - lower layer,298,Mean Age,
8990,2011,E01000873,2011 super output areas - lower layer,298,Median Age,0.5
8991,2011,E01000873,2011 super output areas - lower layer,298,All usual residents,0.0
8992,2011,E01000873,2011 super output areas - lower layer,298,Age 0 to 4,0.0
8993,2011,E01000873,2011 super output areas - lower layer,298,Age 5 to 7,0.0
8994,2011,E01000873,2011 super output areas - lower layer,298,Age 8 to 9,0.0
8995,2011,E01000873,2011 super output areas - lower layer,298,Age 10 to 14,0.0
8996,2011,E01000873,2011 super output areas - lower layer,298,Age 15,0.0
8997,2011,E01000873,2011 super output areas - lower layer,298,Age 16 to 17,0.0
8998,2011,E01000873,2011 super output areas - lower layer,298,Age 18 to 19,0.0
8999,2011,E01000873,2011 super output areas - lower layer,298,Age 20 to 24,0.0
9000,2011,E01000873,2011 super output areas - lower layer,298,Age 25 to 29,0.0
9001,2011,E01000873,2011 super output areas - lower layer,298,Age 30 to 44,0.0
9002,2011,E01000873,2011 super output areas - lower layer,298,Age 45 to 59,0.0
9003,2011,E01000873,2011 super output areas - lower layer,298,Age 60 to 64,0.0
9004,2011,E01000873,2011 super output areas - lower layer,298,Age 65 to 74,0.0
9005,2011,E01000873,2011 super output areas - lower layer,298,Age 75 to 84,0.0
9006,2011,E01000873,2011 super output areas - lower layer,298,Age 85 to 89,0.0
9007,2011,E01000873,2011 super output areas - lower layer,298,Age 90 and over,0.0
9008,2011,E01000873,2011 super output areas - lower layer,298,Mean Age,
9009,2011,E01000873,2011 super output areas - lower layer,298,Median Age,0.5
9010,2011,E01000873,2011 super output areas - lower layer,298,All usual residents,0.0
9011,2011,E01000873,2011 super output areas - lower layer,298,Age 0 to 4,0.0
9012,2011,E01000873,2011 super output areas - lower layer,298,Age 5 to 7,0.0
9013,2011,E01000873,2011 super output areas - lower layer,298,Age 8 to 9,0.0
9014,2011,E01000873,2011 super output areas - lower layer,298,Age 10 to 14,0.0
9015,2011,E01000873,2011 super output areas - lower layer,298,Age 15,0.0
9016,2011,E01000873,2011 super output areas - lower layer,298,Age 16 to 17,0.0
9017,2011,E01000873,2011 super output areas - lower layer,298,Age 18 to 19,0.0
9018,2011,E01000873,2011 super output areas - lower layer,298,Age 20 to 24,0.0
9019,2011,E01000873,2011 super output areas - lower layer,298,Age 25 to 29,0.0
9020,2011,E01000873,2011 super output areas - lower layer,298,Age 30 to 44,0.0
9021,2011,E01000873,2011 super output areas - lower layer,298,Age 45 to 59,0.0
9022,2011,E01000873,2011 super output areas - lower layer,298,Age 60 to 64,0.0
9023,2011,E01000873,2011 super output areas - lower layer,298,Age 65 to 74,0.0
9024,2011,E01000873,2011 super output areas - lower layer,298,Age 75 to 84,0.0
9025,2011,E01000873,2011 super output areas - lower layer,298,Age 85 to 89,0.0
9026,2011,E01000873,2011 super output areas - lower layer,298,Age 90 and over,0.0
9027,2011,E01000873,2011 super output areas - lower layer,298,Mean Age,
9028,2011,E01000873,2011 super output areas - lower layer,298,Median Age,0.5
9029,2011,E01000873,2011 super output areas - lower layer,298,All usual residents,0.0
9030,2011,E01000873,2011 super output areas - lower layer,298,Age 0 to 4,0.0
9031,2011,E01000873,2011 super output areas - lower layer,298,Age 5 to 7,0.0
9032,2011,E01000873,2011 super output areas - lower layer,298,Age 8 to 9,0.0
9033,2011,E01000873,2011 super output areas - lower layer,298,Age 10 to 14,0.0
9034,2011,E01000873,2011 super output areas - lower layer,298,Age 15,0.0
9035,2011,E01000873,2011 super output areas - lower layer,298,Age 16 to 17,0.0
9036,2011,E01000873,2011 super output areas - lower layer,298,Age 18 to 19,0.0
9037,2011,E01000873,2011 super output areas - lower layer,298,Age 20 to 24,0.0
9038,2011,E01000873,2011 super output areas - lower layer,298,Age 25 to 29,0.0
9039,2011,E01000873,2011 super output areas - lower layer,298,Age 30 to 44,0.0
9040,2011,E01000873,2011 super output areas - lower layer,298,Age 45 to 59,0.0
9041,2011,E01000873,2011 super output areas - lower layer,298,Age 60 to 64,0.0
9042,2011,E01000873,2011 super output areas - lower layer,298,Age 65 to 74,0.0
9043,2011,E01000873,2011 super output areas - lower layer,298,Age 75 to 84,0.0
9044,2011,E01000873,2011 super output areas - lower layer,298,Age 85 to 89,0.0
9045,2011,E01000873,2011 super output areas - lower layer,298,Age 90 and over,0.0
9046,2011,E01000873,2011 super output areas - lower layer,298,Mean Age,
9047,2011,E01000873,2011 super output areas - lower layer,298,Median Age,0.5
9048,2011,E01000873,2011 super output areas - lower layer,298,All usual residents,0.0
9049,2011,E01000873,2011 super output areas - lower layer,298,Age 0 to 4,0.0
9050,2011,E01000873,2011 super output areas - lower layer,298,Age 5 to 7,0.0
9051,2011,E01000873,2011 super output areas - lower layer,298,Age 8 to 9,0.0
9052,2011,E01000873,2011 super output areas - lower layer,298,Age 10 to 14,0.0
9053,2011,E01000873,2011 super output areas - lower layer,298,Age 15,0.0
9054,2011,E01000873,2011 super output areas - lower layer,298,Age 16 to 17,0.0
9055,2011,E01000873,2011 super output areas - lower layer,298,Age 18 to 19,0.0
9056,2011,E01000873,2011 super output areas - lower layer,298,Age 20 to 24,0.0
9057,2011,E01000873,2011 super output areas - lower layer,298,Age 25 to 29,0.0
9058,2011,E01000873,2011 super output areas - lower layer,298,Age 30 to 44,0.0
9059,2011,E01000873,2011 super output areas - lower layer,298,Age 45 to 59,0.0
9060,2011,E01000873,2011 super output areas - lower layer,298,Age 60 to 64,0.0
9061,2011,E01000873,2011 super output areas - lower layer,298,Age 65 to 74,0.0
9062,2011,E01000873,2011 super output areas - lower layer,298,Age 75 to 84,0.0
9063,2011,E01000873,2011 super output areas - lower layer,298,Age 85 to 89,0.0
9064,2011,E01000873,2011 super output areas - lower layer,298,Age 90 and over,0.0
9065,2011,E01000873,2011 super output areas - lower layer,298,Mean Age,
9066,2011,E01000873,2011 super output areas - lower layer,298,Median Age,0.5
9067,2011,E01000873,2011 super output areas - lower layer,298,All usual residents,0.0
9068,2011,E01000873,2011 super output areas - lower layer,298,Age 0 to 4,0.0
9069,2011,E01000873,2011 super output areas - lower layer,298,Age 5 to 7,0.0
9070,2011,E01000873,2011 super output areas - lower layer,298,Age 8 to 9,0.0
9071,2011,E01000873,2011 super output areas - lower layer,298,Age 10 to 14,0.0
9072,2011,E01000873,2011 super output areas - lower layer,298,Age 15,0.0
9073,2011,E01000873,2011 super output areas - lower layer,298,Age 16 to 17,0.0
9074,2011,E01000873,2011 super output areas - lower layer,298,Age 18 to 19,0.0
9075,2011,E01000873,2011 super output areas - lower layer,298,Age 20 to 24,0.0
9076,2011,E01000873,2011 super output areas - lower layer,298,Age 25 to 29,0.0
9077,2011,E01000873,2011 super output areas - lower layer,298,Age 30 to 44,0.0
9078,2011,E01000873,2011 super output areas - lower layer,298,Age 45 to 59,0.0
9079,2011,E01000873,2011 super output areas - lower layer,298,Age 60 to 64,0.0
9080,2011,E01000873,2011 super output areas - lower layer,298,Age 65 to 74,0.0
9081,2011,E01000873,2011 super output areas - lower layer,298,Age 75 to 84,0.0
9082,2011,E01000873,2011 super output areas - lower layer,298,Age 85 to 89,0.0
9083,2011,E01000873,2011 super output areas - lower layer,298,Age 90 and over,0.0
9084,2011,E01000873,2011 super output areas - lower layer,298,Mean Age,
9085,2011,E01000873,2011 super output areas - lower layer,298,Median Age,0.5
9086,2011,E01000873,2011 super output areas - lower layer,298,All usual residents,0.0
9087,2011,E01000873,2011 super output areas - lower layer,298,Age 0 to 4,0.0
9088,2011,E01000873,2011 super output areas - lower layer,298,Age 5 to 7,0.0
9089,2011,E01000873,2011 super output areas - lower layer,298,Age 8 to 9,0.0
9090,2011,E01000873,2011 super output areas - lower layer,298,Age 10 to 14,0.0
9091,2011,E01000873,2011 super output areas - lower layer,298,Age 15,0.0
9092,2011,E01000873,2011 super output areas - lower layer,298,Age 16 to 17,0.0
9093,2011,E01000873,2011 super output areas - lower layer,298,Age 18 to 19,0.0
9094,2011,E01000873,2011 super output areas - lower layer,298,Age 20 to 24,0.0
9095,2011,E01000873,2011 super output areas - lower layer,298,Age 25 to 29,0.0
9096,2011,E01000873,2011 super output areas - lower layer,298,Age 30 to 44,0.0
9097,2011,E01000873,2011 super output areas - lower layer,298,Age 45 to 59,0.0
9098,2011,E01000873,2011 super output areas - lower layer,298,Age 60 to 64,0.0
9099,2011,E01000873,2011 super output areas - lower layer,298,Age 65 to 74,0.0
9100,2011,E01000873,2011 super output areas - lower layer,298,Age 75 to 84,0.0
9101,2011,E01000873,2011 super output areas - lower layer,298,Age 85 to 89,0.0
9102,2011,E01000873,2011 super output areas - lower layer,298,Age 90 and over,0.0
9103,2011,E01000873,2011 super output areas - lower layer,298,Mean Age,
9104,2011,E01000873,2011 super output areas - lower layer,298,Median Age,0.5
9105,2011,E01000873,2011 super output areas - lower layer,298,All usual residents,0.0
9106,2011,E01000873,2011 super output areas - lower layer,298,Age 0 to 4,0.0
9107,2011,E01000873,2011 super output areas - lower layer,298,Age 5 to 7,0.0
9108,2011,E01000873,2011 super output areas - lower layer,298,Age 8 to 9,0.0
9109,2011,E01000873,2011 super output areas - lower layer,298,Age 10 to 14,0.0
9110,2011,E01000873,2011 super output areas - lower layer,298,Age 15,0.0
9111,2011,E01000873,2011 super output areas - lower layer,298,Age 16 to 17,0.0
9112,2011,E01000873,2011 super output areas - lower layer,298,Age 18 to 19,0.0
9113,2011,E01000873,2011 super output areas - lower layer,298,Age 20 to 24,0.0
9114,2011,E01000873,2011 super output areas - lower layer,298,Age 25 to 29,0.0
9115,2011,E01000873,2011 super output areas - lower layer,298,Age 30 to 44,0.0
9116,2011,E01000873,2011 super output areas - lower layer,298,Age 45 to 59,0.0
9117,2011,E01000873,2011 super output areas - lower layer,298,Age 60 to 64,0.0
9118,2011,E01000873,2011 super output areas - lower layer,298,Age 65 to 74,0.0
9119,2011,E01000873,2011 super output areas - lower layer,298,Age 75 to 84,0.0
9120,2011,E01000873,2011 super output areas - lower layer,298,Age 85 to 89,0.0
9121,2011,E01000873,2011 super output areas - lower layer,298,Age 90 and over,0.0
9122,2011,E01000873,2011 super output areas - lower layer,298,Mean Age,
9123,2011,E01000873,2011 super output areas - lower layer,298,Median Age,0.5
9124,2011,E01000873,2011 super output areas - lower layer,298,All usual residents,0.0
9125,2011,E01000873,2011 super output areas - lower layer,298,Age 0 to 4,0.0
9126,2011,E01000873,2011 super output areas - lower layer,298,Age 5 to 7,0.0
9127,2011,E01000873,2011 super output areas - lower layer,298,Age 8 to 9,0.0
9128,2011,E01000873,2011 super output areas - lower layer,298,Age 10 to 14,0.0
9129,2011,E01000873,2011 super output areas - lower layer,298,Age 15,0.0
9130,2011,E01000873,2011 super output areas - lower layer,298,Age 16 to 17,0.0
9131,2011,E01000873,2011 super output areas - lower layer,298,Age 18 to 19,0.0
9132,2011,E01000873,2011 super output areas - lower layer,298,Age 20 to 24,0.0
9133,2011,E01000873,2011 super output areas - lower layer,298,Age 25 to 29,0.0
9134,2011,E01000873,2011 super output areas - lower layer,298,Age 30 to 44,0.0
9135,2011,E01000873,2011 super output areas - lower layer,298,Age 45 to 59,0.0
9136,2011,E01000873,2011 super output areas - lower layer,298,Age 60 to 64,0.0
9137,2011,E01000873,2011 super output areas - lower layer,298,Age 65 to 74,0.0
9138,2011,E01000873,2011 super output areas - lower layer,298,Age 75 to 84,0.0
9139,2011,E01000873,2011 super output areas - lower layer,298,Age 85 to 89,0.0
9140,2011,E01000873,2011 super output areas - lower layer,298,Age 90 and over,0.0
9141,2011,E01000873,2011 super output areas - lower layer,298,Mean Age,
9142,2011,E01000873,2011 super output areas - lower layer,298,Median Age,0.5
9143,2011,E01000874,2011 super output areas - lower layer,298,All usual residents,1559.0
9144,2011,E01000874,2011 super output areas - lower layer,298,Age 0 to 4,111.0
9145,2011,E01000874,2011 super output areas - lower layer,298,Age 5 to 7,45.0
9146,2011,E01000874,2011 super output areas - lower layer,298,Age 8 to 9,23.0
9147,2011,E01000874,2011 super output areas - lower layer,298,Age 10 to 14,41.0
9148,2011,E01000874,2011 super output areas - lower layer,298,Age 15,7.0
9149,2011,E01000874,2011 super output areas - lower layer,298,Age 16 to 17,24.0
9150,2011,E01000874,2011 super output areas - lower layer,298,Age 18 to 19,20.0
9151,2011,E01000874,2011 super output areas - lower layer,298,Age 20 to 24,104.0
9152,2011,E01000874,2011 super output areas - lower layer,298,Age 25 to 29,175.0
9153,2011,E01000874,2011 super output areas - lower layer,298,Age 30 to 44,533.0
9154,2011,E01000874,2011 super output areas - lower layer,298,Age 45 to 59,198.0
9155,2011,E01000874,2011 super output areas - lower layer,298,Age 60 to 64,68.0
9156,2011,E01000874,2011 super output areas - lower layer,298,Age 65 to 74,123.0
9157,2011,E01000874,2011 super output areas - lower layer,298,Age 75 to 84,60.0
9158,2011,E01000874,2011 super output areas - lower layer,298,Age 85 to 89,17.0
9159,2011,E01000874,2011 super output areas - lower layer,298,Age 90 and over,10.0
9160,2011,E01000874,2011 super output areas - lower layer,298,Mean Age,37.3
9161,2011,E01000874,2011 super output areas - lower layer,298,Median Age,34.0
9162,2011,E01000874,2011 super output areas - lower layer,298,All usual residents,0.0
9163,2011,E01000874,2011 super output areas - lower layer,298,Age 0 to 4,0.0
9164,2011,E01000874,2011 super output areas - lower layer,298,Age 5 to 7,0.0
9165,2011,E01000874,2011 super output areas - lower layer,298,Age 8 to 9,0.0
9166,2011,E01000874,2011 super output areas - lower layer,298,Age 10 to 14,0.0
9167,2011,E01000874,2011 super output areas - lower layer,298,Age 15,0.0
9168,2011,E01000874,2011 super output areas - lower layer,298,Age 16 to 17,0.0
9169,2011,E01000874,2011 super output areas - lower layer,298,Age 18 to 19,0.0
9170,2011,E01000874,2011 super output areas - lower layer,298,Age 20 to 24,0.0
9171,2011,E01000874,2011 super output areas - lower layer,298,Age 25 to 29,0.0
9172,2011,E01000874,2011 super output areas - lower layer,298,Age 30 to 44,0.0
9173,2011,E01000874,2011 super output areas - lower layer,298,Age 45 to 59,0.0
9174,2011,E01000874,2011 super output areas - lower layer,298,Age 60 to 64,0.0
9175,2011,E01000874,2011 super output areas - lower layer,298,Age 65 to 74,0.0
9176,2011,E01000874,2011 super output areas - lower layer,298,Age 75 to 84,0.0
9177,2011,E01000874,2011 super output areas - lower layer,298,Age 85 to 89,0.0
9178,2011,E01000874,2011 super output areas - lower layer,298,Age 90 and over,0.0
9179,2011,E01000874,2011 super output areas - lower layer,298,Mean Age,
9180,2011,E01000874,2011 super output areas - lower layer,298,Median Age,0.5
9181,2011,E01000874,2011 super output areas - lower layer,298,All usual residents,0.0
9182,2011,E01000874,2011 super output areas - lower layer,298,Age 0 to 4,0.0
9183,2011,E01000874,2011 super output areas - lower layer,298,Age 5 to 7,0.0
9184,2011,E01000874,2011 super output areas - lower layer,298,Age 8 to 9,0.0
9185,2011,E01000874,2011 super output areas - lower layer,298,Age 10 to 14,0.0
9186,2011,E01000874,2011 super output areas - lower layer,298,Age 15,0.0
9187,2011,E01000874,2011 super output areas - lower layer,298,Age 16 to 17,0.0
9188,2011,E01000874,2011 super output areas - lower layer,298,Age 18 to 19,0.0
9189,2011,E01000874,2011 super output areas - lower layer,298,Age 20 to 24,0.0
9190,2011,E01000874,2011 super output areas - lower layer,298,Age 25 to 29,0.0
9191,2011,E01000874,2011 super output areas - lower layer,298,Age 30 to 44,0.0
9192,2011,E01000874,2011 super output areas - lower layer,298,Age 45 to 59,0.0
9193,2011,E01000874,2011 super output areas - lower layer,298,Age 60 to 64,0.0
9194,2011,E01000874,2011 super output areas - lower layer,298,Age 65 to 74,0.0
9195,2011,E01000874,2011 super output areas - lower layer,298,Age 75 to 84,0.0
9196,2011,E01000874,2011 super output areas - lower layer,298,Age 85 to 89,0.0
9197,2011,E01000874,2011 super output areas - lower layer,298,Age 90 and over,0.0
9198,2011,E01000874,2011 super output areas - lower layer,298,Mean Age,
9199,2011,E01000874,2011 super output areas - lower layer,298,Median Age,0.5
9200,2011,E01000874,2011 super output areas - lower layer,298,All usual residents,0.0
9201,2011,E01000874,2011 super output areas - lower layer,298,Age 0 to 4,0.0
9202,2011,E01000874,2011 super output areas - lower layer,298,Age 5 to 7,0.0
9203,2011,E01000874,2011 super output areas - lower layer,298,Age 8 to 9,0.0
9204,2011,E01000874,2011 super output areas - lower layer,298,Age 10 to 14,0.0
9205,2011,E01000874,2011 super output areas - lower layer,298,Age 15,0.0
9206,2011,E01000874,2011 super output areas - lower layer,298,Age 16 to 17,0.0
9207,2011,E01000874,2011 super output areas - lower layer,298,Age 18 to 19,0.0
9208,2011,E01000874,2011 super output areas - lower layer,298,Age 20 to 24,0.0
9209,2011,E01000874,2011 super output areas - lower layer,298,Age 25 to 29,0.0
9210,2011,E01000874,2011 super output areas - lower layer,298,Age 30 to 44,0.0
9211,2011,E01000874,2011 super output areas - lower layer,298,Age 45 to 59,0.0
9212,2011,E01000874,2011 super output areas - lower layer,298,Age 60 to 64,0.0
9213,2011,E01000874,2011 super output areas - lower layer,298,Age 65 to 74,0.0
9214,2011,E01000874,2011 super output areas - lower layer,298,Age 75 to 84,0.0
9215,2011,E01000874,2011 super output areas - lower layer,298,Age 85 to 89,0.0
9216,2011,E01000874,2011 super output areas - lower layer,298,Age 90 and over,0.0
9217,2011,E01000874,2011 super output areas - lower layer,298,Mean Age,
9218,2011,E01000874,2011 super output areas - lower layer,298,Median Age,0.5
9219,2011,E01000874,2011 super output areas - lower layer,298,All usual residents,0.0
9220,2011,E01000874,2011 super output areas - lower layer,298,Age 0 to 4,0.0
9221,2011,E01000874,2011 super output areas - lower layer,298,Age 5 to 7,0.0
9222,2011,E01000874,2011 super output areas - lower layer,298,Age 8 to 9,0.0
9223,2011,E01000874,2011 super output areas - lower layer,298,Age 10 to 14,0.0
9224,2011,E01000874,2011 super output areas - lower layer,298,Age 15,0.0
9225,2011,E01000874,2011 super output areas - lower layer,298,Age 16 to 17,0.0
9226,2011,E01000874,2011 super output areas - lower layer,298,Age 18 to 19,0.0
9227,2011,E01000874,2011 super output areas - lower layer,298,Age 20 to 24,0.0
9228,2011,E01000874,2011 super output areas - lower layer,298,Age 25 to 29,0.0
9229,2011,E01000874,2011 super output areas - lower layer,298,Age 30 to 44,0.0
9230,2011,E01000874,2011 super output areas - lower layer,298,Age 45 to 59,0.0
9231,2011,E01000874,2011 super output areas - lower layer,298,Age 60 to 64,0.0
9232,2011,E01000874,2011 super output areas - lower layer,298,Age 65 to 74,0.0
9233,2011,E01000874,2011 super output areas - lower layer,298,Age 75 to 84,0.0
9234,2011,E01000874,2011 super output areas - lower layer,298,Age 85 to 89,0.0
9235,2011,E01000874,2011 super output areas - lower layer,298,Age 90 and over,0.0
9236,2011,E01000874,2011 super output areas - lower layer,298,Mean Age,
9237,2011,E01000874,2011 super output areas - lower layer,298,Median Age,0.5
9238,2011,E01000874,2011 super output areas - lower layer,298,All usual residents,0.0
9239,2011,E01000874,2011 super output areas - lower layer,298,Age 0 to 4,0.0
9240,2011,E01000874,2011 super output areas - lower layer,298,Age 5 to 7,0.0
9241,2011,E01000874,2011 super output areas - lower layer,298,Age 8 to 9,0.0
9242,2011,E01000874,2011 super output areas - lower layer,298,Age 10 to 14,0.0
9243,2011,E01000874,2011 super output areas - lower layer,298,Age 15,0.0
9244,2011,E01000874,2011 super output areas - lower layer,298,Age 16 to 17,0.0
9245,2011,E01000874,2011 super output areas - lower layer,298,Age 18 to 19,0.0
9246,2011,E01000874,2011 super output areas - lower layer,298,Age 20 to 24,0.0
9247,2011,E01000874,2011 super output areas - lower layer,298,Age 25 to 29,0.0
9248,2011,E01000874,2011 super output areas - lower layer,298,Age 30 to 44,0.0
9249,2011,E01000874,2011 super output areas - lower layer,298,Age 45 to 59,0.0
9250,2011,E01000874,2011 super output areas - lower layer,298,Age 60 to 64,0.0
9251,2011,E01000874,2011 super output areas - lower layer,298,Age 65 to 74,0.0
9252,2011,E01000874,2011 super output areas - lower layer,298,Age 75 to 84,0.0
9253,2011,E01000874,2011 super output areas - lower layer,298,Age 85 to 89,0.0
9254,2011,E01000874,2011 super output areas - lower layer,298,Age 90 and over,0.0
9255,2011,E01000874,2011 super output areas - lower layer,298,Mean Age,
9256,2011,E01000874,2011 super output areas - lower layer,298,Median Age,0.5
9257,2011,E01000874,2011 super output areas - lower layer,298,All usual residents,0.0
9258,2011,E01000874,2011 super output areas - lower layer,298,Age 0 to 4,0.0
9259,2011,E01000874,2011 super output areas - lower layer,298,Age 5 to 7,0.0
9260,2011,E01000874,2011 super output areas - lower layer,298,Age 8 to 9,0.0
9261,2011,E01000874,2011 super output areas - lower layer,298,Age 10 to 14,0.0
9262,2011,E01000874,2011 super output areas - lower layer,298,Age 15,0.0
9263,2011,E01000874,2011 super output areas - lower layer,298,Age 16 to 17,0.0
9264,2011,E01000874,2011 super output areas - lower layer,298,Age 18 to 19,0.0
9265,2011,E01000874,2011 super output areas - lower layer,298,Age 20 to 24,0.0
9266,2011,E01000874,2011 super output areas - lower layer,298,Age 25 to 29,0.0
9267,2011,E01000874,2011 super output areas - lower layer,298,Age 30 to 44,0.0
9268,2011,E01000874,2011 super output areas - lower layer,298,Age 45 to 59,0.0
9269,2011,E01000874,2011 super output areas - lower layer,298,Age 60 to 64,0.0
9270,2011,E01000874,2011 super output areas - lower layer,298,Age 65 to 74,0.0
9271,2011,E01000874,2011 super output areas - lower layer,298,Age 75 to 84,0.0
9272,2011,E01000874,2011 super output areas - lower layer,298,Age 85 to 89,0.0
9273,2011,E01000874,2011 super output areas - lower layer,298,Age 90 and over,0.0
9274,2011,E01000874,2011 super output areas - lower layer,298,Mean Age,
9275,2011,E01000874,2011 super output areas - lower layer,298,Median Age,0.5
9276,2011,E01000874,2011 super output areas - lower layer,298,All usual residents,0.0
9277,2011,E01000874,2011 super output areas - lower layer,298,Age 0 to 4,0.0
9278,2011,E01000874,2011 super output areas - lower layer,298,Age 5 to 7,0.0
9279,2011,E01000874,2011 super output areas - lower layer,298,Age 8 to 9,0.0
9280,2011,E01000874,2011 super output areas - lower layer,298,Age 10 to 14,0.0
9281,2011,E01000874,2011 super output areas - lower layer,298,Age 15,0.0
9282,2011,E01000874,2011 super output areas - lower layer,298,Age 16 to 17,0.0
9283,2011,E01000874,2011 super output areas - lower layer,298,Age 18 to 19,0.0
9284,2011,E01000874,2011 super output areas - lower layer,298,Age 20 to 24,0.0
9285,2011,E01000874,2011 super output areas - lower layer,298,Age 25 to 29,0.0
9286,2011,E01000874,2011 super output areas - lower layer,298,Age 30 to 44,0.0
9287,2011,E01000874,2011 super output areas - lower layer,298,Age 45 to 59,0.0
9288,2011,E01000874,2011 super output areas - lower layer,298,Age 60 to 64,0.0
9289,2011,E01000874,2011 super output areas - lower layer,298,Age 65 to 74,0.0
9290,2011,E01000874,2011 super output areas - lower layer,298,Age 75 to 84,0.0
9291,2011,E01000874,2011 super output areas - lower layer,298,Age 85 to 89,0.0
9292,2011,E01000874,2011 super output areas - lower layer,298,Age 90 and over,0.0
9293,2011,E01000874,2011 super output areas - lower layer,298,Mean Age,
9294,2011,E01000874,2011 super output areas - lower layer,298,Median Age,0.5
9295,2011,E01000874,2011 super output areas - lower layer,298,All usual residents,0.0
9296,2011,E01000874,2011 super output areas - lower layer,298,Age 0 to 4,0.0
9297,2011,E01000874,2011 super output areas - lower layer,298,Age 5 to 7,0.0
9298,2011,E01000874,2011 super output areas - lower layer,298,Age 8 to 9,0.0
9299,2011,E01000874,2011 super output areas - lower layer,298,Age 10 to 14,0.0
9300,2011,E01000874,2011 super output areas - lower layer,298,Age 15,0.0
9301,2011,E01000874,2011 super output areas - lower layer,298,Age 16 to 17,0.0
9302,2011,E01000874,2011 super output areas - lower layer,298,Age 18 to 19,0.0
9303,2011,E01000874,2011 super output areas - lower layer,298,Age 20 to 24,0.0
9304,2011,E01000874,2011 super output areas - lower layer,298,Age 25 to 29,0.0
9305,2011,E01000874,2011 super output areas - lower layer,298,Age 30 to 44,0.0
9306,2011,E01000874,2011 super output areas - lower layer,298,Age 45 to 59,0.0
9307,2011,E01000874,2011 super output areas - lower layer,298,Age 60 to 64,0.0
9308,2011,E01000874,2011 super output areas - lower layer,298,Age 65 to 74,0.0
9309,2011,E01000874,2011 super output areas - lower layer,298,Age 75 to 84,0.0
9310,2011,E01000874,2011 super output areas - lower layer,298,Age 85 to 89,0.0
9311,2011,E01000874,2011 super output areas - lower layer,298,Age 90 and over,0.0
9312,2011,E01000874,2011 super output areas - lower layer,298,Mean Age,
9313,2011,E01000874,2011 super output areas - lower layer,298,Median Age,0.5
9314,2011,E01000874,2011 super output areas - lower layer,298,All usual residents,0.0
9315,2011,E01000874,2011 super output areas - lower layer,298,Age 0 to 4,0.0
9316,2011,E01000874,2011 super output areas - lower layer,298,Age 5 to 7,0.0
9317,2011,E01000874,2011 super output areas - lower layer,298,Age 8 to 9,0.0
9318,2011,E01000874,2011 super output areas - lower layer,298,Age 10 to 14,0.0
9319,2011,E01000874,2011 super output areas - lower layer,298,Age 15,0.0
9320,2011,E01000874,2011 super output areas - lower layer,298,Age 16 to 17,0.0
9321,2011,E01000874,2011 super output areas - lower layer,298,Age 18 to 19,0.0
9322,2011,E01000874,2011 super output areas - lower layer,298,Age 20 to 24,0.0
9323,2011,E01000874,2011 super output areas - lower layer,298,Age 25 to 29,0.0
9324,2011,E01000874,2011 super output areas - lower layer,298,Age 30 to 44,0.0
9325,2011,E01000874,2011 super output areas - lower layer,298,Age 45 to 59,0.0
9326,2011,E01000874,2011 super output areas - lower layer,298,Age 60 to 64,0.0
9327,2011,E01000874,2011 super output areas - lower layer,298,Age 65 to 74,0.0
9328,2011,E01000874,2011 super output areas - lower layer,298,Age 75 to 84,0.0
9329,2011,E01000874,2011 super output areas - lower layer,298,Age 85 to 89,0.0
9330,2011,E01000874,2011 super output areas - lower layer,298,Age 90 and over,0.0
9331,2011,E01000874,2011 super output areas - lower layer,298,Mean Age,
9332,2011,E01000874,2011 super output areas - lower layer,298,Median Age,0.5
9333,2011,E01000874,2011 super output areas - lower layer,298,All usual residents,0.0
9334,2011,E01000874,2011 super output areas - lower layer,298,Age 0 to 4,0.0
9335,2011,E01000874,2011 super output areas - lower layer,298,Age 5 to 7,0.0
9336,2011,E01000874,2011 super output areas - lower layer,298,Age 8 to 9,0.0
9337,2011,E01000874,2011 super output areas - lower layer,298,Age 10 to 14,0.0
9338,2011,E01000874,2011 super output areas - lower layer,298,Age 15,0.0
9339,2011,E01000874,2011 super output areas - lower layer,298,Age 16 to 17,0.0
9340,2011,E01000874,2011 super output areas - lower layer,298,Age 18 to 19,0.0
9341,2011,E01000874,2011 super output areas - lower layer,298,Age 20 to 24,0.0
9342,2011,E01000874,2011 super output areas - lower layer,298,Age 25 to 29,0.0
9343,2011,E01000874,2011 super output areas - lower layer,298,Age 30 to 44,0.0
9344,2011,E01000874,2011 super output areas - lower layer,298,Age 45 to 59,0.0
9345,2011,E01000874,2011 super output areas - lower layer,298,Age 60 to 64,0.0
9346,2011,E01000874,2011 super output areas - lower layer,298,Age 65 to 74,0.0
9347,2011,E01000874,2011 super output areas - lower layer,298,Age 75 to 84,0.0
9348,2011,E01000874,2011 super output areas - lower layer,298,Age 85 to 89,0.0
9349,2011,E01000874,2011 super output areas - lower layer,298,Age 90 and over,0.0
9350,2011,E01000874,2011 super output areas - lower layer,298,Mean Age,
9351,2011,E01000874,2011 super output areas - lower layer,298,Median Age,0.5
9352,2011,E01000874,2011 super output areas - lower layer,298,All usual residents,0.0
9353,2011,E01000874,2011 super output areas - lower layer,298,Age 0 to 4,0.0
9354,2011,E01000874,2011 super output areas - lower layer,298,Age 5 to 7,0.0
9355,2011,E01000874,2011 super output areas - lower layer,298,Age 8 to 9,0.0
9356,2011,E01000874,2011 super output areas - lower layer,298,Age 10 to 14,0.0
9357,2011,E01000874,2011 super output areas - lower layer,298,Age 15,0.0
9358,2011,E01000874,2011 super output areas - lower layer,298,Age 16 to 17,0.0
9359,2011,E01000874,2011 super output areas - lower layer,298,Age 18 to 19,0.0
9360,2011,E01000874,2011 super output areas - lower layer,298,Age 20 to 24,0.0
9361,2011,E01000874,2011 super output areas - lower layer,298,Age 25 to 29,0.0
9362,2011,E01000874,2011 super output areas - lower layer,298,Age 30 to 44,0.0
9363,2011,E01000874,2011 super output areas - lower layer,298,Age 45 to 59,0.0
9364,2011,E01000874,2011 super output areas - lower layer,298,Age 60 to 64,0.0
9365,2011,E01000874,2011 super output areas - lower layer,298,Age 65 to 74,0.0
9366,2011,E01000874,2011 super output areas - lower layer,298,Age 75 to 84,0.0
9367,2011,E01000874,2011 super output areas - lower layer,298,Age 85 to 89,0.0
9368,2011,E01000874,2011 super output areas - lower layer,298,Age 90 and over,0.0
9369,2011,E01000874,2011 super output areas - lower layer,298,Mean Age,
9370,2011,E01000874,2011 super output areas - lower layer,298,Median Age,0.5
9371,2011,E01000874,2011 super output areas - lower layer,298,All usual residents,0.0
9372,2011,E01000874,2011 super output areas - lower layer,298,Age 0 to 4,0.0
9373,2011,E01000874,2011 super output areas - lower layer,298,Age 5 to 7,0.0
9374,2011,E01000874,2011 super output areas - lower layer,298,Age 8 to 9,0.0
9375,2011,E01000874,2011 super output areas - lower layer,298,Age 10 to 14,0.0
9376,2011,E01000874,2011 super output areas - lower layer,298,Age 15,0.0
9377,2011,E01000874,2011 super output areas - lower layer,298,Age 16 to 17,0.0
9378,2011,E01000874,2011 super output areas - lower layer,298,Age 18 to 19,0.0
9379,2011,E01000874,2011 super output areas - lower layer,298,Age 20 to 24,0.0
9380,2011,E01000874,2011 super output areas - lower layer,298,Age 25 to 29,0.0
9381,2011,E01000874,2011 super output areas - lower layer,298,Age 30 to 44,0.0
9382,2011,E01000874,2011 super output areas - lower layer,298,Age 45 to 59,0.0
9383,2011,E01000874,2011 super output areas - lower layer,298,Age 60 to 64,0.0
9384,2011,E01000874,2011 super output areas - lower layer,298,Age 65 to 74,0.0
9385,2011,E01000874,2011 super output areas - lower layer,298,Age 75 to 84,0.0
9386,2011,E01000874,2011 super output areas - lower layer,298,Age 85 to 89,0.0
9387,2011,E01000874,2011 super output areas - lower layer,298,Age 90 and over,0.0
9388,2011,E01000874,2011 super output areas - lower layer,298,Mean Age,
9389,2011,E01000874,2011 super output areas - lower layer,298,Median Age,0.5
9390,2011,E01000877,2011 super output areas - lower layer,298,All usual residents,1574.0
9391,2011,E01000877,2011 super output areas - lower layer,298,Age 0 to 4,120.0
9392,2011,E01000877,2011 super output areas - lower layer,298,Age 5 to 7,37.0
9393,2011,E01000877,2011 super output areas - lower layer,298,Age 8 to 9,20.0
9394,2011,E01000877,2011 super output areas - lower layer,298,Age 10 to 14,36.0
9395,2011,E01000877,2011 super output areas - lower layer,298,Age 15,5.0
9396,2011,E01000877,2011 super output areas - lower layer,298,Age 16 to 17,25.0
9397,2011,E01000877,2011 super output areas - lower layer,298,Age 18 to 19,18.0
9398,2011,E01000877,2011 super output areas - lower layer,298,Age 20 to 24,105.0
9399,2011,E01000877,2011 super output areas - lower layer,298,Age 25 to 29,245.0
9400,2011,E01000877,2011 super output areas - lower layer,298,Age 30 to 44,520.0
9401,2011,E01000877,2011 super output areas - lower layer,298,Age 45 to 59,222.0
9402,2011,E01000877,2011 super output areas - lower layer,298,Age 60 to 64,69.0
9403,2011,E01000877,2011 super output areas - lower layer,298,Age 65 to 74,92.0
9404,2011,E01000877,2011 super output areas - lower layer,298,Age 75 to 84,43.0
9405,2011,E01000877,2011 super output areas - lower layer,298,Age 85 to 89,10.0
9406,2011,E01000877,2011 super output areas - lower layer,298,Age 90 and over,7.0
9407,2011,E01000877,2011 super output areas - lower layer,298,Mean Age,35.8
9408,2011,E01000877,2011 super output areas - lower layer,298,Median Age,33.0
9409,2011,E01000877,2011 super output areas - lower layer,298,All usual residents,0.0
9410,2011,E01000877,2011 super output areas - lower layer,298,Age 0 to 4,0.0
9411,2011,E01000877,2011 super output areas - lower layer,298,Age 5 to 7,0.0
9412,2011,E01000877,2011 super output areas - lower layer,298,Age 8 to 9,0.0
9413,2011,E01000877,2011 super output areas - lower layer,298,Age 10 to 14,0.0
9414,2011,E01000877,2011 super output areas - lower layer,298,Age 15,0.0
9415,2011,E01000877,2011 super output areas - lower layer,298,Age 16 to 17,0.0
9416,2011,E01000877,2011 super output areas - lower layer,298,Age 18 to 19,0.0
9417,2011,E01000877,2011 super output areas - lower layer,298,Age 20 to 24,0.0
9418,2011,E01000877,2011 super output areas - lower layer,298,Age 25 to 29,0.0
9419,2011,E01000877,2011 super output areas - lower layer,298,Age 30 to 44,0.0
9420,2011,E01000877,2011 super output areas - lower layer,298,Age 45 to 59,0.0
9421,2011,E01000877,2011 super output areas - lower layer,298,Age 60 to 64,0.0
9422,2011,E01000877,2011 super output areas - lower layer,298,Age 65 to 74,0.0
9423,2011,E01000877,2011 super output areas - lower layer,298,Age 75 to 84,0.0
9424,2011,E01000877,2011 super output areas - lower layer,298,Age 85 to 89,0.0
9425,2011,E01000877,2011 super output areas - lower layer,298,Age 90 and over,0.0
9426,2011,E01000877,2011 super output areas - lower layer,298,Mean Age,
9427,2011,E01000877,2011 super output areas - lower layer,298,Median Age,0.5
9428,2011,E01000877,2011 super output areas - lower layer,298,All usual residents,0.0
9429,2011,E01000877,2011 super output areas - lower layer,298,Age 0 to 4,0.0
9430,2011,E01000877,2011 super output areas - lower layer,298,Age 5 to 7,0.0
9431,2011,E01000877,2011 super output areas - lower layer,298,Age 8 to 9,0.0
9432,2011,E01000877,2011 super output areas - lower layer,298,Age 10 to 14,0.0
9433,2011,E01000877,2011 super output areas - lower layer,298,Age 15,0.0
9434,2011,E01000877,2011 super output areas - lower layer,298,Age 16 to 17,0.0
9435,2011,E01000877,2011 super output areas - lower layer,298,Age 18 to 19,0.0
9436,2011,E01000877,2011 super output areas - lower layer,298,Age 20 to 24,0.0
9437,2011,E01000877,2011 super output areas - lower layer,298,Age 25 to 29,0.0
9438,2011,E01000877,2011 super output areas - lower layer,298,Age 30 to 44,0.0
9439,2011,E01000877,2011 super output areas - lower layer,298,Age 45 to 59,0.0
9440,2011,E01000877,2011 super output areas - lower layer,298,Age 60 to 64,0.0
9441,2011,E01000877,2011 super output areas - lower layer,298,Age 65 to 74,0.0
9442,2011,E01000877,2011 super output areas - lower layer,298,Age 75 to 84,0.0
9443,2011,E01000877,2011 super output areas - lower layer,298,Age 85 to 89,0.0
9444,2011,E01000877,2011 super output areas - lower layer,298,Age 90 and over,0.0
9445,2011,E01000877,2011 super output areas - lower layer,298,Mean Age,
9446,2011,E01000877,2011 super output areas - lower layer,298,Median Age,0.5
9447,2011,E01000877,2011 super output areas - lower layer,298,All usual residents,0.0
9448,2011,E01000877,2011 super output areas - lower layer,298,Age 0 to 4,0.0
9449,2011,E01000877,2011 super output areas - lower layer,298,Age 5 to 7,0.0
9450,2011,E01000877,2011 super output areas - lower layer,298,Age 8 to 9,0.0
9451,2011,E01000877,2011 super output areas - lower layer,298,Age 10 to 14,0.0
9452,2011,E01000877,2011 super output areas - lower layer,298,Age 15,0.0
9453,2011,E01000877,2011 super output areas - lower layer,298,Age 16 to 17,0.0
9454,2011,E01000877,2011 super output areas - lower layer,298,Age 18 to 19,0.0
9455,2011,E01000877,2011 super output areas - lower layer,298,Age 20 to 24,0.0
9456,2011,E01000877,2011 super output areas - lower layer,298,Age 25 to 29,0.0
9457,2011,E01000877,2011 super output areas - lower layer,298,Age 30 to 44,0.0
9458,2011,E01000877,2011 super output areas - lower layer,298,Age 45 to 59,0.0
9459,2011,E01000877,2011 super output areas - lower layer,298,Age 60 to 64,0.0
9460,2011,E01000877,2011 super output areas - lower layer,298,Age 65 to 74,0.0
9461,2011,E01000877,2011 super output areas - lower layer,298,Age 75 to 84,0.0
9462,2011,E01000877,2011 super output areas - lower layer,298,Age 85 to 89,0.0
9463,2011,E01000877,2011 super output areas - lower layer,298,Age 90 and over,0.0
9464,2011,E01000877,2011 super output areas - lower layer,298,Mean Age,
9465,2011,E01000877,2011 super output areas - lower layer,298,Median Age,0.5
9466,2011,E01000877,2011 super output areas - lower layer,298,All usual residents,0.0
9467,2011,E01000877,2011 super output areas - lower layer,298,Age 0 to 4,0.0
9468,2011,E01000877,2011 super output areas - lower layer,298,Age 5 to 7,0.0
9469,2011,E01000877,2011 super output areas - lower layer,298,Age 8 to 9,0.0
9470,2011,E01000877,2011 super output areas - lower layer,298,Age 10 to 14,0.0
9471,2011,E01000877,2011 super output areas - lower layer,298,Age 15,0.0
9472,2011,E01000877,2011 super output areas - lower layer,298,Age 16 to 17,0.0
9473,2011,E01000877,2011 super output areas - lower layer,298,Age 18 to 19,0.0
9474,2011,E01000877,2011 super output areas - lower layer,298,Age 20 to 24,0.0
9475,2011,E01000877,2011 super output areas - lower layer,298,Age 25 to 29,0.0
9476,2011,E01000877,2011 super output areas - lower layer,298,Age 30 to 44,0.0
9477,2011,E01000877,2011 super output areas - lower layer,298,Age 45 to 59,0.0
9478,2011,E01000877,2011 super output areas - lower layer,298,Age 60 to 64,0.0
9479,2011,E01000877,2011 super output areas - lower layer,298,Age 65 to 74,0.0
9480,2011,E01000877,2011 super output areas - lower layer,298,Age 75 to 84,0.0
9481,2011,E01000877,2011 super output areas - lower layer,298,Age 85 to 89,0.0
9482,2011,E01000877,2011 super output areas - lower layer,298,Age 90 and over,0.0
9483,2011,E01000877,2011 super output areas - lower layer,298,Mean Age,
9484,2011,E01000877,2011 super output areas - lower layer,298,Median Age,0.5
9485,2011,E01000877,2011 super output areas - lower layer,298,All usual residents,0.0
9486,2011,E01000877,2011 super output areas - lower layer,298,Age 0 to 4,0.0
9487,2011,E01000877,2011 super output areas - lower layer,298,Age 5 to 7,0.0
9488,2011,E01000877,2011 super output areas - lower layer,298,Age 8 to 9,0.0
9489,2011,E01000877,2011 super output areas - lower layer,298,Age 10 to 14,0.0
9490,2011,E01000877,2011 super output areas - lower layer,298,Age 15,0.0
9491,2011,E01000877,2011 super output areas - lower layer,298,Age 16 to 17,0.0
9492,2011,E01000877,2011 super output areas - lower layer,298,Age 18 to 19,0.0
9493,2011,E01000877,2011 super output areas - lower layer,298,Age 20 to 24,0.0
9494,2011,E01000877,2011 super output areas - lower layer,298,Age 25 to 29,0.0
9495,2011,E01000877,2011 super output areas - lower layer,298,Age 30 to 44,0.0
9496,2011,E01000877,2011 super output areas - lower layer,298,Age 45 to 59,0.0
9497,2011,E01000877,2011 super output areas - lower layer,298,Age 60 to 64,0.0
9498,2011,E01000877,2011 super output areas - lower layer,298,Age 65 to 74,0.0
9499,2011,E01000877,2011 super output areas - lower layer,298,Age 75 to 84,0.0
9500,2011,E01000877,2011 super output areas - lower layer,298,Age 85 to 89,0.0
9501,2011,E01000877,2011 super output areas - lower layer,298,Age 90 and over,0.0
9502,2011,E01000877,2011 super output areas - lower layer,298,Mean Age,
9503,2011,E01000877,2011 super output areas - lower layer,298,Median Age,0.5
9504,2011,E01000877,2011 super output areas - lower layer,298,All usual residents,0.0
9505,2011,E01000877,2011 super output areas - lower layer,298,Age 0 to 4,0.0
9506,2011,E01000877,2011 super output areas - lower layer,298,Age 5 to 7,0.0
9507,2011,E01000877,2011 super output areas - lower layer,298,Age 8 to 9,0.0
9508,2011,E01000877,2011 super output areas - lower layer,298,Age 10 to 14,0.0
9509,2011,E01000877,2011 super output areas - lower layer,298,Age 15,0.0
9510,2011,E01000877,2011 super output areas - lower layer,298,Age 16 to 17,0.0
9511,2011,E01000877,2011 super output areas - lower layer,298,Age 18 to 19,0.0
9512,2011,E01000877,2011 super output areas - lower layer,298,Age 20 to 24,0.0
9513,2011,E01000877,2011 super output areas - lower layer,298,Age 25 to 29,0.0
9514,2011,E01000877,2011 super output areas - lower layer,298,Age 30 to 44,0.0
9515,2011,E01000877,2011 super output areas - lower layer,298,Age 45 to 59,0.0
9516,2011,E01000877,2011 super output areas - lower layer,298,Age 60 to 64,0.0
9517,2011,E01000877,2011 super output areas - lower layer,298,Age 65 to 74,0.0
9518,2011,E01000877,2011 super output areas - lower layer,298,Age 75 to 84,0.0
9519,2011,E01000877,2011 super output areas - lower layer,298,Age 85 to 89,0.0
9520,2011,E01000877,2011 super output areas - lower layer,298,Age 90 and over,0.0
9521,2011,E01000877,2011 super output areas - lower layer,298,Mean Age,
9522,2011,E01000877,2011 super output areas - lower layer,298,Median Age,0.5
9523,2011,E01000877,2011 super output areas - lower layer,298,All usual residents,0.0
9524,2011,E01000877,2011 super output areas - lower layer,298,Age 0 to 4,0.0
9525,2011,E01000877,2011 super output areas - lower layer,298,Age 5 to 7,0.0
9526,2011,E01000877,2011 super output areas - lower layer,298,Age 8 to 9,0.0
9527,2011,E01000877,2011 super output areas - lower layer,298,Age 10 to 14,0.0
9528,2011,E01000877,2011 super output areas - lower layer,298,Age 15,0.0
9529,2011,E01000877,2011 super output areas - lower layer,298,Age 16 to 17,0.0
9530,2011,E01000877,2011 super output areas - lower layer,298,Age 18 to 19,0.0
9531,2011,E01000877,2011 super output areas - lower layer,298,Age 20 to 24,0.0
9532,2011,E01000877,2011 super output areas - lower layer,298,Age 25 to 29,0.0
9533,2011,E01000877,2011 super output areas - lower layer,298,Age 30 to 44,0.0
9534,2011,E01000877,2011 super output areas - lower layer,298,Age 45 to 59,0.0
9535,2011,E01000877,2011 super output areas - lower layer,298,Age 60 to 64,0.0
9536,2011,E01000877,2011 super output areas - lower layer,298,Age 65 to 74,0.0
9537,2011,E01000877,2011 super output areas - lower layer,298,Age 75 to 84,0.0
9538,2011,E01000877,2011 super output areas - lower layer,298,Age 85 to 89,0.0
9539,2011,E01000877,2011 super output areas - lower layer,298,Age 90 and over,0.0
9540,2011,E01000877,2011 super output areas - lower layer,298,Mean Age,
9541,2011,E01000877,2011 super output areas - lower layer,298,Median Age,0.5
9542,2011,E01000877,2011 super output areas - lower layer,298,All usual residents,0.0
9543,2011,E01000877,2011 super output areas - lower layer,298,Age 0 to 4,0.0
9544,2011,E01000877,2011 super output areas - lower layer,298,Age 5 to 7,0.0
9545,2011,E01000877,2011 super output areas - lower layer,298,Age 8 to 9,0.0
9546,2011,E01000877,2011 super output areas - lower layer,298,Age 10 to 14,0.0
9547,2011,E01000877,2011 super output areas - lower layer,298,Age 15,0.0
9548,2011,E01000877,2011 super output areas - lower layer,298,Age 16 to 17,0.0
9549,2011,E01000877,2011 super output areas - lower layer,298,Age 18 to 19,0.0
9550,2011,E01000877,2011 super output areas - lower layer,298,Age 20 to 24,0.0
9551,2011,E01000877,2011 super output areas - lower layer,298,Age 25 to 29,0.0
9552,2011,E01000877,2011 super output areas - lower layer,298,Age 30 to 44,0.0
9553,2011,E01000877,2011 super output areas - lower layer,298,Age 45 to 59,0.0
9554,2011,E01000877,2011 super output areas - lower layer,298,Age 60 to 64,0.0
9555,2011,E01000877,2011 super output areas - lower layer,298,Age 65 to 74,0.0
9556,2011,E01000877,2011 super output areas - lower layer,298,Age 75 to 84,0.0
9557,2011,E01000877,2011 super output areas - lower layer,298,Age 85 to 89,0.0
9558,2011,E01000877,2011 super output areas - lower layer,298,Age 90 and over,0.0
9559,2011,E01000877,2011 super output areas - lower layer,298,Mean Age,
9560,2011,E01000877,2011 super output areas - lower layer,298,Median Age,0.5
9561,2011,E01000877,2011 super output areas - lower layer,298,All usual residents,0.0
9562,2011,E01000877,2011 super output areas - lower layer,298,Age 0 to 4,0.0
9563,2011,E01000877,2011 super output areas - lower layer,298,Age 5 to 7,0.0
9564,2011,E01000877,2011 super output areas - lower layer,298,Age 8 to 9,0.0
9565,2011,E01000877,2011 super output areas - lower layer,298,Age 10 to 14,0.0
9566,2011,E01000877,2011 super output areas - lower layer,298,Age 15,0.0
9567,2011,E01000877,2011 super output areas - lower layer,298,Age 16 to 17,0.0
9568,2011,E01000877,2011 super output areas - lower layer,298,Age 18 to 19,0.0
9569,2011,E01000877,2011 super output areas - lower layer,298,Age 20 to 24,0.0
9570,2011,E01000877,2011 super output areas - lower layer,298,Age 25 to 29,0.0
9571,2011,E01000877,2011 super output areas - lower layer,298,Age 30 to 44,0.0
9572,2011,E01000877,2011 super output areas - lower layer,298,Age 45 to 59,0.0
9573,2011,E01000877,2011 super output areas - lower layer,298,Age 60 to 64,0.0
9574,2011,E01000877,2011 super output areas - lower layer,298,Age 65 to 74,0.0
9575,2011,E01000877,2011 super output areas - lower layer,298,Age 75 to 84,0.0
9576,2011,E01000877,2011 super output areas - lower layer,298,Age 85 to 89,0.0
9577,2011,E01000877,2011 super output areas - lower layer,298,Age 90 and over,0.0
9578,2011,E01000877,2011 super output areas - lower layer,298,Mean Age,
9579,2011,E01000877,2011 super output areas - lower layer,298,Median Age,0.5
9580,2011,E01000877,2011 super output areas - lower layer,298,All usual residents,0.0
9581,2011,E01000877,2011 super output areas - lower layer,298,Age 0 to 4,0.0
9582,2011,E01000877,2011 super output areas - lower layer,298,Age 5 to 7,0.0
9583,2011,E01000877,2011 super output areas - lower layer,298,Age 8 to 9,0.0
9584,2011,E01000877,2011 super output areas - lower layer,298,Age 10 to 14,0.0
9585,2011,E01000877,2011 super output areas - lower layer,298,Age 15,0.0
9586,2011,E01000877,2011 super output areas - lower layer,298,Age 16 to 17,0.0
9587,2011,E01000877,2011 super output areas - lower layer,298,Age 18 to 19,0.0
9588,2011,E01000877,2011 super output areas - lower layer,298,Age 20 to 24,0.0
9589,2011,E01000877,2011 super output areas - lower layer,298,Age 25 to 29,0.0
9590,2011,E01000877,2011 super output areas - lower layer,298,Age 30 to 44,0.0
9591,2011,E01000877,2011 super output areas - lower layer,298,Age 45 to 59,0.0
9592,2011,E01000877,2011 super output areas - lower layer,298,Age 60 to 64,0.0
9593,2011,E01000877,2011 super output areas - lower layer,298,Age 65 to 74,0.0
9594,2011,E01000877,2011 super output areas - lower layer,298,Age 75 to 84,0.0
9595,2011,E01000877,2011 super output areas - lower layer,298,Age 85 to 89,0.0
9596,2011,E01000877,2011 super output areas - lower layer,298,Age 90 and over,0.0
9597,2011,E01000877,2011 super output areas - lower layer,298,Mean Age,
9598,2011,E01000877,2011 super output areas - lower layer,298,Median Age,0.5
9599,2011,E01000877,2011 super output areas - lower layer,298,All usual residents,0.0
9600,2011,E01000877,2011 super output areas - lower layer,298,Age 0 to 4,0.0
9601,2011,E01000877,2011 super output areas - lower layer,298,Age 5 to 7,0.0
9602,2011,E01000877,2011 super output areas - lower layer,298,Age 8 to 9,0.0
9603,2011,E01000877,2011 super output areas - lower layer,298,Age 10 to 14,0.0
9604,2011,E01000877,2011 super output areas - lower layer,298,Age 15,0.0
9605,2011,E01000877,2011 super output areas - lower layer,298,Age 16 to 17,0.0
9606,2011,E01000877,2011 super output areas - lower layer,298,Age 18 to 19,0.0
9607,2011,E01000877,2011 super output areas - lower layer,298,Age 20 to 24,0.0
9608,2011,E01000877,2011 super output areas - lower layer,298,Age 25 to 29,0.0
9609,2011,E01000877,2011 super output areas - lower layer,298,Age 30 to 44,0.0
9610,2011,E01000877,2011 super output areas - lower layer,298,Age 45 to 59,0.0
9611,2011,E01000877,2011 super output areas - lower layer,298,Age 60 to 64,0.0
9612,2011,E01000877,2011 super output areas - lower layer,298,Age 65 to 74,0.0
9613,2011,E01000877,2011 super output areas - lower layer,298,Age 75 to 84,0.0
9614,2011,E01000877,2011 super output areas - lower layer,298,Age 85 to 89,0.0
9615,2011,E01000877,2011 super output areas - lower layer,298,Age 90 and over,0.0
9616,2011,E01000877,2011 super output areas - lower layer,298,Mean Age,
9617,2011,E01000877,2011 super output areas - lower layer,298,Median Age,0.5
9618,2011,E01000877,2011 super output areas - lower layer,298,All usual residents,0.0
9619,2011,E01000877,2011 super output areas - lower layer,298,Age 0 to 4,0.0
9620,2011,E01000877,2011 super output areas - lower layer,298,Age 5 to 7,0.0
9621,2011,E01000877,2011 super output areas - lower layer,298,Age 8 to 9,0.0
9622,2011,E01000877,2011 super output areas - lower layer,298,Age 10 to 14,0.0
9623,2011,E01000877,2011 super output areas - lower layer,298,Age 15,0.0
9624,2011,E01000877,2011 super output areas - lower layer,298,Age 16 to 17,0.0
9625,2011,E01000877,2011 super output areas - lower layer,298,Age 18 to 19,0.0
9626,2011,E01000877,2011 super output areas - lower layer,298,Age 20 to 24,0.0
9627,2011,E01000877,2011 super output areas - lower layer,298,Age 25 to 29,0.0
9628,2011,E01000877,2011 super output areas - lower layer,298,Age 30 to 44,0.0
9629,2011,E01000877,2011 super output areas - lower layer,298,Age 45 to 59,0.0
9630,2011,E01000877,2011 super output areas - lower layer,298,Age 60 to 64,0.0
9631,2011,E01000877,2011 super output areas - lower layer,298,Age 65 to 74,0.0
9632,2011,E01000877,2011 super output areas - lower layer,298,Age 75 to 84,0.0
9633,2011,E01000877,2011 super output areas - lower layer,298,Age 85 to 89,0.0
9634,2011,E01000877,2011 super output areas - lower layer,298,Age 90 and over,0.0
9635,2011,E01000877,2011 super output areas - lower layer,298,Mean Age,
9636,2011,E01000877,2011 super output areas - lower layer,298,Median Age,0.5
9637,2011,E01000886,2011 super output areas - lower layer,298,All usual residents,1445.0
9638,2011,E01000886,2011 super output areas - lower layer,298,Age 0 to 4,93.0
9639,2011,E01000886,2011 super output areas - lower layer,298,Age 5 to 7,52.0
9640,2011,E01000886,2011 super output areas - lower layer,298,Age 8 to 9,36.0
9641,2011,E01000886,2011 super output areas - lower layer,298,Age 10 to 14,72.0
9642,2011,E01000886,2011 super output areas - lower layer,298,Age 15,19.0
9643,2011,E01000886,2011 super output areas - lower layer,298,Age 16 to 17,35.0
9644,2011,E01000886,2011 super output areas - lower layer,298,Age 18 to 19,16.0
9645,2011,E01000886,2011 super output areas - lower layer,298,Age 20 to 24,71.0
9646,2011,E01000886,2011 super output areas - lower layer,298,Age 25 to 29,129.0
9647,2011,E01000886,2011 super output areas - lower layer,298,Age 30 to 44,395.0
9648,2011,E01000886,2011 super output areas - lower layer,298,Age 45 to 59,283.0
9649,2011,E01000886,2011 super output areas - lower layer,298,Age 60 to 64,74.0
9650,2011,E01000886,2011 super output areas - lower layer,298,Age 65 to 74,109.0
9651,2011,E01000886,2011 super output areas - lower layer,298,Age 75 to 84,43.0
9652,2011,E01000886,2011 super output areas - lower layer,298,Age 85 to 89,14.0
9653,2011,E01000886,2011 super output areas - lower layer,298,Age 90 and over,4.0
9654,2011,E01000886,2011 super output areas - lower layer,298,Mean Age,37.4
9655,2011,E01000886,2011 super output areas - lower layer,298,Median Age,37.0
9656,2011,E01000886,2011 super output areas - lower layer,298,All usual residents,0.0
9657,2011,E01000886,2011 super output areas - lower layer,298,Age 0 to 4,0.0
9658,2011,E01000886,2011 super output areas - lower layer,298,Age 5 to 7,0.0
9659,2011,E01000886,2011 super output areas - lower layer,298,Age 8 to 9,0.0
9660,2011,E01000886,2011 super output areas - lower layer,298,Age 10 to 14,0.0
9661,2011,E01000886,2011 super output areas - lower layer,298,Age 15,0.0
9662,2011,E01000886,2011 super output areas - lower layer,298,Age 16 to 17,0.0
9663,2011,E01000886,2011 super output areas - lower layer,298,Age 18 to 19,0.0
9664,2011,E01000886,2011 super output areas - lower layer,298,Age 20 to 24,0.0
9665,2011,E01000886,2011 super output areas - lower layer,298,Age 25 to 29,0.0
9666,2011,E01000886,2011 super output areas - lower layer,298,Age 30 to 44,0.0
9667,2011,E01000886,2011 super output areas - lower layer,298,Age 45 to 59,0.0
9668,2011,E01000886,2011 super output areas - lower layer,298,Age 60 to 64,0.0
9669,2011,E01000886,2011 super output areas - lower layer,298,Age 65 to 74,0.0
9670,2011,E01000886,2011 super output areas - lower layer,298,Age 75 to 84,0.0
9671,2011,E01000886,2011 super output areas - lower layer,298,Age 85 to 89,0.0
9672,2011,E01000886,2011 super output areas - lower layer,298,Age 90 and over,0.0
9673,2011,E01000886,2011 super output areas - lower layer,298,Mean Age,
9674,2011,E01000886,2011 super output areas - lower layer,298,Median Age,0.5
9675,2011,E01000886,2011 super output areas - lower layer,298,All usual residents,0.0
9676,2011,E01000886,2011 super output areas - lower layer,298,Age 0 to 4,0.0
9677,2011,E01000886,2011 super output areas - lower layer,298,Age 5 to 7,0.0
9678,2011,E01000886,2011 super output areas - lower layer,298,Age 8 to 9,0.0
9679,2011,E01000886,2011 super output areas - lower layer,298,Age 10 to 14,0.0
9680,2011,E01000886,2011 super output areas - lower layer,298,Age 15,0.0
9681,2011,E01000886,2011 super output areas - lower layer,298,Age 16 to 17,0.0
9682,2011,E01000886,2011 super output areas - lower layer,298,Age 18 to 19,0.0
9683,2011,E01000886,2011 super output areas - lower layer,298,Age 20 to 24,0.0
9684,2011,E01000886,2011 super output areas - lower layer,298,Age 25 to 29,0.0
9685,2011,E01000886,2011 super output areas - lower layer,298,Age 30 to 44,0.0
9686,2011,E01000886,2011 super output areas - lower layer,298,Age 45 to 59,0.0
9687,2011,E01000886,2011 super output areas - lower layer,298,Age 60 to 64,0.0
9688,2011,E01000886,2011 super output areas - lower layer,298,Age 65 to 74,0.0
9689,2011,E01000886,2011 super output areas - lower layer,298,Age 75 to 84,0.0
9690,2011,E01000886,2011 super output areas - lower layer,298,Age 85 to 89,0.0
9691,2011,E01000886,2011 super output areas - lower layer,298,Age 90 and over,0.0
9692,2011,E01000886,2011 super output areas - lower layer,298,Mean Age,
9693,2011,E01000886,2011 super output areas - lower layer,298,Median Age,0.5
9694,2011,E01000886,2011 super output areas - lower layer,298,All usual residents,0.0
9695,2011,E01000886,2011 super output areas - lower layer,298,Age 0 to 4,0.0
9696,2011,E01000886,2011 super output areas - lower layer,298,Age 5 to 7,0.0
9697,2011,E01000886,2011 super output areas - lower layer,298,Age 8 to 9,0.0
9698,2011,E01000886,2011 super output areas - lower layer,298,Age 10 to 14,0.0
9699,2011,E01000886,2011 super output areas - lower layer,298,Age 15,0.0
9700,2011,E01000886,2011 super output areas - lower layer,298,Age 16 to 17,0.0
9701,2011,E01000886,2011 super output areas - lower layer,298,Age 18 to 19,0.0
9702,2011,E01000886,2011 super output areas - lower layer,298,Age 20 to 24,0.0
9703,2011,E01000886,2011 super output areas - lower layer,298,Age 25 to 29,0.0
9704,2011,E01000886,2011 super output areas - lower layer,298,Age 30 to 44,0.0
9705,2011,E01000886,2011 super output areas - lower layer,298,Age 45 to 59,0.0
9706,2011,E01000886,2011 super output areas - lower layer,298,Age 60 to 64,0.0
9707,2011,E01000886,2011 super output areas - lower layer,298,Age 65 to 74,0.0
9708,2011,E01000886,2011 super output areas - lower layer,298,Age 75 to 84,0.0
9709,2011,E01000886,2011 super output areas - lower layer,298,Age 85 to 89,0.0
9710,2011,E01000886,2011 super output areas - lower layer,298,Age 90 and over,0.0
9711,2011,E01000886,2011 super output areas - lower layer,298,Mean Age,
9712,2011,E01000886,2011 super output areas - lower layer,298,Median Age,0.5
9713,2011,E01000886,2011 super output areas - lower layer,298,All usual residents,0.0
9714,2011,E01000886,2011 super output areas - lower layer,298,Age 0 to 4,0.0
9715,2011,E01000886,2011 super output areas - lower layer,298,Age 5 to 7,0.0
9716,2011,E01000886,2011 super output areas - lower layer,298,Age 8 to 9,0.0
9717,2011,E01000886,2011 super output areas - lower layer,298,Age 10 to 14,0.0
9718,2011,E01000886,2011 super output areas - lower layer,298,Age 15,0.0
9719,2011,E01000886,2011 super output areas - lower layer,298,Age 16 to 17,0.0
9720,2011,E01000886,2011 super output areas - lower layer,298,Age 18 to 19,0.0
9721,2011,E01000886,2011 super output areas - lower layer,298,Age 20 to 24,0.0
9722,2011,E01000886,2011 super output areas - lower layer,298,Age 25 to 29,0.0
9723,2011,E01000886,2011 super output areas - lower layer,298,Age 30 to 44,0.0
9724,2011,E01000886,2011 super output areas - lower layer,298,Age 45 to 59,0.0
9725,2011,E01000886,2011 super output areas - lower layer,298,Age 60 to 64,0.0
9726,2011,E01000886,2011 super output areas - lower layer,298,Age 65 to 74,0.0
9727,2011,E01000886,2011 super output areas - lower layer,298,Age 75 to 84,0.0
9728,2011,E01000886,2011 super output areas - lower layer,298,Age 85 to 89,0.0
9729,2011,E01000886,2011 super output areas - lower layer,298,Age 90 and over,0.0
9730,2011,E01000886,2011 super output areas - lower layer,298,Mean Age,
9731,2011,E01000886,2011 super output areas - lower layer,298,Median Age,0.5
9732,2011,E01000886,2011 super output areas - lower layer,298,All usual residents,0.0
9733,2011,E01000886,2011 super output areas - lower layer,298,Age 0 to 4,0.0
9734,2011,E01000886,2011 super output areas - lower layer,298,Age 5 to 7,0.0
9735,2011,E01000886,2011 super output areas - lower layer,298,Age 8 to 9,0.0
9736,2011,E01000886,2011 super output areas - lower layer,298,Age 10 to 14,0.0
9737,2011,E01000886,2011 super output areas - lower layer,298,Age 15,0.0
9738,2011,E01000886,2011 super output areas - lower layer,298,Age 16 to 17,0.0
9739,2011,E01000886,2011 super output areas - lower layer,298,Age 18 to 19,0.0
9740,2011,E01000886,2011 super output areas - lower layer,298,Age 20 to 24,0.0
9741,2011,E01000886,2011 super output areas - lower layer,298,Age 25 to 29,0.0
9742,2011,E01000886,2011 super output areas - lower layer,298,Age 30 to 44,0.0
9743,2011,E01000886,2011 super output areas - lower layer,298,Age 45 to 59,0.0
9744,2011,E01000886,2011 super output areas - lower layer,298,Age 60 to 64,0.0
9745,2011,E01000886,2011 super output areas - lower layer,298,Age 65 to 74,0.0
9746,2011,E01000886,2011 super output areas - lower layer,298,Age 75 to 84,0.0
9747,2011,E01000886,2011 super output areas - lower layer,298,Age 85 to 89,0.0
9748,2011,E01000886,2011 super output areas - lower layer,298,Age 90 and over,0.0
9749,2011,E01000886,2011 super output areas - lower layer,298,Mean Age,
9750,2011,E01000886,2011 super output areas - lower layer,298,Median Age,0.5
9751,2011,E01000886,2011 super output areas - lower layer,298,All usual residents,0.0
9752,2011,E01000886,2011 super output areas - lower layer,298,Age 0 to 4,0.0
9753,2011,E01000886,2011 super output areas - lower layer,298,Age 5 to 7,0.0
9754,2011,E01000886,2011 super output areas - lower layer,298,Age 8 to 9,0.0
9755,2011,E01000886,2011 super output areas - lower layer,298,Age 10 to 14,0.0
9756,2011,E01000886,2011 super output areas - lower layer,298,Age 15,0.0
9757,2011,E01000886,2011 super output areas - lower layer,298,Age 16 to 17,0.0
9758,2011,E01000886,2011 super output areas - lower layer,298,Age 18 to 19,0.0
9759,2011,E01000886,2011 super output areas - lower layer,298,Age 20 to 24,0.0
9760,2011,E01000886,2011 super output areas - lower layer,298,Age 25 to 29,0.0
9761,2011,E01000886,2011 super output areas - lower layer,298,Age 30 to 44,0.0
9762,2011,E01000886,2011 super output areas - lower layer,298,Age 45 to 59,0.0
9763,2011,E01000886,2011 super output areas - lower layer,298,Age 60 to 64,0.0
9764,2011,E01000886,2011 super output areas - lower layer,298,Age 65 to 74,0.0
9765,2011,E01000886,2011 super output areas - lower layer,298,Age 75 to 84,0.0
9766,2011,E01000886,2011 super output areas - lower layer,298,Age 85 to 89,0.0
9767,2011,E01000886,2011 super output areas - lower layer,298,Age 90 and over,0.0
9768,2011,E01000886,2011 super output areas - lower layer,298,Mean Age,
9769,2011,E01000886,2011 super output areas - lower layer,298,Median Age,0.5
9770,2011,E01000886,2011 super output areas - lower layer,298,All usual residents,0.0
9771,2011,E01000886,2011 super output areas - lower layer,298,Age 0 to 4,0.0
9772,2011,E01000886,2011 super output areas - lower layer,298,Age 5 to 7,0.0
9773,2011,E01000886,2011 super output areas - lower layer,298,Age 8 to 9,0.0
9774,2011,E01000886,2011 super output areas - lower layer,298,Age 10 to 14,0.0
9775,2011,E01000886,2011 super output areas - lower layer,298,Age 15,0.0
9776,2011,E01000886,2011 super output areas - lower layer,298,Age 16 to 17,0.0
9777,2011,E01000886,2011 super output areas - lower layer,298,Age 18 to 19,0.0
9778,2011,E01000886,2011 super output areas - lower layer,298,Age 20 to 24,0.0
9779,2011,E01000886,2011 super output areas - lower layer,298,Age 25 to 29,0.0
9780,2011,E01000886,2011 super output areas - lower layer,298,Age 30 to 44,0.0
9781,2011,E01000886,2011 super output areas - lower layer,298,Age 45 to 59,0.0
9782,2011,E01000886,2011 super output areas - lower layer,298,Age 60 to 64,0.0
9783,2011,E01000886,2011 super output areas - lower layer,298,Age 65 to 74,0.0
9784,2011,E01000886,2011 super output areas - lower layer,298,Age 75 to 84,0.0
9785,2011,E01000886,2011 super output areas - lower layer,298,Age 85 to 89,0.0
9786,2011,E01000886,2011 super output areas - lower layer,298,Age 90 and over,0.0
9787,2011,E01000886,2011 super output areas - lower layer,298,Mean Age,
9788,2011,E01000886,2011 super output areas - lower layer,298,Median Age,0.5
9789,2011,E01000886,2011 super output areas - lower layer,298,All usual residents,0.0
9790,2011,E01000886,2011 super output areas - lower layer,298,Age 0 to 4,0.0
9791,2011,E01000886,2011 super output areas - lower layer,298,Age 5 to 7,0.0
9792,2011,E01000886,2011 super output areas - lower layer,298,Age 8 to 9,0.0
9793,2011,E01000886,2011 super output areas - lower layer,298,Age 10 to 14,0.0
9794,2011,E01000886,2011 super output areas - lower layer,298,Age 15,0.0
9795,2011,E01000886,2011 super output areas - lower layer,298,Age 16 to 17,0.0
9796,2011,E01000886,2011 super output areas - lower layer,298,Age 18 to 19,0.0
9797,2011,E01000886,2011 super output areas - lower layer,298,Age 20 to 24,0.0
9798,2011,E01000886,2011 super output areas - lower layer,298,Age 25 to 29,0.0
9799,2011,E01000886,2011 super output areas - lower layer,298,Age 30 to 44,0.0
9800,2011,E01000886,2011 super output areas - lower layer,298,Age 45 to 59,0.0
9801,2011,E01000886,2011 super output areas - lower layer,298,Age 60 to 64,0.0
9802,2011,E01000886,2011 super output areas - lower layer,298,Age 65 to 74,0.0
9803,2011,E01000886,2011 super output areas - lower layer,298,Age 75 to 84,0.0
9804,2011,E01000886,2011 super output areas - lower layer,298,Age 85 to 89,0.0
9805,2011,E01000886,2011 super output areas - lower layer,298,Age 90 and over,0.0
9806,2011,E01000886,2011 super output areas - lower layer,298,Mean Age,
9807,2011,E01000886,2011 super output areas - lower layer,298,Median Age,0.5
9808,2011,E01000886,2011 super output areas - lower layer,298,All usual residents,0.0
9809,2011,E01000886,2011 super output areas - lower layer,298,Age 0 to 4,0.0
9810,2011,E01000886,2011 super output areas - lower layer,298,Age 5 to 7,0.0
9811,2011,E01000886,2011 super output areas - lower layer,298,Age 8 to 9,0.0
9812,2011,E01000886,2011 super output areas - lower layer,298,Age 10 to 14,0.0
9813,2011,E01000886,2011 super output areas - lower layer,298,Age 15,0.0
9814,2011,E01000886,2011 super output areas - lower layer,298,Age 16 to 17,0.0
9815,2011,E01000886,2011 super output areas - lower layer,298,Age 18 to 19,0.0
9816,2011,E01000886,2011 super output areas - lower layer,298,Age 20 to 24,0.0
9817,2011,E01000886,2011 super output areas - lower layer,298,Age 25 to 29,0.0
9818,2011,E01000886,2011 super output areas - lower layer,298,Age 30 to 44,0.0
9819,2011,E01000886,2011 super output areas - lower layer,298,Age 45 to 59,0.0
9820,2011,E01000886,2011 super output areas - lower layer,298,Age 60 to 64,0.0
9821,2011,E01000886,2011 super output areas - lower layer,298,Age 65 to 74,0.0
9822,2011,E01000886,2011 super output areas - lower layer,298,Age 75 to 84,0.0
9823,2011,E01000886,2011 super output areas - lower layer,298,Age 85 to 89,0.0
9824,2011,E01000886,2011 super output areas - lower layer,298,Age 90 and over,0.0
9825,2011,E01000886,2011 super output areas - lower layer,298,Mean Age,
9826,2011,E01000886,2011 super output areas - lower layer,298,Median Age,0.5
9827,2011,E01000886,2011 super output areas - lower layer,298,All usual residents,0.0
9828,2011,E01000886,2011 super output areas - lower layer,298,Age 0 to 4,0.0
9829,2011,E01000886,2011 super output areas - lower layer,298,Age 5 to 7,0.0
9830,2011,E01000886,2011 super output areas - lower layer,298,Age 8 to 9,0.0
9831,2011,E01000886,2011 super output areas - lower layer,298,Age 10 to 14,0.0
9832,2011,E01000886,2011 super output areas - lower layer,298,Age 15,0.0
9833,2011,E01000886,2011 super output areas - lower layer,298,Age 16 to 17,0.0
9834,2011,E01000886,2011 super output areas - lower layer,298,Age 18 to 19,0.0
9835,2011,E01000886,2011 super output areas - lower layer,298,Age 20 to 24,0.0
9836,2011,E01000886,2011 super output areas - lower layer,298,Age 25 to 29,0.0
9837,2011,E01000886,2011 super output areas - lower layer,298,Age 30 to 44,0.0
9838,2011,E01000886,2011 super output areas - lower layer,298,Age 45 to 59,0.0
9839,2011,E01000886,2011 super output areas - lower layer,298,Age 60 to 64,0.0
9840,2011,E01000886,2011 super output areas - lower layer,298,Age 65 to 74,0.0
9841,2011,E01000886,2011 super output areas - lower layer,298,Age 75 to 84,0.0
9842,2011,E01000886,2011 super output areas - lower layer,298,Age 85 to 89,0.0
9843,2011,E01000886,2011 super output areas - lower layer,298,Age 90 and over,0.0
9844,2011,E01000886,2011 super output areas - lower layer,298,Mean Age,
9845,2011,E01000886,2011 super output areas - lower layer,298,Median Age,0.5
9846,2011,E01000886,2011 super output areas - lower layer,298,All usual residents,0.0
9847,2011,E01000886,2011 super output areas - lower layer,298,Age 0 to 4,0.0
9848,2011,E01000886,2011 super output areas - lower layer,298,Age 5 to 7,0.0
9849,2011,E01000886,2011 super output areas - lower layer,298,Age 8 to 9,0.0
9850,2011,E01000886,2011 super output areas - lower layer,298,Age 10 to 14,0.0
9851,2011,E01000886,2011 super output areas - lower layer,298,Age 15,0.0
9852,2011,E01000886,2011 super output areas - lower layer,298,Age 16 to 17,0.0
9853,2011,E01000886,2011 super output areas - lower layer,298,Age 18 to 19,0.0
9854,2011,E01000886,2011 super output areas - lower layer,298,Age 20 to 24,0.0
9855,2011,E01000886,2011 super output areas - lower layer,298,Age 25 to 29,0.0
9856,2011,E01000886,2011 super output areas - lower layer,298,Age 30 to 44,0.0
9857,2011,E01000886,2011 super output areas - lower layer,298,Age 45 to 59,0.0
9858,2011,E01000886,2011 super output areas - lower layer,298,Age 60 to 64,0.0
9859,2011,E01000886,2011 super output areas - lower layer,298,Age 65 to 74,0.0
9860,2011,E01000886,2011 super output areas - lower layer,298,Age 75 to 84,0.0
9861,2011,E01000886,2011 super output areas - lower layer,298,Age 85 to 89,0.0
9862,2011,E01000886,2011 super output areas - lower layer,298,Age 90 and over,0.0
9863,2011,E01000886,2011 super output areas - lower layer,298,Mean Age,
9864,2011,E01000886,2011 super output areas - lower layer,298,Median Age,0.5
9865,2011,E01000886,2011 super output areas - lower layer,298,All usual residents,0.0
9866,2011,E01000886,2011 super output areas - lower layer,298,Age 0 to 4,0.0
9867,2011,E01000886,2011 super output areas - lower layer,298,Age 5 to 7,0.0
9868,2011,E01000886,2011 super output areas - lower layer,298,Age 8 to 9,0.0
9869,2011,E01000886,2011 super output areas - lower layer,298,Age 10 to 14,0.0
9870,2011,E01000886,2011 super output areas - lower layer,298,Age 15,0.0
9871,2011,E01000886,2011 super output areas - lower layer,298,Age 16 to 17,0.0
9872,2011,E01000886,2011 super output areas - lower layer,298,Age 18 to 19,0.0
9873,2011,E01000886,2011 super output areas - lower layer,298,Age 20 to 24,0.0
9874,2011,E01000886,2011 super output areas - lower layer,298,Age 25 to 29,0.0
9875,2011,E01000886,2011 super output areas - lower layer,298,Age 30 to 44,0.0
9876,2011,E01000886,2011 super output areas - lower layer,298,Age 45 to 59,0.0
9877,2011,E01000886,2011 super output areas - lower layer,298,Age 60 to 64,0.0
9878,2011,E01000886,2011 super output areas - lower layer,298,Age 65 to 74,0.0
9879,2011,E01000886,2011 super output areas - lower layer,298,Age 75 to 84,0.0
9880,2011,E01000886,2011 super output areas - lower layer,298,Age 85 to 89,0.0
9881,2011,E01000886,2011 super output areas - lower layer,298,Age 90 and over,0.0
9882,2011,E01000886,2011 super output areas - lower layer,298,Mean Age,
9883,2011,E01000886,2011 super output areas - lower layer,298,Median Age,0.5
9884,2011,E01000887,2011 super output areas - lower layer,298,All usual residents,1486.0
9885,2011,E01000887,2011 super output areas - lower layer,298,Age 0 to 4,84.0
9886,2011,E01000887,2011 super output areas - lower layer,298,Age 5 to 7,48.0
9887,2011,E01000887,2011 super output areas - lower layer,298,Age 8 to 9,24.0
9888,2011,E01000887,2011 super output areas - lower layer,298,Age 10 to 14,54.0
9889,2011,E01000887,2011 super output areas - lower layer,298,Age 15,12.0
9890,2011,E01000887,2011 super output areas - lower layer,298,Age 16 to 17,24.0
9891,2011,E01000887,2011 super output areas - lower layer,298,Age 18 to 19,14.0
9892,2011,E01000887,2011 super output areas - lower layer,298,Age 20 to 24,78.0
9893,2011,E01000887,2011 super output areas - lower layer,298,Age 25 to 29,211.0
9894,2011,E01000887,2011 super output areas - lower layer,298,Age 30 to 44,478.0
9895,2011,E01000887,2011 super output areas - lower layer,298,Age 45 to 59,228.0
9896,2011,E01000887,2011 super output areas - lower layer,298,Age 60 to 64,71.0
9897,2011,E01000887,2011 super output areas - lower layer,298,Age 65 to 74,86.0
9898,2011,E01000887,2011 super output areas - lower layer,298,Age 75 to 84,47.0
9899,2011,E01000887,2011 super output areas - lower layer,298,Age 85 to 89,14.0
9900,2011,E01000887,2011 super output areas - lower layer,298,Age 90 and over,13.0
9901,2011,E01000887,2011 super output areas - lower layer,298,Mean Age,36.9
9902,2011,E01000887,2011 super output areas - lower layer,298,Median Age,34.0
9903,2011,E01000887,2011 super output areas - lower layer,298,All usual residents,0.0
9904,2011,E01000887,2011 super output areas - lower layer,298,Age 0 to 4,0.0
9905,2011,E01000887,2011 super output areas - lower layer,298,Age 5 to 7,0.0
9906,2011,E01000887,2011 super output areas - lower layer,298,Age 8 to 9,0.0
9907,2011,E01000887,2011 super output areas - lower layer,298,Age 10 to 14,0.0
9908,2011,E01000887,2011 super output areas - lower layer,298,Age 15,0.0
9909,2011,E01000887,2011 super output areas - lower layer,298,Age 16 to 17,0.0
9910,2011,E01000887,2011 super output areas - lower layer,298,Age 18 to 19,0.0
9911,2011,E01000887,2011 super output areas - lower layer,298,Age 20 to 24,0.0
9912,2011,E01000887,2011 super output areas - lower layer,298,Age 25 to 29,0.0
9913,2011,E01000887,2011 super output areas - lower layer,298,Age 30 to 44,0.0
9914,2011,E01000887,2011 super output areas - lower layer,298,Age 45 to 59,0.0
9915,2011,E01000887,2011 super output areas - lower layer,298,Age 60 to 64,0.0
9916,2011,E01000887,2011 super output areas - lower layer,298,Age 65 to 74,0.0
9917,2011,E01000887,2011 super output areas - lower layer,298,Age 75 to 84,0.0
9918,2011,E01000887,2011 super output areas - lower layer,298,Age 85 to 89,0.0
9919,2011,E01000887,2011 super output areas - lower layer,298,Age 90 and over,0.0
9920,2011,E01000887,2011 super output areas - lower layer,298,Mean Age,
9921,2011,E01000887,2011 super output areas - lower layer,298,Median Age,0.5
9922,2011,E01000887,2011 super output areas - lower layer,298,All usual residents,0.0
9923,2011,E01000887,2011 super output areas - lower layer,298,Age 0 to 4,0.0
9924,2011,E01000887,2011 super output areas - lower layer,298,Age 5 to 7,0.0
9925,2011,E01000887,2011 super output areas - lower layer,298,Age 8 to 9,0.0
9926,2011,E01000887,2011 super output areas - lower layer,298,Age 10 to 14,0.0
9927,2011,E01000887,2011 super output areas - lower layer,298,Age 15,0.0
9928,2011,E01000887,2011 super output areas - lower layer,298,Age 16 to 17,0.0
9929,2011,E01000887,2011 super output areas - lower layer,298,Age 18 to 19,0.0
9930,2011,E01000887,2011 super output areas - lower layer,298,Age 20 to 24,0.0
9931,2011,E01000887,2011 super output areas - lower layer,298,Age 25 to 29,0.0
9932,2011,E01000887,2011 super output areas - lower layer,298,Age 30 to 44,0.0
9933,2011,E01000887,2011 super output areas - lower layer,298,Age 45 to 59,0.0
9934,2011,E01000887,2011 super output areas - lower layer,298,Age 60 to 64,0.0
9935,2011,E01000887,2011 super output areas - lower layer,298,Age 65 to 74,0.0
9936,2011,E01000887,2011 super output areas - lower layer,298,Age 75 to 84,0.0
9937,2011,E01000887,2011 super output areas - lower layer,298,Age 85 to 89,0.0
9938,2011,E01000887,2011 super output areas - lower layer,298,Age 90 and over,0.0
9939,2011,E01000887,2011 super output areas - lower layer,298,Mean Age,
9940,2011,E01000887,2011 super output areas - lower layer,298,Median Age,0.5
9941,2011,E01000887,2011 super output areas - lower layer,298,All usual residents,0.0
9942,2011,E01000887,2011 super output areas - lower layer,298,Age 0 to 4,0.0
9943,2011,E01000887,2011 super output areas - lower layer,298,Age 5 to 7,0.0
9944,2011,E01000887,2011 super output areas - lower layer,298,Age 8 to 9,0.0
9945,2011,E01000887,2011 super output areas - lower layer,298,Age 10 to 14,0.0
9946,2011,E01000887,2011 super output areas - lower layer,298,Age 15,0.0
9947,2011,E01000887,2011 super output areas - lower layer,298,Age 16 to 17,0.0
9948,2011,E01000887,2011 super output areas - lower layer,298,Age 18 to 19,0.0
9949,2011,E01000887,2011 super output areas - lower layer,298,Age 20 to 24,0.0
9950,2011,E01000887,2011 super output areas - lower layer,298,Age 25 to 29,0.0
9951,2011,E01000887,2011 super output areas - lower layer,298,Age 30 to 44,0.0
9952,2011,E01000887,2011 super output areas - lower layer,298,Age 45 to 59,0.0
9953,2011,E01000887,2011 super output areas - lower layer,298,Age 60 to 64,0.0
9954,2011,E01000887,2011 super output areas - lower layer,298,Age 65 to 74,0.0
9955,2011,E01000887,2011 super output areas - lower layer,298,Age 75 to 84,0.0
9956,2011,E01000887,2011 super output areas - lower layer,298,Age 85 to 89,0.0
9957,2011,E01000887,2011 super output areas - lower layer,298,Age 90 and over,0.0
9958,2011,E01000887,2011 super output areas - lower layer,298,Mean Age,
9959,2011,E01000887,2011 super output areas - lower layer,298,Median Age,0.5
9960,2011,E01000887,2011 super output areas - lower layer,298,All usual residents,0.0
9961,2011,E01000887,2011 super output areas - lower layer,298,Age 0 to 4,0.0
9962,2011,E01000887,2011 super output areas - lower layer,298,Age 5 to 7,0.0
9963,2011,E01000887,2011 super output areas - lower layer,298,Age 8 to 9,0.0
9964,2011,E01000887,2011 super output areas - lower layer,298,Age 10 to 14,0.0
9965,2011,E01000887,2011 super output areas - lower layer,298,Age 15,0.0
9966,2011,E01000887,2011 super output areas - lower layer,298,Age 16 to 17,0.0
9967,2011,E01000887,2011 super output areas - lower layer,298,Age 18 to 19,0.0
9968,2011,E01000887,2011 super output areas - lower layer,298,Age 20 to 24,0.0
9969,2011,E01000887,2011 super output areas - lower layer,298,Age 25 to 29,0.0
9970,2011,E01000887,2011 super output areas - lower layer,298,Age 30 to 44,0.0
9971,2011,E01000887,2011 super output areas - lower layer,298,Age 45 to 59,0.0
9972,2011,E01000887,2011 super output areas - lower layer,298,Age 60 to 64,0.0
9973,2011,E01000887,2011 super output areas - lower layer,298,Age 65 to 74,0.0
9974,2011,E01000887,2011 super output areas - lower layer,298,Age 75 to 84,0.0
9975,2011,E01000887,2011 super output areas - lower layer,298,Age 85 to 89,0.0
9976,2011,E01000887,2011 super output areas - lower layer,298,Age 90 and over,0.0
9977,2011,E01000887,2011 super output areas - lower layer,298,Mean Age,
9978,2011,E01000887,2011 super output areas - lower layer,298,Median Age,0.5
9979,2011,E01000887,2011 super output areas - lower layer,298,All usual residents,0.0
9980,2011,E01000887,2011 super output areas - lower layer,298,Age 0 to 4,0.0
9981,2011,E01000887,2011 super output areas - lower layer,298,Age 5 to 7,0.0
9982,2011,E01000887,2011 super output areas - lower layer,298,Age 8 to 9,0.0
9983,2011,E01000887,2011 super output areas - lower layer,298,Age 10 to 14,0.0
9984,2011,E01000887,2011 super output areas - lower layer,298,Age 15,0.0
9985,2011,E01000887,2011 super output areas - lower layer,298,Age 16 to 17,0.0
9986,2011,E01000887,2011 super output areas - lower layer,298,Age 18 to 19,0.0
9987,2011,E01000887,2011 super output areas - lower layer,298,Age 20 to 24,0.0
9988,2011,E01000887,2011 super output areas - lower layer,298,Age 25 to 29,0.0
9989,2011,E01000887,2011 super output areas - lower layer,298,Age 30 to 44,0.0
9990,2011,E01000887,2011 super output areas - lower layer,298,Age 45 to 59,0.0
9991,2011,E01000887,2011 super output areas - lower layer,298,Age 60 to 64,0.0
9992,2011,E01000887,2011 super output areas - lower layer,298,Age 65 to 74,0.0
9993,2011,E01000887,2011 super output areas - lower layer,298,Age 75 to 84,0.0
9994,2011,E01000887,2011 super output areas - lower layer,298,Age 85 to 89,0.0
9995,2011,E01000887,2011 super output areas - lower layer,298,Age 90 and over,0.0
9996,2011,E01000887,2011 super output areas - lower layer,298,Mean Age,
9997,2011,E01000887,2011 super output areas - lower layer,298,Median Age,0.5
9998,2011,E01000887,2011 super output areas - lower layer,298,All usual residents,0.0
9999,2011,E01000887,2011 super output areas - lower layer,298,Age 0 to 4,0.0
10000,2011,E01000887,2011 super output areas - lower layer,298,Age 5 to 7,0.0
10001,2011,E01000887,2011 super output areas - lower layer,298,Age 8 to 9,0.0
10002,2011,E01000887,2011 super output areas - lower layer,298,Age 10 to 14,0.0
10003,2011,E01000887,2011 super output areas - lower layer,298,Age 15,0.0
10004,2011,E01000887,2011 super output areas - lower layer,298,Age 16 to 17,0.0
10005,2011,E01000887,2011 super output areas - lower layer,298,Age 18 to 19,0.0
10006,2011,E01000887,2011 super output areas - lower layer,298,Age 20 to 24,0.0
10007,2011,E01000887,2011 super output areas - lower layer,298,Age 25 to 29,0.0
10008,2011,E01000887,2011 super output areas - lower layer,298,Age 30 to 44,0.0
10009,2011,E01000887,2011 super output areas - lower layer,298,Age 45 to 59,0.0
10010,2011,E01000887,2011 super output areas - lower layer,298,Age 60 to 64,0.0
10011,2011,E01000887,2011 super output areas - lower layer,298,Age 65 to 74,0.0
10012,2011,E01000887,2011 super output areas - lower layer,298,Age 75 to 84,0.0
10013,2011,E01000887,2011 super output areas - lower layer,298,Age 85 to 89,0.0
10014,2011,E01000887,2011 super output areas - lower layer,298,Age 90 and over,0.0
10015,2011,E01000887,2011 super output areas - lower layer,298,Mean Age,
10016,2011,E01000887,2011 super output areas - lower layer,298,Median Age,0.5
10017,2011,E01000887,2011 super output areas - lower layer,298,All usual residents,0.0
10018,2011,E01000887,2011 super output areas - lower layer,298,Age 0 to 4,0.0
10019,2011,E01000887,2011 super output areas - lower layer,298,Age 5 to 7,0.0
10020,2011,E01000887,2011 super output areas - lower layer,298,Age 8 to 9,0.0
10021,2011,E01000887,2011 super output areas - lower layer,298,Age 10 to 14,0.0
10022,2011,E01000887,2011 super output areas - lower layer,298,Age 15,0.0
10023,2011,E01000887,2011 super output areas - lower layer,298,Age 16 to 17,0.0
10024,2011,E01000887,2011 super output areas - lower layer,298,Age 18 to 19,0.0
10025,2011,E01000887,2011 super output areas - lower layer,298,Age 20 to 24,0.0
10026,2011,E01000887,2011 super output areas - lower layer,298,Age 25 to 29,0.0
10027,2011,E01000887,2011 super output areas - lower layer,298,Age 30 to 44,0.0
10028,2011,E01000887,2011 super output areas - lower layer,298,Age 45 to 59,0.0
10029,2011,E01000887,2011 super output areas - lower layer,298,Age 60 to 64,0.0
10030,2011,E01000887,2011 super output areas - lower layer,298,Age 65 to 74,0.0
10031,2011,E01000887,2011 super output areas - lower layer,298,Age 75 to 84,0.0
10032,2011,E01000887,2011 super output areas - lower layer,298,Age 85 to 89,0.0
10033,2011,E01000887,2011 super output areas - lower layer,298,Age 90 and over,0.0
10034,2011,E01000887,2011 super output areas - lower layer,298,Mean Age,
10035,2011,E01000887,2011 super output areas - lower layer,298,Median Age,0.5
10036,2011,E01000887,2011 super output areas - lower layer,298,All usual residents,0.0
10037,2011,E01000887,2011 super output areas - lower layer,298,Age 0 to 4,0.0
10038,2011,E01000887,2011 super output areas - lower layer,298,Age 5 to 7,0.0
10039,2011,E01000887,2011 super output areas - lower layer,298,Age 8 to 9,0.0
10040,2011,E01000887,2011 super output areas - lower layer,298,Age 10 to 14,0.0
10041,2011,E01000887,2011 super output areas - lower layer,298,Age 15,0.0
10042,2011,E01000887,2011 super output areas - lower layer,298,Age 16 to 17,0.0
10043,2011,E01000887,2011 super output areas - lower layer,298,Age 18 to 19,0.0
10044,2011,E01000887,2011 super output areas - lower layer,298,Age 20 to 24,0.0
10045,2011,E01000887,2011 super output areas - lower layer,298,Age 25 to 29,0.0
10046,2011,E01000887,2011 super output areas - lower layer,298,Age 30 to 44,0.0
10047,2011,E01000887,2011 super output areas - lower layer,298,Age 45 to 59,0.0
10048,2011,E01000887,2011 super output areas - lower layer,298,Age 60 to 64,0.0
10049,2011,E01000887,2011 super output areas - lower layer,298,Age 65 to 74,0.0
10050,2011,E01000887,2011 super output areas - lower layer,298,Age 75 to 84,0.0
10051,2011,E01000887,2011 super output areas - lower layer,298,Age 85 to 89,0.0
10052,2011,E01000887,2011 super output areas - lower layer,298,Age 90 and over,0.0
10053,2011,E01000887,2011 super output areas - lower layer,298,Mean Age,
10054,2011,E01000887,2011 super output areas - lower layer,298,Median Age,0.5
10055,2011,E01000887,2011 super output areas - lower layer,298,All usual residents,0.0
10056,2011,E01000887,2011 super output areas - lower layer,298,Age 0 to 4,0.0
10057,2011,E01000887,2011 super output areas - lower layer,298,Age 5 to 7,0.0
10058,2011,E01000887,2011 super output areas - lower layer,298,Age 8 to 9,0.0
10059,2011,E01000887,2011 super output areas - lower layer,298,Age 10 to 14,0.0
10060,2011,E01000887,2011 super output areas - lower layer,298,Age 15,0.0
10061,2011,E01000887,2011 super output areas - lower layer,298,Age 16 to 17,0.0
10062,2011,E01000887,2011 super output areas - lower layer,298,Age 18 to 19,0.0
10063,2011,E01000887,2011 super output areas - lower layer,298,Age 20 to 24,0.0
10064,2011,E01000887,2011 super output areas - lower layer,298,Age 25 to 29,0.0
10065,2011,E01000887,2011 super output areas - lower layer,298,Age 30 to 44,0.0
10066,2011,E01000887,2011 super output areas - lower layer,298,Age 45 to 59,0.0
10067,2011,E01000887,2011 super output areas - lower layer,298,Age 60 to 64,0.0
10068,2011,E01000887,2011 super output areas - lower layer,298,Age 65 to 74,0.0
10069,2011,E01000887,2011 super output areas - lower layer,298,Age 75 to 84,0.0
10070,2011,E01000887,2011 super output areas - lower layer,298,Age 85 to 89,0.0
10071,2011,E01000887,2011 super output areas - lower layer,298,Age 90 and over,0.0
10072,2011,E01000887,2011 super output areas - lower layer,298,Mean Age,
10073,2011,E01000887,2011 super output areas - lower layer,298,Median Age,0.5
10074,2011,E01000887,2011 super output areas - lower layer,298,All usual residents,0.0
10075,2011,E01000887,2011 super output areas - lower layer,298,Age 0 to 4,0.0
10076,2011,E01000887,2011 super output areas - lower layer,298,Age 5 to 7,0.0
10077,2011,E01000887,2011 super output areas - lower layer,298,Age 8 to 9,0.0
10078,2011,E01000887,2011 super output areas - lower layer,298,Age 10 to 14,0.0
10079,2011,E01000887,2011 super output areas - lower layer,298,Age 15,0.0
10080,2011,E01000887,2011 super output areas - lower layer,298,Age 16 to 17,0.0
10081,2011,E01000887,2011 super output areas - lower layer,298,Age 18 to 19,0.0
10082,2011,E01000887,2011 super output areas - lower layer,298,Age 20 to 24,0.0
10083,2011,E01000887,2011 super output areas - lower layer,298,Age 25 to 29,0.0
10084,2011,E01000887,2011 super output areas - lower layer,298,Age 30 to 44,0.0
10085,2011,E01000887,2011 super output areas - lower layer,298,Age 45 to 59,0.0
10086,2011,E01000887,2011 super output areas - lower layer,298,Age 60 to 64,0.0
10087,2011,E01000887,2011 super output areas - lower layer,298,Age 65 to 74,0.0
10088,2011,E01000887,2011 super output areas - lower layer,298,Age 75 to 84,0.0
10089,2011,E01000887,2011 super output areas - lower layer,298,Age 85 to 89,0.0
10090,2011,E01000887,2011 super output areas - lower layer,298,Age 90 and over,0.0
10091,2011,E01000887,2011 super output areas - lower layer,298,Mean Age,
10092,2011,E01000887,2011 super output areas - lower layer,298,Median Age,0.5
10093,2011,E01000887,2011 super output areas - lower layer,298,All usual residents,0.0
10094,2011,E01000887,2011 super output areas - lower layer,298,Age 0 to 4,0.0
10095,2011,E01000887,2011 super output areas - lower layer,298,Age 5 to 7,0.0
10096,2011,E01000887,2011 super output areas - lower layer,298,Age 8 to 9,0.0
10097,2011,E01000887,2011 super output areas - lower layer,298,Age 10 to 14,0.0
10098,2011,E01000887,2011 super output areas - lower layer,298,Age 15,0.0
10099,2011,E01000887,2011 super output areas - lower layer,298,Age 16 to 17,0.0
10100,2011,E01000887,2011 super output areas - lower layer,298,Age 18 to 19,0.0
10101,2011,E01000887,2011 super output areas - lower layer,298,Age 20 to 24,0.0
10102,2011,E01000887,2011 super output areas - lower layer,298,Age 25 to 29,0.0
10103,2011,E01000887,2011 super output areas - lower layer,298,Age 30 to 44,0.0
10104,2011,E01000887,2011 super output areas - lower layer,298,Age 45 to 59,0.0
10105,2011,E01000887,2011 super output areas - lower layer,298,Age 60 to 64,0.0
10106,2011,E01000887,2011 super output areas - lower layer,298,Age 65 to 74,0.0
10107,2011,E01000887,2011 super output areas - lower layer,298,Age 75 to 84,0.0
10108,2011,E01000887,2011 super output areas - lower layer,298,Age 85 to 89,0.0
10109,2011,E01000887,2011 super output areas - lower layer,298,Age 90 and over,0.0
10110,2011,E01000887,2011 super output areas - lower layer,298,Mean Age,
10111,2011,E01000887,2011 super output areas - lower layer,298,Median Age,0.5
10112,2011,E01000887,2011 super output areas - lower layer,298,All usual residents,0.0
10113,2011,E01000887,2011 super output areas - lower layer,298,Age 0 to 4,0.0
10114,2011,E01000887,2011 super output areas - lower layer,298,Age 5 to 7,0.0
10115,2011,E01000887,2011 super output areas - lower layer,298,Age 8 to 9,0.0
10116,2011,E01000887,2011 super output areas - lower layer,298,Age 10 to 14,0.0
10117,2011,E01000887,2011 super output areas - lower layer,298,Age 15,0.0
10118,2011,E01000887,2011 super output areas - lower layer,298,Age 16 to 17,0.0
10119,2011,E01000887,2011 super output areas - lower layer,298,Age 18 to 19,0.0
10120,2011,E01000887,2011 super output areas - lower layer,298,Age 20 to 24,0.0
10121,2011,E01000887,2011 super output areas - lower layer,298,Age 25 to 29,0.0
10122,2011,E01000887,2011 super output areas - lower layer,298,Age 30 to 44,0.0
10123,2011,E01000887,2011 super output areas - lower layer,298,Age 45 to 59,0.0
10124,2011,E01000887,2011 super output areas - lower layer,298,Age 60 to 64,0.0
10125,2011,E01000887,2011 super output areas - lower layer,298,Age 65 to 74,0.0
10126,2011,E01000887,2011 super output areas - lower layer,298,Age 75 to 84,0.0
10127,2011,E01000887,2011 super output areas - lower layer,298,Age 85 to 89,0.0
10128,2011,E01000887,2011 super output areas - lower layer,298,Age 90 and over,0.0
10129,2011,E01000887,2011 super output areas - lower layer,298,Mean Age,
10130,2011,E01000887,2011 super output areas - lower layer,298,Median Age,0.5
10131,2011,E01000888,2011 super output areas - lower layer,298,All usual residents,1605.0
10132,2011,E01000888,2011 super output areas - lower layer,298,Age 0 to 4,123.0
10133,2011,E01000888,2011 super output areas - lower layer,298,Age 5 to 7,52.0
10134,2011,E01000888,2011 super output areas - lower layer,298,Age 8 to 9,43.0
10135,2011,E01000888,2011 super output areas - lower layer,298,Age 10 to 14,88.0
10136,2011,E01000888,2011 super output areas - lower layer,298,Age 15,20.0
10137,2011,E01000888,2011 super output areas - lower layer,298,Age 16 to 17,29.0
10138,2011,E01000888,2011 super output areas - lower layer,298,Age 18 to 19,49.0
10139,2011,E01000888,2011 super output areas - lower layer,298,Age 20 to 24,75.0
10140,2011,E01000888,2011 super output areas - lower layer,298,Age 25 to 29,143.0
10141,2011,E01000888,2011 super output areas - lower layer,298,Age 30 to 44,444.0
10142,2011,E01000888,2011 super output areas - lower layer,298,Age 45 to 59,295.0
10143,2011,E01000888,2011 super output areas - lower layer,298,Age 60 to 64,82.0
10144,2011,E01000888,2011 super output areas - lower layer,298,Age 65 to 74,87.0
10145,2011,E01000888,2011 super output areas - lower layer,298,Age 75 to 84,64.0
10146,2011,E01000888,2011 super output areas - lower layer,298,Age 85 to 89,8.0
10147,2011,E01000888,2011 super output areas - lower layer,298,Age 90 and over,3.0
10148,2011,E01000888,2011 super output areas - lower layer,298,Mean Age,36.0
10149,2011,E01000888,2011 super output areas - lower layer,298,Median Age,35.0
10150,2011,E01000888,2011 super output areas - lower layer,298,All usual residents,0.0
10151,2011,E01000888,2011 super output areas - lower layer,298,Age 0 to 4,0.0
10152,2011,E01000888,2011 super output areas - lower layer,298,Age 5 to 7,0.0
10153,2011,E01000888,2011 super output areas - lower layer,298,Age 8 to 9,0.0
10154,2011,E01000888,2011 super output areas - lower layer,298,Age 10 to 14,0.0
10155,2011,E01000888,2011 super output areas - lower layer,298,Age 15,0.0
10156,2011,E01000888,2011 super output areas - lower layer,298,Age 16 to 17,0.0
10157,2011,E01000888,2011 super output areas - lower layer,298,Age 18 to 19,0.0
10158,2011,E01000888,2011 super output areas - lower layer,298,Age 20 to 24,0.0
10159,2011,E01000888,2011 super output areas - lower layer,298,Age 25 to 29,0.0
10160,2011,E01000888,2011 super output areas - lower layer,298,Age 30 to 44,0.0
10161,2011,E01000888,2011 super output areas - lower layer,298,Age 45 to 59,0.0
10162,2011,E01000888,2011 super output areas - lower layer,298,Age 60 to 64,0.0
10163,2011,E01000888,2011 super output areas - lower layer,298,Age 65 to 74,0.0
10164,2011,E01000888,2011 super output areas - lower layer,298,Age 75 to 84,0.0
10165,2011,E01000888,2011 super output areas - lower layer,298,Age 85 to 89,0.0
10166,2011,E01000888,2011 super output areas - lower layer,298,Age 90 and over,0.0
10167,2011,E01000888,2011 super output areas - lower layer,298,Mean Age,
10168,2011,E01000888,2011 super output areas - lower layer,298,Median Age,0.5
10169,2011,E01000888,2011 super output areas - lower layer,298,All usual residents,0.0
10170,2011,E01000888,2011 super output areas - lower layer,298,Age 0 to 4,0.0
10171,2011,E01000888,2011 super output areas - lower layer,298,Age 5 to 7,0.0
10172,2011,E01000888,2011 super output areas - lower layer,298,Age 8 to 9,0.0
10173,2011,E01000888,2011 super output areas - lower layer,298,Age 10 to 14,0.0
10174,2011,E01000888,2011 super output areas - lower layer,298,Age 15,0.0
10175,2011,E01000888,2011 super output areas - lower layer,298,Age 16 to 17,0.0
10176,2011,E01000888,2011 super output areas - lower layer,298,Age 18 to 19,0.0
10177,2011,E01000888,2011 super output areas - lower layer,298,Age 20 to 24,0.0
10178,2011,E01000888,2011 super output areas - lower layer,298,Age 25 to 29,0.0
10179,2011,E01000888,2011 super output areas - lower layer,298,Age 30 to 44,0.0
10180,2011,E01000888,2011 super output areas - lower layer,298,Age 45 to 59,0.0
10181,2011,E01000888,2011 super output areas - lower layer,298,Age 60 to 64,0.0
10182,2011,E01000888,2011 super output areas - lower layer,298,Age 65 to 74,0.0
10183,2011,E01000888,2011 super output areas - lower layer,298,Age 75 to 84,0.0
10184,2011,E01000888,2011 super output areas - lower layer,298,Age 85 to 89,0.0
10185,2011,E01000888,2011 super output areas - lower layer,298,Age 90 and over,0.0
10186,2011,E01000888,2011 super output areas - lower layer,298,Mean Age,
10187,2011,E01000888,2011 super output areas - lower layer,298,Median Age,0.5
10188,2011,E01000888,2011 super output areas - lower layer,298,All usual residents,0.0
10189,2011,E01000888,2011 super output areas - lower layer,298,Age 0 to 4,0.0
10190,2011,E01000888,2011 super output areas - lower layer,298,Age 5 to 7,0.0
10191,2011,E01000888,2011 super output areas - lower layer,298,Age 8 to 9,0.0
10192,2011,E01000888,2011 super output areas - lower layer,298,Age 10 to 14,0.0
10193,2011,E01000888,2011 super output areas - lower layer,298,Age 15,0.0
10194,2011,E01000888,2011 super output areas - lower layer,298,Age 16 to 17,0.0
10195,2011,E01000888,2011 super output areas - lower layer,298,Age 18 to 19,0.0
10196,2011,E01000888,2011 super output areas - lower layer,298,Age 20 to 24,0.0
10197,2011,E01000888,2011 super output areas - lower layer,298,Age 25 to 29,0.0
10198,2011,E01000888,2011 super output areas - lower layer,298,Age 30 to 44,0.0
10199,2011,E01000888,2011 super output areas - lower layer,298,Age 45 to 59,0.0
10200,2011,E01000888,2011 super output areas - lower layer,298,Age 60 to 64,0.0
10201,2011,E01000888,2011 super output areas - lower layer,298,Age 65 to 74,0.0
10202,2011,E01000888,2011 super output areas - lower layer,298,Age 75 to 84,0.0
10203,2011,E01000888,2011 super output areas - lower layer,298,Age 85 to 89,0.0
10204,2011,E01000888,2011 super output areas - lower layer,298,Age 90 and over,0.0
10205,2011,E01000888,2011 super output areas - lower layer,298,Mean Age,
10206,2011,E01000888,2011 super output areas - lower layer,298,Median Age,0.5
10207,2011,E01000888,2011 super output areas - lower layer,298,All usual residents,0.0
10208,2011,E01000888,2011 super output areas - lower layer,298,Age 0 to 4,0.0
10209,2011,E01000888,2011 super output areas - lower layer,298,Age 5 to 7,0.0
10210,2011,E01000888,2011 super output areas - lower layer,298,Age 8 to 9,0.0
10211,2011,E01000888,2011 super output areas - lower layer,298,Age 10 to 14,0.0
10212,2011,E01000888,2011 super output areas - lower layer,298,Age 15,0.0
10213,2011,E01000888,2011 super output areas - lower layer,298,Age 16 to 17,0.0
10214,2011,E01000888,2011 super output areas - lower layer,298,Age 18 to 19,0.0
10215,2011,E01000888,2011 super output areas - lower layer,298,Age 20 to 24,0.0
10216,2011,E01000888,2011 super output areas - lower layer,298,Age 25 to 29,0.0
10217,2011,E01000888,2011 super output areas - lower layer,298,Age 30 to 44,0.0
10218,2011,E01000888,2011 super output areas - lower layer,298,Age 45 to 59,0.0
10219,2011,E01000888,2011 super output areas - lower layer,298,Age 60 to 64,0.0
10220,2011,E01000888,2011 super output areas - lower layer,298,Age 65 to 74,0.0
10221,2011,E01000888,2011 super output areas - lower layer,298,Age 75 to 84,0.0
10222,2011,E01000888,2011 super output areas - lower layer,298,Age 85 to 89,0.0
10223,2011,E01000888,2011 super output areas - lower layer,298,Age 90 and over,0.0
10224,2011,E01000888,2011 super output areas - lower layer,298,Mean Age,
10225,2011,E01000888,2011 super output areas - lower layer,298,Median Age,0.5
10226,2011,E01000888,2011 super output areas - lower layer,298,All usual residents,0.0
10227,2011,E01000888,2011 super output areas - lower layer,298,Age 0 to 4,0.0
10228,2011,E01000888,2011 super output areas - lower layer,298,Age 5 to 7,0.0
10229,2011,E01000888,2011 super output areas - lower layer,298,Age 8 to 9,0.0
10230,2011,E01000888,2011 super output areas - lower layer,298,Age 10 to 14,0.0
10231,2011,E01000888,2011 super output areas - lower layer,298,Age 15,0.0
10232,2011,E01000888,2011 super output areas - lower layer,298,Age 16 to 17,0.0
10233,2011,E01000888,2011 super output areas - lower layer,298,Age 18 to 19,0.0
10234,2011,E01000888,2011 super output areas - lower layer,298,Age 20 to 24,0.0
10235,2011,E01000888,2011 super output areas - lower layer,298,Age 25 to 29,0.0
10236,2011,E01000888,2011 super output areas - lower layer,298,Age 30 to 44,0.0
10237,2011,E01000888,2011 super output areas - lower layer,298,Age 45 to 59,0.0
10238,2011,E01000888,2011 super output areas - lower layer,298,Age 60 to 64,0.0
10239,2011,E01000888,2011 super output areas - lower layer,298,Age 65 to 74,0.0
10240,2011,E01000888,2011 super output areas - lower layer,298,Age 75 to 84,0.0
10241,2011,E01000888,2011 super output areas - lower layer,298,Age 85 to 89,0.0
10242,2011,E01000888,2011 super output areas - lower layer,298,Age 90 and over,0.0
10243,2011,E01000888,2011 super output areas - lower layer,298,Mean Age,
10244,2011,E01000888,2011 super output areas - lower layer,298,Median Age,0.5
10245,2011,E01000888,2011 super output areas - lower layer,298,All usual residents,0.0
10246,2011,E01000888,2011 super output areas - lower layer,298,Age 0 to 4,0.0
10247,2011,E01000888,2011 super output areas - lower layer,298,Age 5 to 7,0.0
10248,2011,E01000888,2011 super output areas - lower layer,298,Age 8 to 9,0.0
10249,2011,E01000888,2011 super output areas - lower layer,298,Age 10 to 14,0.0
10250,2011,E01000888,2011 super output areas - lower layer,298,Age 15,0.0
10251,2011,E01000888,2011 super output areas - lower layer,298,Age 16 to 17,0.0
10252,2011,E01000888,2011 super output areas - lower layer,298,Age 18 to 19,0.0
10253,2011,E01000888,2011 super output areas - lower layer,298,Age 20 to 24,0.0
10254,2011,E01000888,2011 super output areas - lower layer,298,Age 25 to 29,0.0
10255,2011,E01000888,2011 super output areas - lower layer,298,Age 30 to 44,0.0
10256,2011,E01000888,2011 super output areas - lower layer,298,Age 45 to 59,0.0
10257,2011,E01000888,2011 super output areas - lower layer,298,Age 60 to 64,0.0
10258,2011,E01000888,2011 super output areas - lower layer,298,Age 65 to 74,0.0
10259,2011,E01000888,2011 super output areas - lower layer,298,Age 75 to 84,0.0
10260,2011,E01000888,2011 super output areas - lower layer,298,Age 85 to 89,0.0
10261,2011,E01000888,2011 super output areas - lower layer,298,Age 90 and over,0.0
10262,2011,E01000888,2011 super output areas - lower layer,298,Mean Age,
10263,2011,E01000888,2011 super output areas - lower layer,298,Median Age,0.5
10264,2011,E01000888,2011 super output areas - lower layer,298,All usual residents,0.0
10265,2011,E01000888,2011 super output areas - lower layer,298,Age 0 to 4,0.0
10266,2011,E01000888,2011 super output areas - lower layer,298,Age 5 to 7,0.0
10267,2011,E01000888,2011 super output areas - lower layer,298,Age 8 to 9,0.0
10268,2011,E01000888,2011 super output areas - lower layer,298,Age 10 to 14,0.0
10269,2011,E01000888,2011 super output areas - lower layer,298,Age 15,0.0
10270,2011,E01000888,2011 super output areas - lower layer,298,Age 16 to 17,0.0
10271,2011,E01000888,2011 super output areas - lower layer,298,Age 18 to 19,0.0
10272,2011,E01000888,2011 super output areas - lower layer,298,Age 20 to 24,0.0
10273,2011,E01000888,2011 super output areas - lower layer,298,Age 25 to 29,0.0
10274,2011,E01000888,2011 super output areas - lower layer,298,Age 30 to 44,0.0
10275,2011,E01000888,2011 super output areas - lower layer,298,Age 45 to 59,0.0
10276,2011,E01000888,2011 super output areas - lower layer,298,Age 60 to 64,0.0
10277,2011,E01000888,2011 super output areas - lower layer,298,Age 65 to 74,0.0
10278,2011,E01000888,2011 super output areas - lower layer,298,Age 75 to 84,0.0
10279,2011,E01000888,2011 super output areas - lower layer,298,Age 85 to 89,0.0
10280,2011,E01000888,2011 super output areas - lower layer,298,Age 90 and over,0.0
10281,2011,E01000888,2011 super output areas - lower layer,298,Mean Age,
10282,2011,E01000888,2011 super output areas - lower layer,298,Median Age,0.5
10283,2011,E01000888,2011 super output areas - lower layer,298,All usual residents,0.0
10284,2011,E01000888,2011 super output areas - lower layer,298,Age 0 to 4,0.0
10285,2011,E01000888,2011 super output areas - lower layer,298,Age 5 to 7,0.0
10286,2011,E01000888,2011 super output areas - lower layer,298,Age 8 to 9,0.0
10287,2011,E01000888,2011 super output areas - lower layer,298,Age 10 to 14,0.0
10288,2011,E01000888,2011 super output areas - lower layer,298,Age 15,0.0
10289,2011,E01000888,2011 super output areas - lower layer,298,Age 16 to 17,0.0
10290,2011,E01000888,2011 super output areas - lower layer,298,Age 18 to 19,0.0
10291,2011,E01000888,2011 super output areas - lower layer,298,Age 20 to 24,0.0
10292,2011,E01000888,2011 super output areas - lower layer,298,Age 25 to 29,0.0
10293,2011,E01000888,2011 super output areas - lower layer,298,Age 30 to 44,0.0
10294,2011,E01000888,2011 super output areas - lower layer,298,Age 45 to 59,0.0
10295,2011,E01000888,2011 super output areas - lower layer,298,Age 60 to 64,0.0
10296,2011,E01000888,2011 super output areas - lower layer,298,Age 65 to 74,0.0
10297,2011,E01000888,2011 super output areas - lower layer,298,Age 75 to 84,0.0
10298,2011,E01000888,2011 super output areas - lower layer,298,Age 85 to 89,0.0
10299,2011,E01000888,2011 super output areas - lower layer,298,Age 90 and over,0.0
10300,2011,E01000888,2011 super output areas - lower layer,298,Mean Age,
10301,2011,E01000888,2011 super output areas - lower layer,298,Median Age,0.5
10302,2011,E01000888,2011 super output areas - lower layer,298,All usual residents,0.0
10303,2011,E01000888,2011 super output areas - lower layer,298,Age 0 to 4,0.0
10304,2011,E01000888,2011 super output areas - lower layer,298,Age 5 to 7,0.0
10305,2011,E01000888,2011 super output areas - lower layer,298,Age 8 to 9,0.0
10306,2011,E01000888,2011 super output areas - lower layer,298,Age 10 to 14,0.0
10307,2011,E01000888,2011 super output areas - lower layer,298,Age 15,0.0
10308,2011,E01000888,2011 super output areas - lower layer,298,Age 16 to 17,0.0
10309,2011,E01000888,2011 super output areas - lower layer,298,Age 18 to 19,0.0
10310,2011,E01000888,2011 super output areas - lower layer,298,Age 20 to 24,0.0
10311,2011,E01000888,2011 super output areas - lower layer,298,Age 25 to 29,0.0
10312,2011,E01000888,2011 super output areas - lower layer,298,Age 30 to 44,0.0
10313,2011,E01000888,2011 super output areas - lower layer,298,Age 45 to 59,0.0
10314,2011,E01000888,2011 super output areas - lower layer,298,Age 60 to 64,0.0
10315,2011,E01000888,2011 super output areas - lower layer,298,Age 65 to 74,0.0
10316,2011,E01000888,2011 super output areas - lower layer,298,Age 75 to 84,0.0
10317,2011,E01000888,2011 super output areas - lower layer,298,Age 85 to 89,0.0
10318,2011,E01000888,2011 super output areas - lower layer,298,Age 90 and over,0.0
10319,2011,E01000888,2011 super output areas - lower layer,298,Mean Age,
10320,2011,E01000888,2011 super output areas - lower layer,298,Median Age,0.5
10321,2011,E01000888,2011 super output areas - lower layer,298,All usual residents,0.0
10322,2011,E01000888,2011 super output areas - lower layer,298,Age 0 to 4,0.0
10323,2011,E01000888,2011 super output areas - lower layer,298,Age 5 to 7,0.0
10324,2011,E01000888,2011 super output areas - lower layer,298,Age 8 to 9,0.0
10325,2011,E01000888,2011 super output areas - lower layer,298,Age 10 to 14,0.0
10326,2011,E01000888,2011 super output areas - lower layer,298,Age 15,0.0
10327,2011,E01000888,2011 super output areas - lower layer,298,Age 16 to 17,0.0
10328,2011,E01000888,2011 super output areas - lower layer,298,Age 18 to 19,0.0
10329,2011,E01000888,2011 super output areas - lower layer,298,Age 20 to 24,0.0
10330,2011,E01000888,2011 super output areas - lower layer,298,Age 25 to 29,0.0
10331,2011,E01000888,2011 super output areas - lower layer,298,Age 30 to 44,0.0
10332,2011,E01000888,2011 super output areas - lower layer,298,Age 45 to 59,0.0
10333,2011,E01000888,2011 super output areas - lower layer,298,Age 60 to 64,0.0
10334,2011,E01000888,2011 super output areas - lower layer,298,Age 65 to 74,0.0
10335,2011,E01000888,2011 super output areas - lower layer,298,Age 75 to 84,0.0
10336,2011,E01000888,2011 super output areas - lower layer,298,Age 85 to 89,0.0
10337,2011,E01000888,2011 super output areas - lower layer,298,Age 90 and over,0.0
10338,2011,E01000888,2011 super output areas - lower layer,298,Mean Age,
10339,2011,E01000888,2011 super output areas - lower layer,298,Median Age,0.5
10340,2011,E01000888,2011 super output areas - lower layer,298,All usual residents,0.0
10341,2011,E01000888,2011 super output areas - lower layer,298,Age 0 to 4,0.0
10342,2011,E01000888,2011 super output areas - lower layer,298,Age 5 to 7,0.0
10343,2011,E01000888,2011 super output areas - lower layer,298,Age 8 to 9,0.0
10344,2011,E01000888,2011 super output areas - lower layer,298,Age 10 to 14,0.0
10345,2011,E01000888,2011 super output areas - lower layer,298,Age 15,0.0
10346,2011,E01000888,2011 super output areas - lower layer,298,Age 16 to 17,0.0
10347,2011,E01000888,2011 super output areas - lower layer,298,Age 18 to 19,0.0
10348,2011,E01000888,2011 super output areas - lower layer,298,Age 20 to 24,0.0
10349,2011,E01000888,2011 super output areas - lower layer,298,Age 25 to 29,0.0
10350,2011,E01000888,2011 super output areas - lower layer,298,Age 30 to 44,0.0
10351,2011,E01000888,2011 super output areas - lower layer,298,Age 45 to 59,0.0
10352,2011,E01000888,2011 super output areas - lower layer,298,Age 60 to 64,0.0
10353,2011,E01000888,2011 super output areas - lower layer,298,Age 65 to 74,0.0
10354,2011,E01000888,2011 super output areas - lower layer,298,Age 75 to 84,0.0
10355,2011,E01000888,2011 super output areas - lower layer,298,Age 85 to 89,0.0
10356,2011,E01000888,2011 super output areas - lower layer,298,Age 90 and over,0.0
10357,2011,E01000888,2011 super output areas - lower layer,298,Mean Age,
10358,2011,E01000888,2011 super output areas - lower layer,298,Median Age,0.5
10359,2011,E01000888,2011 super output areas - lower layer,298,All usual residents,0.0
10360,2011,E01000888,2011 super output areas - lower layer,298,Age 0 to 4,0.0
10361,2011,E01000888,2011 super output areas - lower layer,298,Age 5 to 7,0.0
10362,2011,E01000888,2011 super output areas - lower layer,298,Age 8 to 9,0.0
10363,2011,E01000888,2011 super output areas - lower layer,298,Age 10 to 14,0.0
10364,2011,E01000888,2011 super output areas - lower layer,298,Age 15,0.0
10365,2011,E01000888,2011 super output areas - lower layer,298,Age 16 to 17,0.0
10366,2011,E01000888,2011 super output areas - lower layer,298,Age 18 to 19,0.0
10367,2011,E01000888,2011 super output areas - lower layer,298,Age 20 to 24,0.0
10368,2011,E01000888,2011 super output areas - lower layer,298,Age 25 to 29,0.0
10369,2011,E01000888,2011 super output areas - lower layer,298,Age 30 to 44,0.0
10370,2011,E01000888,2011 super output areas - lower layer,298,Age 45 to 59,0.0
10371,2011,E01000888,2011 super output areas - lower layer,298,Age 60 to 64,0.0
10372,2011,E01000888,2011 super output areas - lower layer,298,Age 65 to 74,0.0
10373,2011,E01000888,2011 super output areas - lower layer,298,Age 75 to 84,0.0
10374,2011,E01000888,2011 super output areas - lower layer,298,Age 85 to 89,0.0
10375,2011,E01000888,2011 super output areas - lower layer,298,Age 90 and over,0.0
10376,2011,E01000888,2011 super output areas - lower layer,298,Mean Age,
10377,2011,E01000888,2011 super output areas - lower layer,298,Median Age,0.5
10378,2011,E01000892,2011 super output areas - lower layer,298,All usual residents,1843.0
10379,2011,E01000892,2011 super output areas - lower layer,298,Age 0 to 4,148.0
10380,2011,E01000892,2011 super output areas - lower layer,298,Age 5 to 7,69.0
10381,2011,E01000892,2011 super output areas - lower layer,298,Age 8 to 9,36.0
10382,2011,E01000892,2011 super output areas - lower layer,298,Age 10 to 14,86.0
10383,2011,E01000892,2011 super output areas - lower layer,298,Age 15,23.0
10384,2011,E01000892,2011 super output areas - lower layer,298,Age 16 to 17,34.0
10385,2011,E01000892,2011 super output areas - lower layer,298,Age 18 to 19,27.0
10386,2011,E01000892,2011 super output areas - lower layer,298,Age 20 to 24,104.0
10387,2011,E01000892,2011 super output areas - lower layer,298,Age 25 to 29,156.0
10388,2011,E01000892,2011 super output areas - lower layer,298,Age 30 to 44,537.0
10389,2011,E01000892,2011 super output areas - lower layer,298,Age 45 to 59,303.0
10390,2011,E01000892,2011 super output areas - lower layer,298,Age 60 to 64,73.0
10391,2011,E01000892,2011 super output areas - lower layer,298,Age 65 to 74,138.0
10392,2011,E01000892,2011 super output areas - lower layer,298,Age 75 to 84,73.0
10393,2011,E01000892,2011 super output areas - lower layer,298,Age 85 to 89,25.0
10394,2011,E01000892,2011 super output areas - lower layer,298,Age 90 and over,11.0
10395,2011,E01000892,2011 super output areas - lower layer,298,Mean Age,37.0
10396,2011,E01000892,2011 super output areas - lower layer,298,Median Age,36.0
10397,2011,E01000892,2011 super output areas - lower layer,298,All usual residents,0.0
10398,2011,E01000892,2011 super output areas - lower layer,298,Age 0 to 4,0.0
10399,2011,E01000892,2011 super output areas - lower layer,298,Age 5 to 7,0.0
10400,2011,E01000892,2011 super output areas - lower layer,298,Age 8 to 9,0.0
10401,2011,E01000892,2011 super output areas - lower layer,298,Age 10 to 14,0.0
10402,2011,E01000892,2011 super output areas - lower layer,298,Age 15,0.0
10403,2011,E01000892,2011 super output areas - lower layer,298,Age 16 to 17,0.0
10404,2011,E01000892,2011 super output areas - lower layer,298,Age 18 to 19,0.0
10405,2011,E01000892,2011 super output areas - lower layer,298,Age 20 to 24,0.0
10406,2011,E01000892,2011 super output areas - lower layer,298,Age 25 to 29,0.0
10407,2011,E01000892,2011 super output areas - lower layer,298,Age 30 to 44,0.0
10408,2011,E01000892,2011 super output areas - lower layer,298,Age 45 to 59,0.0
10409,2011,E01000892,2011 super output areas - lower layer,298,Age 60 to 64,0.0
10410,2011,E01000892,2011 super output areas - lower layer,298,Age 65 to 74,0.0
10411,2011,E01000892,2011 super output areas - lower layer,298,Age 75 to 84,0.0
10412,2011,E01000892,2011 super output areas - lower layer,298,Age 85 to 89,0.0
10413,2011,E01000892,2011 super output areas - lower layer,298,Age 90 and over,0.0
10414,2011,E01000892,2011 super output areas - lower layer,298,Mean Age,
10415,2011,E01000892,2011 super output areas - lower layer,298,Median Age,0.5
10416,2011,E01000892,2011 super output areas - lower layer,298,All usual residents,0.0
10417,2011,E01000892,2011 super output areas - lower layer,298,Age 0 to 4,0.0
10418,2011,E01000892,2011 super output areas - lower layer,298,Age 5 to 7,0.0
10419,2011,E01000892,2011 super output areas - lower layer,298,Age 8 to 9,0.0
10420,2011,E01000892,2011 super output areas - lower layer,298,Age 10 to 14,0.0
10421,2011,E01000892,2011 super output areas - lower layer,298,Age 15,0.0
10422,2011,E01000892,2011 super output areas - lower layer,298,Age 16 to 17,0.0
10423,2011,E01000892,2011 super output areas - lower layer,298,Age 18 to 19,0.0
10424,2011,E01000892,2011 super output areas - lower layer,298,Age 20 to 24,0.0
10425,2011,E01000892,2011 super output areas - lower layer,298,Age 25 to 29,0.0
10426,2011,E01000892,2011 super output areas - lower layer,298,Age 30 to 44,0.0
10427,2011,E01000892,2011 super output areas - lower layer,298,Age 45 to 59,0.0
10428,2011,E01000892,2011 super output areas - lower layer,298,Age 60 to 64,0.0
10429,2011,E01000892,2011 super output areas - lower layer,298,Age 65 to 74,0.0
10430,2011,E01000892,2011 super output areas - lower layer,298,Age 75 to 84,0.0
10431,2011,E01000892,2011 super output areas - lower layer,298,Age 85 to 89,0.0
10432,2011,E01000892,2011 super output areas - lower layer,298,Age 90 and over,0.0
10433,2011,E01000892,2011 super output areas - lower layer,298,Mean Age,
10434,2011,E01000892,2011 super output areas - lower layer,298,Median Age,0.5
10435,2011,E01000892,2011 super output areas - lower layer,298,All usual residents,0.0
10436,2011,E01000892,2011 super output areas - lower layer,298,Age 0 to 4,0.0
10437,2011,E01000892,2011 super output areas - lower layer,298,Age 5 to 7,0.0
10438,2011,E01000892,2011 super output areas - lower layer,298,Age 8 to 9,0.0
10439,2011,E01000892,2011 super output areas - lower layer,298,Age 10 to 14,0.0
10440,2011,E01000892,2011 super output areas - lower layer,298,Age 15,0.0
10441,2011,E01000892,2011 super output areas - lower layer,298,Age 16 to 17,0.0
10442,2011,E01000892,2011 super output areas - lower layer,298,Age 18 to 19,0.0
10443,2011,E01000892,2011 super output areas - lower layer,298,Age 20 to 24,0.0
10444,2011,E01000892,2011 super output areas - lower layer,298,Age 25 to 29,0.0
10445,2011,E01000892,2011 super output areas - lower layer,298,Age 30 to 44,0.0
10446,2011,E01000892,2011 super output areas - lower layer,298,Age 45 to 59,0.0
10447,2011,E01000892,2011 super output areas - lower layer,298,Age 60 to 64,0.0
10448,2011,E01000892,2011 super output areas - lower layer,298,Age 65 to 74,0.0
10449,2011,E01000892,2011 super output areas - lower layer,298,Age 75 to 84,0.0
10450,2011,E01000892,2011 super output areas - lower layer,298,Age 85 to 89,0.0
10451,2011,E01000892,2011 super output areas - lower layer,298,Age 90 and over,0.0
10452,2011,E01000892,2011 super output areas - lower layer,298,Mean Age,
10453,2011,E01000892,2011 super output areas - lower layer,298,Median Age,0.5
10454,2011,E01000892,2011 super output areas - lower layer,298,All usual residents,0.0
10455,2011,E01000892,2011 super output areas - lower layer,298,Age 0 to 4,0.0
10456,2011,E01000892,2011 super output areas - lower layer,298,Age 5 to 7,0.0
10457,2011,E01000892,2011 super output areas - lower layer,298,Age 8 to 9,0.0
10458,2011,E01000892,2011 super output areas - lower layer,298,Age 10 to 14,0.0
10459,2011,E01000892,2011 super output areas - lower layer,298,Age 15,0.0
10460,2011,E01000892,2011 super output areas - lower layer,298,Age 16 to 17,0.0
10461,2011,E01000892,2011 super output areas - lower layer,298,Age 18 to 19,0.0
10462,2011,E01000892,2011 super output areas - lower layer,298,Age 20 to 24,0.0
10463,2011,E01000892,2011 super output areas - lower layer,298,Age 25 to 29,0.0
10464,2011,E01000892,2011 super output areas - lower layer,298,Age 30 to 44,0.0
10465,2011,E01000892,2011 super output areas - lower layer,298,Age 45 to 59,0.0
10466,2011,E01000892,2011 super output areas - lower layer,298,Age 60 to 64,0.0
10467,2011,E01000892,2011 super output areas - lower layer,298,Age 65 to 74,0.0
10468,2011,E01000892,2011 super output areas - lower layer,298,Age 75 to 84,0.0
10469,2011,E01000892,2011 super output areas - lower layer,298,Age 85 to 89,0.0
10470,2011,E01000892,2011 super output areas - lower layer,298,Age 90 and over,0.0
10471,2011,E01000892,2011 super output areas - lower layer,298,Mean Age,
10472,2011,E01000892,2011 super output areas - lower layer,298,Median Age,0.5
10473,2011,E01000892,2011 super output areas - lower layer,298,All usual residents,0.0
10474,2011,E01000892,2011 super output areas - lower layer,298,Age 0 to 4,0.0
10475,2011,E01000892,2011 super output areas - lower layer,298,Age 5 to 7,0.0
10476,2011,E01000892,2011 super output areas - lower layer,298,Age 8 to 9,0.0
10477,2011,E01000892,2011 super output areas - lower layer,298,Age 10 to 14,0.0
10478,2011,E01000892,2011 super output areas - lower layer,298,Age 15,0.0
10479,2011,E01000892,2011 super output areas - lower layer,298,Age 16 to 17,0.0
10480,2011,E01000892,2011 super output areas - lower layer,298,Age 18 to 19,0.0
10481,2011,E01000892,2011 super output areas - lower layer,298,Age 20 to 24,0.0
10482,2011,E01000892,2011 super output areas - lower layer,298,Age 25 to 29,0.0
10483,2011,E01000892,2011 super output areas - lower layer,298,Age 30 to 44,0.0
10484,2011,E01000892,2011 super output areas - lower layer,298,Age 45 to 59,0.0
10485,2011,E01000892,2011 super output areas - lower layer,298,Age 60 to 64,0.0
10486,2011,E01000892,2011 super output areas - lower layer,298,Age 65 to 74,0.0
10487,2011,E01000892,2011 super output areas - lower layer,298,Age 75 to 84,0.0
10488,2011,E01000892,2011 super output areas - lower layer,298,Age 85 to 89,0.0
10489,2011,E01000892,2011 super output areas - lower layer,298,Age 90 and over,0.0
10490,2011,E01000892,2011 super output areas - lower layer,298,Mean Age,
10491,2011,E01000892,2011 super output areas - lower layer,298,Median Age,0.5
10492,2011,E01000892,2011 super output areas - lower layer,298,All usual residents,0.0
10493,2011,E01000892,2011 super output areas - lower layer,298,Age 0 to 4,0.0
10494,2011,E01000892,2011 super output areas - lower layer,298,Age 5 to 7,0.0
10495,2011,E01000892,2011 super output areas - lower layer,298,Age 8 to 9,0.0
10496,2011,E01000892,2011 super output areas - lower layer,298,Age 10 to 14,0.0
10497,2011,E01000892,2011 super output areas - lower layer,298,Age 15,0.0
10498,2011,E01000892,2011 super output areas - lower layer,298,Age 16 to 17,0.0
10499,2011,E01000892,2011 super output areas - lower layer,298,Age 18 to 19,0.0
10500,2011,E01000892,2011 super output areas - lower layer,298,Age 20 to 24,0.0
10501,2011,E01000892,2011 super output areas - lower layer,298,Age 25 to 29,0.0
10502,2011,E01000892,2011 super output areas - lower layer,298,Age 30 to 44,0.0
10503,2011,E01000892,2011 super output areas - lower layer,298,Age 45 to 59,0.0
10504,2011,E01000892,2011 super output areas - lower layer,298,Age 60 to 64,0.0
10505,2011,E01000892,2011 super output areas - lower layer,298,Age 65 to 74,0.0
10506,2011,E01000892,2011 super output areas - lower layer,298,Age 75 to 84,0.0
10507,2011,E01000892,2011 super output areas - lower layer,298,Age 85 to 89,0.0
10508,2011,E01000892,2011 super output areas - lower layer,298,Age 90 and over,0.0
10509,2011,E01000892,2011 super output areas - lower layer,298,Mean Age,
10510,2011,E01000892,2011 super output areas - lower layer,298,Median Age,0.5
10511,2011,E01000892,2011 super output areas - lower layer,298,All usual residents,0.0
10512,2011,E01000892,2011 super output areas - lower layer,298,Age 0 to 4,0.0
10513,2011,E01000892,2011 super output areas - lower layer,298,Age 5 to 7,0.0
10514,2011,E01000892,2011 super output areas - lower layer,298,Age 8 to 9,0.0
10515,2011,E01000892,2011 super output areas - lower layer,298,Age 10 to 14,0.0
10516,2011,E01000892,2011 super output areas - lower layer,298,Age 15,0.0
10517,2011,E01000892,2011 super output areas - lower layer,298,Age 16 to 17,0.0
10518,2011,E01000892,2011 super output areas - lower layer,298,Age 18 to 19,0.0
10519,2011,E01000892,2011 super output areas - lower layer,298,Age 20 to 24,0.0
10520,2011,E01000892,2011 super output areas - lower layer,298,Age 25 to 29,0.0
10521,2011,E01000892,2011 super output areas - lower layer,298,Age 30 to 44,0.0
10522,2011,E01000892,2011 super output areas - lower layer,298,Age 45 to 59,0.0
10523,2011,E01000892,2011 super output areas - lower layer,298,Age 60 to 64,0.0
10524,2011,E01000892,2011 super output areas - lower layer,298,Age 65 to 74,0.0
10525,2011,E01000892,2011 super output areas - lower layer,298,Age 75 to 84,0.0
10526,2011,E01000892,2011 super output areas - lower layer,298,Age 85 to 89,0.0
10527,2011,E01000892,2011 super output areas - lower layer,298,Age 90 and over,0.0
10528,2011,E01000892,2011 super output areas - lower layer,298,Mean Age,
10529,2011,E01000892,2011 super output areas - lower layer,298,Median Age,0.5
10530,2011,E01000892,2011 super output areas - lower layer,298,All usual residents,0.0
10531,2011,E01000892,2011 super output areas - lower layer,298,Age 0 to 4,0.0
10532,2011,E01000892,2011 super output areas - lower layer,298,Age 5 to 7,0.0
10533,2011,E01000892,2011 super output areas - lower layer,298,Age 8 to 9,0.0
10534,2011,E01000892,2011 super output areas - lower layer,298,Age 10 to 14,0.0
10535,2011,E01000892,2011 super output areas - lower layer,298,Age 15,0.0
10536,2011,E01000892,2011 super output areas - lower layer,298,Age 16 to 17,0.0
10537,2011,E01000892,2011 super output areas - lower layer,298,Age 18 to 19,0.0
10538,2011,E01000892,2011 super output areas - lower layer,298,Age 20 to 24,0.0
10539,2011,E01000892,2011 super output areas - lower layer,298,Age 25 to 29,0.0
10540,2011,E01000892,2011 super output areas - lower layer,298,Age 30 to 44,0.0
10541,2011,E01000892,2011 super output areas - lower layer,298,Age 45 to 59,0.0
10542,2011,E01000892,2011 super output areas - lower layer,298,Age 60 to 64,0.0
10543,2011,E01000892,2011 super output areas - lower layer,298,Age 65 to 74,0.0
10544,2011,E01000892,2011 super output areas - lower layer,298,Age 75 to 84,0.0
10545,2011,E01000892,2011 super output areas - lower layer,298,Age 85 to 89,0.0
10546,2011,E01000892,2011 super output areas - lower layer,298,Age 90 and over,0.0
10547,2011,E01000892,2011 super output areas - lower layer,298,Mean Age,
10548,2011,E01000892,2011 super output areas - lower layer,298,Median Age,0.5
10549,2011,E01000892,2011 super output areas - lower layer,298,All usual residents,0.0
10550,2011,E01000892,2011 super output areas - lower layer,298,Age 0 to 4,0.0
10551,2011,E01000892,2011 super output areas - lower layer,298,Age 5 to 7,0.0
10552,2011,E01000892,2011 super output areas - lower layer,298,Age 8 to 9,0.0
10553,2011,E01000892,2011 super output areas - lower layer,298,Age 10 to 14,0.0
10554,2011,E01000892,2011 super output areas - lower layer,298,Age 15,0.0
10555,2011,E01000892,2011 super output areas - lower layer,298,Age 16 to 17,0.0
10556,2011,E01000892,2011 super output areas - lower layer,298,Age 18 to 19,0.0
10557,2011,E01000892,2011 super output areas - lower layer,298,Age 20 to 24,0.0
10558,2011,E01000892,2011 super output areas - lower layer,298,Age 25 to 29,0.0
10559,2011,E01000892,2011 super output areas - lower layer,298,Age 30 to 44,0.0
10560,2011,E01000892,2011 super output areas - lower layer,298,Age 45 to 59,0.0
10561,2011,E01000892,2011 super output areas - lower layer,298,Age 60 to 64,0.0
10562,2011,E01000892,2011 super output areas - lower layer,298,Age 65 to 74,0.0
10563,2011,E01000892,2011 super output areas - lower layer,298,Age 75 to 84,0.0
10564,2011,E01000892,2011 super output areas - lower layer,298,Age 85 to 89,0.0
10565,2011,E01000892,2011 super output areas - lower layer,298,Age 90 and over,0.0
10566,2011,E01000892,2011 super output areas - lower layer,298,Mean Age,
10567,2011,E01000892,2011 super output areas - lower layer,298,Median Age,0.5
10568,2011,E01000892,2011 super output areas - lower layer,298,All usual residents,0.0
10569,2011,E01000892,2011 super output areas - lower layer,298,Age 0 to 4,0.0
10570,2011,E01000892,2011 super output areas - lower layer,298,Age 5 to 7,0.0
10571,2011,E01000892,2011 super output areas - lower layer,298,Age 8 to 9,0.0
10572,2011,E01000892,2011 super output areas - lower layer,298,Age 10 to 14,0.0
10573,2011,E01000892,2011 super output areas - lower layer,298,Age 15,0.0
10574,2011,E01000892,2011 super output areas - lower layer,298,Age 16 to 17,0.0
10575,2011,E01000892,2011 super output areas - lower layer,298,Age 18 to 19,0.0
10576,2011,E01000892,2011 super output areas - lower layer,298,Age 20 to 24,0.0
10577,2011,E01000892,2011 super output areas - lower layer,298,Age 25 to 29,0.0
10578,2011,E01000892,2011 super output areas - lower layer,298,Age 30 to 44,0.0
10579,2011,E01000892,2011 super output areas - lower layer,298,Age 45 to 59,0.0
10580,2011,E01000892,2011 super output areas - lower layer,298,Age 60 to 64,0.0
10581,2011,E01000892,2011 super output areas - lower layer,298,Age 65 to 74,0.0
10582,2011,E01000892,2011 super output areas - lower layer,298,Age 75 to 84,0.0
10583,2011,E01000892,2011 super output areas - lower layer,298,Age 85 to 89,0.0
10584,2011,E01000892,2011 super output areas - lower layer,298,Age 90 and over,0.0
10585,2011,E01000892,2011 super output areas - lower layer,298,Mean Age,
10586,2011,E01000892,2011 super output areas - lower layer,298,Median Age,0.5
10587,2011,E01000892,2011 super output areas - lower layer,298,All usual residents,0.0
10588,2011,E01000892,2011 super output areas - lower layer,298,Age 0 to 4,0.0
10589,2011,E01000892,2011 super output areas - lower layer,298,Age 5 to 7,0.0
10590,2011,E01000892,2011 super output areas - lower layer,298,Age 8 to 9,0.0
10591,2011,E01000892,2011 super output areas - lower layer,298,Age 10 to 14,0.0
10592,2011,E01000892,2011 super output areas - lower layer,298,Age 15,0.0
10593,2011,E01000892,2011 super output areas - lower layer,298,Age 16 to 17,0.0
10594,2011,E01000892,2011 super output areas - lower layer,298,Age 18 to 19,0.0
10595,2011,E01000892,2011 super output areas - lower layer,298,Age 20 to 24,0.0
10596,2011,E01000892,2011 super output areas - lower layer,298,Age 25 to 29,0.0
10597,2011,E01000892,2011 super output areas - lower layer,298,Age 30 to 44,0.0
10598,2011,E01000892,2011 super output areas - lower layer,298,Age 45 to 59,0.0
10599,2011,E01000892,2011 super output areas - lower layer,298,Age 60 to 64,0.0
10600,2011,E01000892,2011 super output areas - lower layer,298,Age 65 to 74,0.0
10601,2011,E01000892,2011 super output areas - lower layer,298,Age 75 to 84,0.0
10602,2011,E01000892,2011 super output areas - lower layer,298,Age 85 to 89,0.0
10603,2011,E01000892,2011 super output areas - lower layer,298,Age 90 and over,0.0
10604,2011,E01000892,2011 super output areas - lower layer,298,Mean Age,
10605,2011,E01000892,2011 super output areas - lower layer,298,Median Age,0.5
10606,2011,E01000892,2011 super output areas - lower layer,298,All usual residents,0.0
10607,2011,E01000892,2011 super output areas - lower layer,298,Age 0 to 4,0.0
10608,2011,E01000892,2011 super output areas - lower layer,298,Age 5 to 7,0.0
10609,2011,E01000892,2011 super output areas - lower layer,298,Age 8 to 9,0.0
10610,2011,E01000892,2011 super output areas - lower layer,298,Age 10 to 14,0.0
10611,2011,E01000892,2011 super output areas - lower layer,298,Age 15,0.0
10612,2011,E01000892,2011 super output areas - lower layer,298,Age 16 to 17,0.0
10613,2011,E01000892,2011 super output areas - lower layer,298,Age 18 to 19,0.0
10614,2011,E01000892,2011 super output areas - lower layer,298,Age 20 to 24,0.0
10615,2011,E01000892,2011 super output areas - lower layer,298,Age 25 to 29,0.0
10616,2011,E01000892,2011 super output areas - lower layer,298,Age 30 to 44,0.0
10617,2011,E01000892,2011 super output areas - lower layer,298,Age 45 to 59,0.0
10618,2011,E01000892,2011 super output areas - lower layer,298,Age 60 to 64,0.0
10619,2011,E01000892,2011 super output areas - lower layer,298,Age 65 to 74,0.0
10620,2011,E01000892,2011 super output areas - lower layer,298,Age 75 to 84,0.0
10621,2011,E01000892,2011 super output areas - lower layer,298,Age 85 to 89,0.0
10622,2011,E01000892,2011 super output areas - lower layer,298,Age 90 and over,0.0
10623,2011,E01000892,2011 super output areas - lower layer,298,Mean Age,
10624,2011,E01000892,2011 super output areas - lower layer,298,Median Age,0.5
10625,2011,E01000903,2011 super output areas - lower layer,298,All usual residents,1439.0
10626,2011,E01000903,2011 super output areas - lower layer,298,Age 0 to 4,108.0
10627,2011,E01000903,2011 super output areas - lower layer,298,Age 5 to 7,26.0
10628,2011,E01000903,2011 super output areas - lower layer,298,Age 8 to 9,15.0
10629,2011,E01000903,2011 super output areas - lower layer,298,Age 10 to 14,32.0
10630,2011,E01000903,2011 super output areas - lower layer,298,Age 15,11.0
10631,2011,E01000903,2011 super output areas - lower layer,298,Age 16 to 17,31.0
10632,2011,E01000903,2011 super output areas - lower layer,298,Age 18 to 19,31.0
10633,2011,E01000903,2011 super output areas - lower layer,298,Age 20 to 24,76.0
10634,2011,E01000903,2011 super output areas - lower layer,298,Age 25 to 29,174.0
10635,2011,E01000903,2011 super output areas - lower layer,298,Age 30 to 44,411.0
10636,2011,E01000903,2011 super output areas - lower layer,298,Age 45 to 59,230.0
10637,2011,E01000903,2011 super output areas - lower layer,298,Age 60 to 64,86.0
10638,2011,E01000903,2011 super output areas - lower layer,298,Age 65 to 74,109.0
10639,2011,E01000903,2011 super output areas - lower layer,298,Age 75 to 84,65.0
10640,2011,E01000903,2011 super output areas - lower layer,298,Age 85 to 89,17.0
10641,2011,E01000903,2011 super output areas - lower layer,298,Age 90 and over,17.0
10642,2011,E01000903,2011 super output areas - lower layer,298,Mean Age,39.2
10643,2011,E01000903,2011 super output areas - lower layer,298,Median Age,36.0
10644,2011,E01000903,2011 super output areas - lower layer,298,All usual residents,0.0
10645,2011,E01000903,2011 super output areas - lower layer,298,Age 0 to 4,0.0
10646,2011,E01000903,2011 super output areas - lower layer,298,Age 5 to 7,0.0
10647,2011,E01000903,2011 super output areas - lower layer,298,Age 8 to 9,0.0
10648,2011,E01000903,2011 super output areas - lower layer,298,Age 10 to 14,0.0
10649,2011,E01000903,2011 super output areas - lower layer,298,Age 15,0.0
10650,2011,E01000903,2011 super output areas - lower layer,298,Age 16 to 17,0.0
10651,2011,E01000903,2011 super output areas - lower layer,298,Age 18 to 19,0.0
10652,2011,E01000903,2011 super output areas - lower layer,298,Age 20 to 24,0.0
10653,2011,E01000903,2011 super output areas - lower layer,298,Age 25 to 29,0.0
10654,2011,E01000903,2011 super output areas - lower layer,298,Age 30 to 44,0.0
10655,2011,E01000903,2011 super output areas - lower layer,298,Age 45 to 59,0.0
10656,2011,E01000903,2011 super output areas - lower layer,298,Age 60 to 64,0.0
10657,2011,E01000903,2011 super output areas - lower layer,298,Age 65 to 74,0.0
10658,2011,E01000903,2011 super output areas - lower layer,298,Age 75 to 84,0.0
10659,2011,E01000903,2011 super output areas - lower layer,298,Age 85 to 89,0.0
10660,2011,E01000903,2011 super output areas - lower layer,298,Age 90 and over,0.0
10661,2011,E01000903,2011 super output areas - lower layer,298,Mean Age,
10662,2011,E01000903,2011 super output areas - lower layer,298,Median Age,0.5
10663,2011,E01000903,2011 super output areas - lower layer,298,All usual residents,0.0
10664,2011,E01000903,2011 super output areas - lower layer,298,Age 0 to 4,0.0
10665,2011,E01000903,2011 super output areas - lower layer,298,Age 5 to 7,0.0
10666,2011,E01000903,2011 super output areas - lower layer,298,Age 8 to 9,0.0
10667,2011,E01000903,2011 super output areas - lower layer,298,Age 10 to 14,0.0
10668,2011,E01000903,2011 super output areas - lower layer,298,Age 15,0.0
10669,2011,E01000903,2011 super output areas - lower layer,298,Age 16 to 17,0.0
10670,2011,E01000903,2011 super output areas - lower layer,298,Age 18 to 19,0.0
10671,2011,E01000903,2011 super output areas - lower layer,298,Age 20 to 24,0.0
10672,2011,E01000903,2011 super output areas - lower layer,298,Age 25 to 29,0.0
10673,2011,E01000903,2011 super output areas - lower layer,298,Age 30 to 44,0.0
10674,2011,E01000903,2011 super output areas - lower layer,298,Age 45 to 59,0.0
10675,2011,E01000903,2011 super output areas - lower layer,298,Age 60 to 64,0.0
10676,2011,E01000903,2011 super output areas - lower layer,298,Age 65 to 74,0.0
10677,2011,E01000903,2011 super output areas - lower layer,298,Age 75 to 84,0.0
10678,2011,E01000903,2011 super output areas - lower layer,298,Age 85 to 89,0.0
10679,2011,E01000903,2011 super output areas - lower layer,298,Age 90 and over,0.0
10680,2011,E01000903,2011 super output areas - lower layer,298,Mean Age,
10681,2011,E01000903,2011 super output areas - lower layer,298,Median Age,0.5
10682,2011,E01000903,2011 super output areas - lower layer,298,All usual residents,0.0
10683,2011,E01000903,2011 super output areas - lower layer,298,Age 0 to 4,0.0
10684,2011,E01000903,2011 super output areas - lower layer,298,Age 5 to 7,0.0
10685,2011,E01000903,2011 super output areas - lower layer,298,Age 8 to 9,0.0
10686,2011,E01000903,2011 super output areas - lower layer,298,Age 10 to 14,0.0
10687,2011,E01000903,2011 super output areas - lower layer,298,Age 15,0.0
10688,2011,E01000903,2011 super output areas - lower layer,298,Age 16 to 17,0.0
10689,2011,E01000903,2011 super output areas - lower layer,298,Age 18 to 19,0.0
10690,2011,E01000903,2011 super output areas - lower layer,298,Age 20 to 24,0.0
10691,2011,E01000903,2011 super output areas - lower layer,298,Age 25 to 29,0.0
10692,2011,E01000903,2011 super output areas - lower layer,298,Age 30 to 44,0.0
10693,2011,E01000903,2011 super output areas - lower layer,298,Age 45 to 59,0.0
10694,2011,E01000903,2011 super output areas - lower layer,298,Age 60 to 64,0.0
10695,2011,E01000903,2011 super output areas - lower layer,298,Age 65 to 74,0.0
10696,2011,E01000903,2011 super output areas - lower layer,298,Age 75 to 84,0.0
10697,2011,E01000903,2011 super output areas - lower layer,298,Age 85 to 89,0.0
10698,2011,E01000903,2011 super output areas - lower layer,298,Age 90 and over,0.0
10699,2011,E01000903,2011 super output areas - lower layer,298,Mean Age,
10700,2011,E01000903,2011 super output areas - lower layer,298,Median Age,0.5
10701,2011,E01000903,2011 super output areas - lower layer,298,All usual residents,0.0
10702,2011,E01000903,2011 super output areas - lower layer,298,Age 0 to 4,0.0
10703,2011,E01000903,2011 super output areas - lower layer,298,Age 5 to 7,0.0
10704,2011,E01000903,2011 super output areas - lower layer,298,Age 8 to 9,0.0
10705,2011,E01000903,2011 super output areas - lower layer,298,Age 10 to 14,0.0
10706,2011,E01000903,2011 super output areas - lower layer,298,Age 15,0.0
10707,2011,E01000903,2011 super output areas - lower layer,298,Age 16 to 17,0.0
10708,2011,E01000903,2011 super output areas - lower layer,298,Age 18 to 19,0.0
10709,2011,E01000903,2011 super output areas - lower layer,298,Age 20 to 24,0.0
10710,2011,E01000903,2011 super output areas - lower layer,298,Age 25 to 29,0.0
10711,2011,E01000903,2011 super output areas - lower layer,298,Age 30 to 44,0.0
10712,2011,E01000903,2011 super output areas - lower layer,298,Age 45 to 59,0.0
10713,2011,E01000903,2011 super output areas - lower layer,298,Age 60 to 64,0.0
10714,2011,E01000903,2011 super output areas - lower layer,298,Age 65 to 74,0.0
10715,2011,E01000903,2011 super output areas - lower layer,298,Age 75 to 84,0.0
10716,2011,E01000903,2011 super output areas - lower layer,298,Age 85 to 89,0.0
10717,2011,E01000903,2011 super output areas - lower layer,298,Age 90 and over,0.0
10718,2011,E01000903,2011 super output areas - lower layer,298,Mean Age,
10719,2011,E01000903,2011 super output areas - lower layer,298,Median Age,0.5
10720,2011,E01000903,2011 super output areas - lower layer,298,All usual residents,0.0
10721,2011,E01000903,2011 super output areas - lower layer,298,Age 0 to 4,0.0
10722,2011,E01000903,2011 super output areas - lower layer,298,Age 5 to 7,0.0
10723,2011,E01000903,2011 super output areas - lower layer,298,Age 8 to 9,0.0
10724,2011,E01000903,2011 super output areas - lower layer,298,Age 10 to 14,0.0
10725,2011,E01000903,2011 super output areas - lower layer,298,Age 15,0.0
10726,2011,E01000903,2011 super output areas - lower layer,298,Age 16 to 17,0.0
10727,2011,E01000903,2011 super output areas - lower layer,298,Age 18 to 19,0.0
10728,2011,E01000903,2011 super output areas - lower layer,298,Age 20 to 24,0.0
10729,2011,E01000903,2011 super output areas - lower layer,298,Age 25 to 29,0.0
10730,2011,E01000903,2011 super output areas - lower layer,298,Age 30 to 44,0.0
10731,2011,E01000903,2011 super output areas - lower layer,298,Age 45 to 59,0.0
10732,2011,E01000903,2011 super output areas - lower layer,298,Age 60 to 64,0.0
10733,2011,E01000903,2011 super output areas - lower layer,298,Age 65 to 74,0.0
10734,2011,E01000903,2011 super output areas - lower layer,298,Age 75 to 84,0.0
10735,2011,E01000903,2011 super output areas - lower layer,298,Age 85 to 89,0.0
10736,2011,E01000903,2011 super output areas - lower layer,298,Age 90 and over,0.0
10737,2011,E01000903,2011 super output areas - lower layer,298,Mean Age,
10738,2011,E01000903,2011 super output areas - lower layer,298,Median Age,0.5
10739,2011,E01000903,2011 super output areas - lower layer,298,All usual residents,0.0
10740,2011,E01000903,2011 super output areas - lower layer,298,Age 0 to 4,0.0
10741,2011,E01000903,2011 super output areas - lower layer,298,Age 5 to 7,0.0
10742,2011,E01000903,2011 super output areas - lower layer,298,Age 8 to 9,0.0
10743,2011,E01000903,2011 super output areas - lower layer,298,Age 10 to 14,0.0
10744,2011,E01000903,2011 super output areas - lower layer,298,Age 15,0.0
10745,2011,E01000903,2011 super output areas - lower layer,298,Age 16 to 17,0.0
10746,2011,E01000903,2011 super output areas - lower layer,298,Age 18 to 19,0.0
10747,2011,E01000903,2011 super output areas - lower layer,298,Age 20 to 24,0.0
10748,2011,E01000903,2011 super output areas - lower layer,298,Age 25 to 29,0.0
10749,2011,E01000903,2011 super output areas - lower layer,298,Age 30 to 44,0.0
10750,2011,E01000903,2011 super output areas - lower layer,298,Age 45 to 59,0.0
10751,2011,E01000903,2011 super output areas - lower layer,298,Age 60 to 64,0.0
10752,2011,E01000903,2011 super output areas - lower layer,298,Age 65 to 74,0.0
10753,2011,E01000903,2011 super output areas - lower layer,298,Age 75 to 84,0.0
10754,2011,E01000903,2011 super output areas - lower layer,298,Age 85 to 89,0.0
10755,2011,E01000903,2011 super output areas - lower layer,298,Age 90 and over,0.0
10756,2011,E01000903,2011 super output areas - lower layer,298,Mean Age,
10757,2011,E01000903,2011 super output areas - lower layer,298,Median Age,0.5
10758,2011,E01000903,2011 super output areas - lower layer,298,All usual residents,0.0
10759,2011,E01000903,2011 super output areas - lower layer,298,Age 0 to 4,0.0
10760,2011,E01000903,2011 super output areas - lower layer,298,Age 5 to 7,0.0
10761,2011,E01000903,2011 super output areas - lower layer,298,Age 8 to 9,0.0
10762,2011,E01000903,2011 super output areas - lower layer,298,Age 10 to 14,0.0
10763,2011,E01000903,2011 super output areas - lower layer,298,Age 15,0.0
10764,2011,E01000903,2011 super output areas - lower layer,298,Age 16 to 17,0.0
10765,2011,E01000903,2011 super output areas - lower layer,298,Age 18 to 19,0.0
10766,2011,E01000903,2011 super output areas - lower layer,298,Age 20 to 24,0.0
10767,2011,E01000903,2011 super output areas - lower layer,298,Age 25 to 29,0.0
10768,2011,E01000903,2011 super output areas - lower layer,298,Age 30 to 44,0.0
10769,2011,E01000903,2011 super output areas - lower layer,298,Age 45 to 59,0.0
10770,2011,E01000903,2011 super output areas - lower layer,298,Age 60 to 64,0.0
10771,2011,E01000903,2011 super output areas - lower layer,298,Age 65 to 74,0.0
10772,2011,E01000903,2011 super output areas - lower layer,298,Age 75 to 84,0.0
10773,2011,E01000903,2011 super output areas - lower layer,298,Age 85 to 89,0.0
10774,2011,E01000903,2011 super output areas - lower layer,298,Age 90 and over,0.0
10775,2011,E01000903,2011 super output areas - lower layer,298,Mean Age,
10776,2011,E01000903,2011 super output areas - lower layer,298,Median Age,0.5
10777,2011,E01000903,2011 super output areas - lower layer,298,All usual residents,0.0
10778,2011,E01000903,2011 super output areas - lower layer,298,Age 0 to 4,0.0
10779,2011,E01000903,2011 super output areas - lower layer,298,Age 5 to 7,0.0
10780,2011,E01000903,2011 super output areas - lower layer,298,Age 8 to 9,0.0
10781,2011,E01000903,2011 super output areas - lower layer,298,Age 10 to 14,0.0
10782,2011,E01000903,2011 super output areas - lower layer,298,Age 15,0.0
10783,2011,E01000903,2011 super output areas - lower layer,298,Age 16 to 17,0.0
10784,2011,E01000903,2011 super output areas - lower layer,298,Age 18 to 19,0.0
10785,2011,E01000903,2011 super output areas - lower layer,298,Age 20 to 24,0.0
10786,2011,E01000903,2011 super output areas - lower layer,298,Age 25 to 29,0.0
10787,2011,E01000903,2011 super output areas - lower layer,298,Age 30 to 44,0.0
10788,2011,E01000903,2011 super output areas - lower layer,298,Age 45 to 59,0.0
10789,2011,E01000903,2011 super output areas - lower layer,298,Age 60 to 64,0.0
10790,2011,E01000903,2011 super output areas - lower layer,298,Age 65 to 74,0.0
10791,2011,E01000903,2011 super output areas - lower layer,298,Age 75 to 84,0.0
10792,2011,E01000903,2011 super output areas - lower layer,298,Age 85 to 89,0.0
10793,2011,E01000903,2011 super output areas - lower layer,298,Age 90 and over,0.0
10794,2011,E01000903,2011 super output areas - lower layer,298,Mean Age,
10795,2011,E01000903,2011 super output areas - lower layer,298,Median Age,0.5
10796,2011,E01000903,2011 super output areas - lower layer,298,All usual residents,0.0
10797,2011,E01000903,2011 super output areas - lower layer,298,Age 0 to 4,0.0
10798,2011,E01000903,2011 super output areas - lower layer,298,Age 5 to 7,0.0
10799,2011,E01000903,2011 super output areas - lower layer,298,Age 8 to 9,0.0
10800,2011,E01000903,2011 super output areas - lower layer,298,Age 10 to 14,0.0
10801,2011,E01000903,2011 super output areas - lower layer,298,Age 15,0.0
10802,2011,E01000903,2011 super output areas - lower layer,298,Age 16 to 17,0.0
10803,2011,E01000903,2011 super output areas - lower layer,298,Age 18 to 19,0.0
10804,2011,E01000903,2011 super output areas - lower layer,298,Age 20 to 24,0.0
10805,2011,E01000903,2011 super output areas - lower layer,298,Age 25 to 29,0.0
10806,2011,E01000903,2011 super output areas - lower layer,298,Age 30 to 44,0.0
10807,2011,E01000903,2011 super output areas - lower layer,298,Age 45 to 59,0.0
10808,2011,E01000903,2011 super output areas - lower layer,298,Age 60 to 64,0.0
10809,2011,E01000903,2011 super output areas - lower layer,298,Age 65 to 74,0.0
10810,2011,E01000903,2011 super output areas - lower layer,298,Age 75 to 84,0.0
10811,2011,E01000903,2011 super output areas - lower layer,298,Age 85 to 89,0.0
10812,2011,E01000903,2011 super output areas - lower layer,298,Age 90 and over,0.0
10813,2011,E01000903,2011 super output areas - lower layer,298,Mean Age,
10814,2011,E01000903,2011 super output areas - lower layer,298,Median Age,0.5
10815,2011,E01000903,2011 super output areas - lower layer,298,All usual residents,0.0
10816,2011,E01000903,2011 super output areas - lower layer,298,Age 0 to 4,0.0
10817,2011,E01000903,2011 super output areas - lower layer,298,Age 5 to 7,0.0
10818,2011,E01000903,2011 super output areas - lower layer,298,Age 8 to 9,0.0
10819,2011,E01000903,2011 super output areas - lower layer,298,Age 10 to 14,0.0
10820,2011,E01000903,2011 super output areas - lower layer,298,Age 15,0.0
10821,2011,E01000903,2011 super output areas - lower layer,298,Age 16 to 17,0.0
10822,2011,E01000903,2011 super output areas - lower layer,298,Age 18 to 19,0.0
10823,2011,E01000903,2011 super output areas - lower layer,298,Age 20 to 24,0.0
10824,2011,E01000903,2011 super output areas - lower layer,298,Age 25 to 29,0.0
10825,2011,E01000903,2011 super output areas - lower layer,298,Age 30 to 44,0.0
10826,2011,E01000903,2011 super output areas - lower layer,298,Age 45 to 59,0.0
10827,2011,E01000903,2011 super output areas - lower layer,298,Age 60 to 64,0.0
10828,2011,E01000903,2011 super output areas - lower layer,298,Age 65 to 74,0.0
10829,2011,E01000903,2011 super output areas - lower layer,298,Age 75 to 84,0.0
10830,2011,E01000903,2011 super output areas - lower layer,298,Age 85 to 89,0.0
10831,2011,E01000903,2011 super output areas - lower layer,298,Age 90 and over,0.0
10832,2011,E01000903,2011 super output areas - lower layer,298,Mean Age,
10833,2011,E01000903,2011 super output areas - lower layer,298,Median Age,0.5
10834,2011,E01000903,2011 super output areas - lower layer,298,All usual residents,0.0
10835,2011,E01000903,2011 super output areas - lower layer,298,Age 0 to 4,0.0
10836,2011,E01000903,2011 super output areas - lower layer,298,Age 5 to 7,0.0
10837,2011,E01000903,2011 super output areas - lower layer,298,Age 8 to 9,0.0
10838,2011,E01000903,2011 super output areas - lower layer,298,Age 10 to 14,0.0
10839,2011,E01000903,2011 super output areas - lower layer,298,Age 15,0.0
10840,2011,E01000903,2011 super output areas - lower layer,298,Age 16 to 17,0.0
10841,2011,E01000903,2011 super output areas - lower layer,298,Age 18 to 19,0.0
10842,2011,E01000903,2011 super output areas - lower layer,298,Age 20 to 24,0.0
10843,2011,E01000903,2011 super output areas - lower layer,298,Age 25 to 29,0.0
10844,2011,E01000903,2011 super output areas - lower layer,298,Age 30 to 44,0.0
10845,2011,E01000903,2011 super output areas - lower layer,298,Age 45 to 59,0.0
10846,2011,E01000903,2011 super output areas - lower layer,298,Age 60 to 64,0.0
10847,2011,E01000903,2011 super output areas - lower layer,298,Age 65 to 74,0.0
10848,2011,E01000903,2011 super output areas - lower layer,298,Age 75 to 84,0.0
10849,2011,E01000903,2011 super output areas - lower layer,298,Age 85 to 89,0.0
10850,2011,E01000903,2011 super output areas - lower layer,298,Age 90 and over,0.0
10851,2011,E01000903,2011 super output areas - lower layer,298,Mean Age,
10852,2011,E01000903,2011 super output areas - lower layer,298,Median Age,0.5
10853,2011,E01000903,2011 super output areas - lower layer,298,All usual residents,0.0
10854,2011,E01000903,2011 super output areas - lower layer,298,Age 0 to 4,0.0
10855,2011,E01000903,2011 super output areas - lower layer,298,Age 5 to 7,0.0
10856,2011,E01000903,2011 super output areas - lower layer,298,Age 8 to 9,0.0
10857,2011,E01000903,2011 super output areas - lower layer,298,Age 10 to 14,0.0
10858,2011,E01000903,2011 super output areas - lower layer,298,Age 15,0.0
10859,2011,E01000903,2011 super output areas - lower layer,298,Age 16 to 17,0.0
10860,2011,E01000903,2011 super output areas - lower layer,298,Age 18 to 19,0.0
10861,2011,E01000903,2011 super output areas - lower layer,298,Age 20 to 24,0.0
10862,2011,E01000903,2011 super output areas - lower layer,298,Age 25 to 29,0.0
10863,2011,E01000903,2011 super output areas - lower layer,298,Age 30 to 44,0.0
10864,2011,E01000903,2011 super output areas - lower layer,298,Age 45 to 59,0.0
10865,2011,E01000903,2011 super output areas - lower layer,298,Age 60 to 64,0.0
10866,2011,E01000903,2011 super output areas - lower layer,298,Age 65 to 74,0.0
10867,2011,E01000903,2011 super output areas - lower layer,298,Age 75 to 84,0.0
10868,2011,E01000903,2011 super output areas - lower layer,298,Age 85 to 89,0.0
10869,2011,E01000903,2011 super output areas - lower layer,298,Age 90 and over,0.0
10870,2011,E01000903,2011 super output areas - lower layer,298,Mean Age,
10871,2011,E01000903,2011 super output areas - lower layer,298,Median Age,0.5
10872,2011,E01000889,2011 super output areas - lower layer,298,All usual residents,1670.0
10873,2011,E01000889,2011 super output areas - lower layer,298,Age 0 to 4,101.0
10874,2011,E01000889,2011 super output areas - lower layer,298,Age 5 to 7,63.0
10875,2011,E01000889,2011 super output areas - lower layer,298,Age 8 to 9,47.0
10876,2011,E01000889,2011 super output areas - lower layer,298,Age 10 to 14,130.0
10877,2011,E01000889,2011 super output areas - lower layer,298,Age 15,25.0
10878,2011,E01000889,2011 super output areas - lower layer,298,Age 16 to 17,50.0
10879,2011,E01000889,2011 super output areas - lower layer,298,Age 18 to 19,52.0
10880,2011,E01000889,2011 super output areas - lower layer,298,Age 20 to 24,148.0
10881,2011,E01000889,2011 super output areas - lower layer,298,Age 25 to 29,145.0
10882,2011,E01000889,2011 super output areas - lower layer,298,Age 30 to 44,364.0
10883,2011,E01000889,2011 super output areas - lower layer,298,Age 45 to 59,301.0
10884,2011,E01000889,2011 super output areas - lower layer,298,Age 60 to 64,68.0
10885,2011,E01000889,2011 super output areas - lower layer,298,Age 65 to 74,88.0
10886,2011,E01000889,2011 super output areas - lower layer,298,Age 75 to 84,60.0
10887,2011,E01000889,2011 super output areas - lower layer,298,Age 85 to 89,18.0
10888,2011,E01000889,2011 super output areas - lower layer,298,Age 90 and over,10.0
10889,2011,E01000889,2011 super output areas - lower layer,298,Mean Age,34.9
10890,2011,E01000889,2011 super output areas - lower layer,298,Median Age,32.0
10891,2011,E01000889,2011 super output areas - lower layer,298,All usual residents,0.0
10892,2011,E01000889,2011 super output areas - lower layer,298,Age 0 to 4,0.0
10893,2011,E01000889,2011 super output areas - lower layer,298,Age 5 to 7,0.0
10894,2011,E01000889,2011 super output areas - lower layer,298,Age 8 to 9,0.0
10895,2011,E01000889,2011 super output areas - lower layer,298,Age 10 to 14,0.0
10896,2011,E01000889,2011 super output areas - lower layer,298,Age 15,0.0
10897,2011,E01000889,2011 super output areas - lower layer,298,Age 16 to 17,0.0
10898,2011,E01000889,2011 super output areas - lower layer,298,Age 18 to 19,0.0
10899,2011,E01000889,2011 super output areas - lower layer,298,Age 20 to 24,0.0
10900,2011,E01000889,2011 super output areas - lower layer,298,Age 25 to 29,0.0
10901,2011,E01000889,2011 super output areas - lower layer,298,Age 30 to 44,0.0
10902,2011,E01000889,2011 super output areas - lower layer,298,Age 45 to 59,0.0
10903,2011,E01000889,2011 super output areas - lower layer,298,Age 60 to 64,0.0
10904,2011,E01000889,2011 super output areas - lower layer,298,Age 65 to 74,0.0
10905,2011,E01000889,2011 super output areas - lower layer,298,Age 75 to 84,0.0
10906,2011,E01000889,2011 super output areas - lower layer,298,Age 85 to 89,0.0
10907,2011,E01000889,2011 super output areas - lower layer,298,Age 90 and over,0.0
10908,2011,E01000889,2011 super output areas - lower layer,298,Mean Age,
10909,2011,E01000889,2011 super output areas - lower layer,298,Median Age,0.5
10910,2011,E01000889,2011 super output areas - lower layer,298,All usual residents,0.0
10911,2011,E01000889,2011 super output areas - lower layer,298,Age 0 to 4,0.0
10912,2011,E01000889,2011 super output areas - lower layer,298,Age 5 to 7,0.0
10913,2011,E01000889,2011 super output areas - lower layer,298,Age 8 to 9,0.0
10914,2011,E01000889,2011 super output areas - lower layer,298,Age 10 to 14,0.0
10915,2011,E01000889,2011 super output areas - lower layer,298,Age 15,0.0
10916,2011,E01000889,2011 super output areas - lower layer,298,Age 16 to 17,0.0
10917,2011,E01000889,2011 super output areas - lower layer,298,Age 18 to 19,0.0
10918,2011,E01000889,2011 super output areas - lower layer,298,Age 20 to 24,0.0
10919,2011,E01000889,2011 super output areas - lower layer,298,Age 25 to 29,0.0
10920,2011,E01000889,2011 super output areas - lower layer,298,Age 30 to 44,0.0
10921,2011,E01000889,2011 super output areas - lower layer,298,Age 45 to 59,0.0
10922,2011,E01000889,2011 super output areas - lower layer,298,Age 60 to 64,0.0
10923,2011,E01000889,2011 super output areas - lower layer,298,Age 65 to 74,0.0
10924,2011,E01000889,2011 super output areas - lower layer,298,Age 75 to 84,0.0
10925,2011,E01000889,2011 super output areas - lower layer,298,Age 85 to 89,0.0
10926,2011,E01000889,2011 super output areas - lower layer,298,Age 90 and over,0.0
10927,2011,E01000889,2011 super output areas - lower layer,298,Mean Age,
10928,2011,E01000889,2011 super output areas - lower layer,298,Median Age,0.5
10929,2011,E01000889,2011 super output areas - lower layer,298,All usual residents,0.0
10930,2011,E01000889,2011 super output areas - lower layer,298,Age 0 to 4,0.0
10931,2011,E01000889,2011 super output areas - lower layer,298,Age 5 to 7,0.0
10932,2011,E01000889,2011 super output areas - lower layer,298,Age 8 to 9,0.0
10933,2011,E01000889,2011 super output areas - lower layer,298,Age 10 to 14,0.0
10934,2011,E01000889,2011 super output areas - lower layer,298,Age 15,0.0
10935,2011,E01000889,2011 super output areas - lower layer,298,Age 16 to 17,0.0
10936,2011,E01000889,2011 super output areas - lower layer,298,Age 18 to 19,0.0
10937,2011,E01000889,2011 super output areas - lower layer,298,Age 20 to 24,0.0
10938,2011,E01000889,2011 super output areas - lower layer,298,Age 25 to 29,0.0
10939,2011,E01000889,2011 super output areas - lower layer,298,Age 30 to 44,0.0
10940,2011,E01000889,2011 super output areas - lower layer,298,Age 45 to 59,0.0
10941,2011,E01000889,2011 super output areas - lower layer,298,Age 60 to 64,0.0
10942,2011,E01000889,2011 super output areas - lower layer,298,Age 65 to 74,0.0
10943,2011,E01000889,2011 super output areas - lower layer,298,Age 75 to 84,0.0
10944,2011,E01000889,2011 super output areas - lower layer,298,Age 85 to 89,0.0
10945,2011,E01000889,2011 super output areas - lower layer,298,Age 90 and over,0.0
10946,2011,E01000889,2011 super output areas - lower layer,298,Mean Age,
10947,2011,E01000889,2011 super output areas - lower layer,298,Median Age,0.5
10948,2011,E01000889,2011 super output areas - lower layer,298,All usual residents,0.0
10949,2011,E01000889,2011 super output areas - lower layer,298,Age 0 to 4,0.0
10950,2011,E01000889,2011 super output areas - lower layer,298,Age 5 to 7,0.0
10951,2011,E01000889,2011 super output areas - lower layer,298,Age 8 to 9,0.0
10952,2011,E01000889,2011 super output areas - lower layer,298,Age 10 to 14,0.0
10953,2011,E01000889,2011 super output areas - lower layer,298,Age 15,0.0
10954,2011,E01000889,2011 super output areas - lower layer,298,Age 16 to 17,0.0
10955,2011,E01000889,2011 super output areas - lower layer,298,Age 18 to 19,0.0
10956,2011,E01000889,2011 super output areas - lower layer,298,Age 20 to 24,0.0
10957,2011,E01000889,2011 super output areas - lower layer,298,Age 25 to 29,0.0
10958,2011,E01000889,2011 super output areas - lower layer,298,Age 30 to 44,0.0
10959,2011,E01000889,2011 super output areas - lower layer,298,Age 45 to 59,0.0
10960,2011,E01000889,2011 super output areas - lower layer,298,Age 60 to 64,0.0
10961,2011,E01000889,2011 super output areas - lower layer,298,Age 65 to 74,0.0
10962,2011,E01000889,2011 super output areas - lower layer,298,Age 75 to 84,0.0
10963,2011,E01000889,2011 super output areas - lower layer,298,Age 85 to 89,0.0
10964,2011,E01000889,2011 super output areas - lower layer,298,Age 90 and over,0.0
10965,2011,E01000889,2011 super output areas - lower layer,298,Mean Age,
10966,2011,E01000889,2011 super output areas - lower layer,298,Median Age,0.5
10967,2011,E01000889,2011 super output areas - lower layer,298,All usual residents,0.0
10968,2011,E01000889,2011 super output areas - lower layer,298,Age 0 to 4,0.0
10969,2011,E01000889,2011 super output areas - lower layer,298,Age 5 to 7,0.0
10970,2011,E01000889,2011 super output areas - lower layer,298,Age 8 to 9,0.0
10971,2011,E01000889,2011 super output areas - lower layer,298,Age 10 to 14,0.0
10972,2011,E01000889,2011 super output areas - lower layer,298,Age 15,0.0
10973,2011,E01000889,2011 super output areas - lower layer,298,Age 16 to 17,0.0
10974,2011,E01000889,2011 super output areas - lower layer,298,Age 18 to 19,0.0
10975,2011,E01000889,2011 super output areas - lower layer,298,Age 20 to 24,0.0
10976,2011,E01000889,2011 super output areas - lower layer,298,Age 25 to 29,0.0
10977,2011,E01000889,2011 super output areas - lower layer,298,Age 30 to 44,0.0
10978,2011,E01000889,2011 super output areas - lower layer,298,Age 45 to 59,0.0
10979,2011,E01000889,2011 super output areas - lower layer,298,Age 60 to 64,0.0
10980,2011,E01000889,2011 super output areas - lower layer,298,Age 65 to 74,0.0
10981,2011,E01000889,2011 super output areas - lower layer,298,Age 75 to 84,0.0
10982,2011,E01000889,2011 super output areas - lower layer,298,Age 85 to 89,0.0
10983,2011,E01000889,2011 super output areas - lower layer,298,Age 90 and over,0.0
10984,2011,E01000889,2011 super output areas - lower layer,298,Mean Age,
10985,2011,E01000889,2011 super output areas - lower layer,298,Median Age,0.5
10986,2011,E01000889,2011 super output areas - lower layer,298,All usual residents,0.0
10987,2011,E01000889,2011 super output areas - lower layer,298,Age 0 to 4,0.0
10988,2011,E01000889,2011 super output areas - lower layer,298,Age 5 to 7,0.0
10989,2011,E01000889,2011 super output areas - lower layer,298,Age 8 to 9,0.0
10990,2011,E01000889,2011 super output areas - lower layer,298,Age 10 to 14,0.0
10991,2011,E01000889,2011 super output areas - lower layer,298,Age 15,0.0
10992,2011,E01000889,2011 super output areas - lower layer,298,Age 16 to 17,0.0
10993,2011,E01000889,2011 super output areas - lower layer,298,Age 18 to 19,0.0
10994,2011,E01000889,2011 super output areas - lower layer,298,Age 20 to 24,0.0
10995,2011,E01000889,2011 super output areas - lower layer,298,Age 25 to 29,0.0
10996,2011,E01000889,2011 super output areas - lower layer,298,Age 30 to 44,0.0
10997,2011,E01000889,2011 super output areas - lower layer,298,Age 45 to 59,0.0
10998,2011,E01000889,2011 super output areas - lower layer,298,Age 60 to 64,0.0
10999,2011,E01000889,2011 super output areas - lower layer,298,Age 65 to 74,0.0
11000,2011,E01000889,2011 super output areas - lower layer,298,Age 75 to 84,0.0
11001,2011,E01000889,2011 super output areas - lower layer,298,Age 85 to 89,0.0
11002,2011,E01000889,2011 super output areas - lower layer,298,Age 90 and over,0.0
11003,2011,E01000889,2011 super output areas - lower layer,298,Mean Age,
11004,2011,E01000889,2011 super output areas - lower layer,298,Median Age,0.5
11005,2011,E01000889,2011 super output areas - lower layer,298,All usual residents,0.0
11006,2011,E01000889,2011 super output areas - lower layer,298,Age 0 to 4,0.0
11007,2011,E01000889,2011 super output areas - lower layer,298,Age 5 to 7,0.0
11008,2011,E01000889,2011 super output areas - lower layer,298,Age 8 to 9,0.0
11009,2011,E01000889,2011 super output areas - lower layer,298,Age 10 to 14,0.0
11010,2011,E01000889,2011 super output areas - lower layer,298,Age 15,0.0
11011,2011,E01000889,2011 super output areas - lower layer,298,Age 16 to 17,0.0
11012,2011,E01000889,2011 super output areas - lower layer,298,Age 18 to 19,0.0
11013,2011,E01000889,2011 super output areas - lower layer,298,Age 20 to 24,0.0
11014,2011,E01000889,2011 super output areas - lower layer,298,Age 25 to 29,0.0
11015,2011,E01000889,2011 super output areas - lower layer,298,Age 30 to 44,0.0
11016,2011,E01000889,2011 super output areas - lower layer,298,Age 45 to 59,0.0
11017,2011,E01000889,2011 super output areas - lower layer,298,Age 60 to 64,0.0
11018,2011,E01000889,2011 super output areas - lower layer,298,Age 65 to 74,0.0
11019,2011,E01000889,2011 super output areas - lower layer,298,Age 75 to 84,0.0
11020,2011,E01000889,2011 super output areas - lower layer,298,Age 85 to 89,0.0
11021,2011,E01000889,2011 super output areas - lower layer,298,Age 90 and over,0.0
11022,2011,E01000889,2011 super output areas - lower layer,298,Mean Age,
11023,2011,E01000889,2011 super output areas - lower layer,298,Median Age,0.5
11024,2011,E01000889,2011 super output areas - lower layer,298,All usual residents,0.0
11025,2011,E01000889,2011 super output areas - lower layer,298,Age 0 to 4,0.0
11026,2011,E01000889,2011 super output areas - lower layer,298,Age 5 to 7,0.0
11027,2011,E01000889,2011 super output areas - lower layer,298,Age 8 to 9,0.0
11028,2011,E01000889,2011 super output areas - lower layer,298,Age 10 to 14,0.0
11029,2011,E01000889,2011 super output areas - lower layer,298,Age 15,0.0
11030,2011,E01000889,2011 super output areas - lower layer,298,Age 16 to 17,0.0
11031,2011,E01000889,2011 super output areas - lower layer,298,Age 18 to 19,0.0
11032,2011,E01000889,2011 super output areas - lower layer,298,Age 20 to 24,0.0
11033,2011,E01000889,2011 super output areas - lower layer,298,Age 25 to 29,0.0
11034,2011,E01000889,2011 super output areas - lower layer,298,Age 30 to 44,0.0
11035,2011,E01000889,2011 super output areas - lower layer,298,Age 45 to 59,0.0
11036,2011,E01000889,2011 super output areas - lower layer,298,Age 60 to 64,0.0
11037,2011,E01000889,2011 super output areas - lower layer,298,Age 65 to 74,0.0
11038,2011,E01000889,2011 super output areas - lower layer,298,Age 75 to 84,0.0
11039,2011,E01000889,2011 super output areas - lower layer,298,Age 85 to 89,0.0
11040,2011,E01000889,2011 super output areas - lower layer,298,Age 90 and over,0.0
11041,2011,E01000889,2011 super output areas - lower layer,298,Mean Age,
11042,2011,E01000889,2011 super output areas - lower layer,298,Median Age,0.5
11043,2011,E01000889,2011 super output areas - lower layer,298,All usual residents,0.0
11044,2011,E01000889,2011 super output areas - lower layer,298,Age 0 to 4,0.0
11045,2011,E01000889,2011 super output areas - lower layer,298,Age 5 to 7,0.0
11046,2011,E01000889,2011 super output areas - lower layer,298,Age 8 to 9,0.0
11047,2011,E01000889,2011 super output areas - lower layer,298,Age 10 to 14,0.0
11048,2011,E01000889,2011 super output areas - lower layer,298,Age 15,0.0
11049,2011,E01000889,2011 super output areas - lower layer,298,Age 16 to 17,0.0
11050,2011,E01000889,2011 super output areas - lower layer,298,Age 18 to 19,0.0
11051,2011,E01000889,2011 super output areas - lower layer,298,Age 20 to 24,0.0
11052,2011,E01000889,2011 super output areas - lower layer,298,Age 25 to 29,0.0
11053,2011,E01000889,2011 super output areas - lower layer,298,Age 30 to 44,0.0
11054,2011,E01000889,2011 super output areas - lower layer,298,Age 45 to 59,0.0
11055,2011,E01000889,2011 super output areas - lower layer,298,Age 60 to 64,0.0
11056,2011,E01000889,2011 super output areas - lower layer,298,Age 65 to 74,0.0
11057,2011,E01000889,2011 super output areas - lower layer,298,Age 75 to 84,0.0
11058,2011,E01000889,2011 super output areas - lower layer,298,Age 85 to 89,0.0
11059,2011,E01000889,2011 super output areas - lower layer,298,Age 90 and over,0.0
11060,2011,E01000889,2011 super output areas - lower layer,298,Mean Age,
11061,2011,E01000889,2011 super output areas - lower layer,298,Median Age,0.5
11062,2011,E01000889,2011 super output areas - lower layer,298,All usual residents,0.0
11063,2011,E01000889,2011 super output areas - lower layer,298,Age 0 to 4,0.0
11064,2011,E01000889,2011 super output areas - lower layer,298,Age 5 to 7,0.0
11065,2011,E01000889,2011 super output areas - lower layer,298,Age 8 to 9,0.0
11066,2011,E01000889,2011 super output areas - lower layer,298,Age 10 to 14,0.0
11067,2011,E01000889,2011 super output areas - lower layer,298,Age 15,0.0
11068,2011,E01000889,2011 super output areas - lower layer,298,Age 16 to 17,0.0
11069,2011,E01000889,2011 super output areas - lower layer,298,Age 18 to 19,0.0
11070,2011,E01000889,2011 super output areas - lower layer,298,Age 20 to 24,0.0
11071,2011,E01000889,2011 super output areas - lower layer,298,Age 25 to 29,0.0
11072,2011,E01000889,2011 super output areas - lower layer,298,Age 30 to 44,0.0
11073,2011,E01000889,2011 super output areas - lower layer,298,Age 45 to 59,0.0
11074,2011,E01000889,2011 super output areas - lower layer,298,Age 60 to 64,0.0
11075,2011,E01000889,2011 super output areas - lower layer,298,Age 65 to 74,0.0
11076,2011,E01000889,2011 super output areas - lower layer,298,Age 75 to 84,0.0
11077,2011,E01000889,2011 super output areas - lower layer,298,Age 85 to 89,0.0
11078,2011,E01000889,2011 super output areas - lower layer,298,Age 90 and over,0.0
11079,2011,E01000889,2011 super output areas - lower layer,298,Mean Age,
11080,2011,E01000889,2011 super output areas - lower layer,298,Median Age,0.5
11081,2011,E01000889,2011 super output areas - lower layer,298,All usual residents,0.0
11082,2011,E01000889,2011 super output areas - lower layer,298,Age 0 to 4,0.0
11083,2011,E01000889,2011 super output areas - lower layer,298,Age 5 to 7,0.0
11084,2011,E01000889,2011 super output areas - lower layer,298,Age 8 to 9,0.0
11085,2011,E01000889,2011 super output areas - lower layer,298,Age 10 to 14,0.0
11086,2011,E01000889,2011 super output areas - lower layer,298,Age 15,0.0
11087,2011,E01000889,2011 super output areas - lower layer,298,Age 16 to 17,0.0
11088,2011,E01000889,2011 super output areas - lower layer,298,Age 18 to 19,0.0
11089,2011,E01000889,2011 super output areas - lower layer,298,Age 20 to 24,0.0
11090,2011,E01000889,2011 super output areas - lower layer,298,Age 25 to 29,0.0
11091,2011,E01000889,2011 super output areas - lower layer,298,Age 30 to 44,0.0
11092,2011,E01000889,2011 super output areas - lower layer,298,Age 45 to 59,0.0
11093,2011,E01000889,2011 super output areas - lower layer,298,Age 60 to 64,0.0
11094,2011,E01000889,2011 super output areas - lower layer,298,Age 65 to 74,0.0
11095,2011,E01000889,2011 super output areas - lower layer,298,Age 75 to 84,0.0
11096,2011,E01000889,2011 super output areas - lower layer,298,Age 85 to 89,0.0
11097,2011,E01000889,2011 super output areas - lower layer,298,Age 90 and over,0.0
11098,2011,E01000889,2011 super output areas - lower layer,298,Mean Age,
11099,2011,E01000889,2011 super output areas - lower layer,298,Median Age,0.5
11100,2011,E01000889,2011 super output areas - lower layer,298,All usual residents,0.0
11101,2011,E01000889,2011 super output areas - lower layer,298,Age 0 to 4,0.0
11102,2011,E01000889,2011 super output areas - lower layer,298,Age 5 to 7,0.0
11103,2011,E01000889,2011 super output areas - lower layer,298,Age 8 to 9,0.0
11104,2011,E01000889,2011 super output areas - lower layer,298,Age 10 to 14,0.0
11105,2011,E01000889,2011 super output areas - lower layer,298,Age 15,0.0
11106,2011,E01000889,2011 super output areas - lower layer,298,Age 16 to 17,0.0
11107,2011,E01000889,2011 super output areas - lower layer,298,Age 18 to 19,0.0
11108,2011,E01000889,2011 super output areas - lower layer,298,Age 20 to 24,0.0
11109,2011,E01000889,2011 super output areas - lower layer,298,Age 25 to 29,0.0
11110,2011,E01000889,2011 super output areas - lower layer,298,Age 30 to 44,0.0
11111,2011,E01000889,2011 super output areas - lower layer,298,Age 45 to 59,0.0
11112,2011,E01000889,2011 super output areas - lower layer,298,Age 60 to 64,0.0
11113,2011,E01000889,2011 super output areas - lower layer,298,Age 65 to 74,0.0
11114,2011,E01000889,2011 super output areas - lower layer,298,Age 75 to 84,0.0
11115,2011,E01000889,2011 super output areas - lower layer,298,Age 85 to 89,0.0
11116,2011,E01000889,2011 super output areas - lower layer,298,Age 90 and over,0.0
11117,2011,E01000889,2011 super output areas - lower layer,298,Mean Age,
11118,2011,E01000889,2011 super output areas - lower layer,298,Median Age,0.5
11119,2011,E01000890,2011 super output areas - lower layer,298,All usual residents,1640.0
11120,2011,E01000890,2011 super output areas - lower layer,298,Age 0 to 4,94.0
11121,2011,E01000890,2011 super output areas - lower layer,298,Age 5 to 7,59.0
11122,2011,E01000890,2011 super output areas - lower layer,298,Age 8 to 9,46.0
11123,2011,E01000890,2011 super output areas - lower layer,298,Age 10 to 14,99.0
11124,2011,E01000890,2011 super output areas - lower layer,298,Age 15,21.0
11125,2011,E01000890,2011 super output areas - lower layer,298,Age 16 to 17,47.0
11126,2011,E01000890,2011 super output areas - lower layer,298,Age 18 to 19,42.0
11127,2011,E01000890,2011 super output areas - lower layer,298,Age 20 to 24,107.0
11128,2011,E01000890,2011 super output areas - lower layer,298,Age 25 to 29,120.0
11129,2011,E01000890,2011 super output areas - lower layer,298,Age 30 to 44,311.0
11130,2011,E01000890,2011 super output areas - lower layer,298,Age 45 to 59,353.0
11131,2011,E01000890,2011 super output areas - lower layer,298,Age 60 to 64,69.0
11132,2011,E01000890,2011 super output areas - lower layer,298,Age 65 to 74,137.0
11133,2011,E01000890,2011 super output areas - lower layer,298,Age 75 to 84,101.0
11134,2011,E01000890,2011 super output areas - lower layer,298,Age 85 to 89,26.0
11135,2011,E01000890,2011 super output areas - lower layer,298,Age 90 and over,8.0
11136,2011,E01000890,2011 super output areas - lower layer,298,Mean Age,39.2
11137,2011,E01000890,2011 super output areas - lower layer,298,Median Age,39.0
11138,2011,E01000890,2011 super output areas - lower layer,298,All usual residents,0.0
11139,2011,E01000890,2011 super output areas - lower layer,298,Age 0 to 4,0.0
11140,2011,E01000890,2011 super output areas - lower layer,298,Age 5 to 7,0.0
11141,2011,E01000890,2011 super output areas - lower layer,298,Age 8 to 9,0.0
11142,2011,E01000890,2011 super output areas - lower layer,298,Age 10 to 14,0.0
11143,2011,E01000890,2011 super output areas - lower layer,298,Age 15,0.0
11144,2011,E01000890,2011 super output areas - lower layer,298,Age 16 to 17,0.0
11145,2011,E01000890,2011 super output areas - lower layer,298,Age 18 to 19,0.0
11146,2011,E01000890,2011 super output areas - lower layer,298,Age 20 to 24,0.0
11147,2011,E01000890,2011 super output areas - lower layer,298,Age 25 to 29,0.0
11148,2011,E01000890,2011 super output areas - lower layer,298,Age 30 to 44,0.0
11149,2011,E01000890,2011 super output areas - lower layer,298,Age 45 to 59,0.0
11150,2011,E01000890,2011 super output areas - lower layer,298,Age 60 to 64,0.0
11151,2011,E01000890,2011 super output areas - lower layer,298,Age 65 to 74,0.0
11152,2011,E01000890,2011 super output areas - lower layer,298,Age 75 to 84,0.0
11153,2011,E01000890,2011 super output areas - lower layer,298,Age 85 to 89,0.0
11154,2011,E01000890,2011 super output areas - lower layer,298,Age 90 and over,0.0
11155,2011,E01000890,2011 super output areas - lower layer,298,Mean Age,
11156,2011,E01000890,2011 super output areas - lower layer,298,Median Age,0.5
11157,2011,E01000890,2011 super output areas - lower layer,298,All usual residents,0.0
11158,2011,E01000890,2011 super output areas - lower layer,298,Age 0 to 4,0.0
11159,2011,E01000890,2011 super output areas - lower layer,298,Age 5 to 7,0.0
11160,2011,E01000890,2011 super output areas - lower layer,298,Age 8 to 9,0.0
11161,2011,E01000890,2011 super output areas - lower layer,298,Age 10 to 14,0.0
11162,2011,E01000890,2011 super output areas - lower layer,298,Age 15,0.0
11163,2011,E01000890,2011 super output areas - lower layer,298,Age 16 to 17,0.0
11164,2011,E01000890,2011 super output areas - lower layer,298,Age 18 to 19,0.0
11165,2011,E01000890,2011 super output areas - lower layer,298,Age 20 to 24,0.0
11166,2011,E01000890,2011 super output areas - lower layer,298,Age 25 to 29,0.0
11167,2011,E01000890,2011 super output areas - lower layer,298,Age 30 to 44,0.0
11168,2011,E01000890,2011 super output areas - lower layer,298,Age 45 to 59,0.0
11169,2011,E01000890,2011 super output areas - lower layer,298,Age 60 to 64,0.0
11170,2011,E01000890,2011 super output areas - lower layer,298,Age 65 to 74,0.0
11171,2011,E01000890,2011 super output areas - lower layer,298,Age 75 to 84,0.0
11172,2011,E01000890,2011 super output areas - lower layer,298,Age 85 to 89,0.0
11173,2011,E01000890,2011 super output areas - lower layer,298,Age 90 and over,0.0
11174,2011,E01000890,2011 super output areas - lower layer,298,Mean Age,
11175,2011,E01000890,2011 super output areas - lower layer,298,Median Age,0.5
11176,2011,E01000890,2011 super output areas - lower layer,298,All usual residents,0.0
11177,2011,E01000890,2011 super output areas - lower layer,298,Age 0 to 4,0.0
11178,2011,E01000890,2011 super output areas - lower layer,298,Age 5 to 7,0.0
11179,2011,E01000890,2011 super output areas - lower layer,298,Age 8 to 9,0.0
11180,2011,E01000890,2011 super output areas - lower layer,298,Age 10 to 14,0.0
11181,2011,E01000890,2011 super output areas - lower layer,298,Age 15,0.0
11182,2011,E01000890,2011 super output areas - lower layer,298,Age 16 to 17,0.0
11183,2011,E01000890,2011 super output areas - lower layer,298,Age 18 to 19,0.0
11184,2011,E01000890,2011 super output areas - lower layer,298,Age 20 to 24,0.0
11185,2011,E01000890,2011 super output areas - lower layer,298,Age 25 to 29,0.0
11186,2011,E01000890,2011 super output areas - lower layer,298,Age 30 to 44,0.0
11187,2011,E01000890,2011 super output areas - lower layer,298,Age 45 to 59,0.0
11188,2011,E01000890,2011 super output areas - lower layer,298,Age 60 to 64,0.0
11189,2011,E01000890,2011 super output areas - lower layer,298,Age 65 to 74,0.0
11190,2011,E01000890,2011 super output areas - lower layer,298,Age 75 to 84,0.0
11191,2011,E01000890,2011 super output areas - lower layer,298,Age 85 to 89,0.0
11192,2011,E01000890,2011 super output areas - lower layer,298,Age 90 and over,0.0
11193,2011,E01000890,2011 super output areas - lower layer,298,Mean Age,
11194,2011,E01000890,2011 super output areas - lower layer,298,Median Age,0.5
11195,2011,E01000890,2011 super output areas - lower layer,298,All usual residents,0.0
11196,2011,E01000890,2011 super output areas - lower layer,298,Age 0 to 4,0.0
11197,2011,E01000890,2011 super output areas - lower layer,298,Age 5 to 7,0.0
11198,2011,E01000890,2011 super output areas - lower layer,298,Age 8 to 9,0.0
11199,2011,E01000890,2011 super output areas - lower layer,298,Age 10 to 14,0.0
11200,2011,E01000890,2011 super output areas - lower layer,298,Age 15,0.0
11201,2011,E01000890,2011 super output areas - lower layer,298,Age 16 to 17,0.0
11202,2011,E01000890,2011 super output areas - lower layer,298,Age 18 to 19,0.0
11203,2011,E01000890,2011 super output areas - lower layer,298,Age 20 to 24,0.0
11204,2011,E01000890,2011 super output areas - lower layer,298,Age 25 to 29,0.0
11205,2011,E01000890,2011 super output areas - lower layer,298,Age 30 to 44,0.0
11206,2011,E01000890,2011 super output areas - lower layer,298,Age 45 to 59,0.0
11207,2011,E01000890,2011 super output areas - lower layer,298,Age 60 to 64,0.0
11208,2011,E01000890,2011 super output areas - lower layer,298,Age 65 to 74,0.0
11209,2011,E01000890,2011 super output areas - lower layer,298,Age 75 to 84,0.0
11210,2011,E01000890,2011 super output areas - lower layer,298,Age 85 to 89,0.0
11211,2011,E01000890,2011 super output areas - lower layer,298,Age 90 and over,0.0
11212,2011,E01000890,2011 super output areas - lower layer,298,Mean Age,
11213,2011,E01000890,2011 super output areas - lower layer,298,Median Age,0.5
11214,2011,E01000890,2011 super output areas - lower layer,298,All usual residents,0.0
11215,2011,E01000890,2011 super output areas - lower layer,298,Age 0 to 4,0.0
11216,2011,E01000890,2011 super output areas - lower layer,298,Age 5 to 7,0.0
11217,2011,E01000890,2011 super output areas - lower layer,298,Age 8 to 9,0.0
11218,2011,E01000890,2011 super output areas - lower layer,298,Age 10 to 14,0.0
11219,2011,E01000890,2011 super output areas - lower layer,298,Age 15,0.0
11220,2011,E01000890,2011 super output areas - lower layer,298,Age 16 to 17,0.0
11221,2011,E01000890,2011 super output areas - lower layer,298,Age 18 to 19,0.0
11222,2011,E01000890,2011 super output areas - lower layer,298,Age 20 to 24,0.0
11223,2011,E01000890,2011 super output areas - lower layer,298,Age 25 to 29,0.0
11224,2011,E01000890,2011 super output areas - lower layer,298,Age 30 to 44,0.0
11225,2011,E01000890,2011 super output areas - lower layer,298,Age 45 to 59,0.0
11226,2011,E01000890,2011 super output areas - lower layer,298,Age 60 to 64,0.0
11227,2011,E01000890,2011 super output areas - lower layer,298,Age 65 to 74,0.0
11228,2011,E01000890,2011 super output areas - lower layer,298,Age 75 to 84,0.0
11229,2011,E01000890,2011 super output areas - lower layer,298,Age 85 to 89,0.0
11230,2011,E01000890,2011 super output areas - lower layer,298,Age 90 and over,0.0
11231,2011,E01000890,2011 super output areas - lower layer,298,Mean Age,
11232,2011,E01000890,2011 super output areas - lower layer,298,Median Age,0.5
11233,2011,E01000890,2011 super output areas - lower layer,298,All usual residents,0.0
11234,2011,E01000890,2011 super output areas - lower layer,298,Age 0 to 4,0.0
11235,2011,E01000890,2011 super output areas - lower layer,298,Age 5 to 7,0.0
11236,2011,E01000890,2011 super output areas - lower layer,298,Age 8 to 9,0.0
11237,2011,E01000890,2011 super output areas - lower layer,298,Age 10 to 14,0.0
11238,2011,E01000890,2011 super output areas - lower layer,298,Age 15,0.0
11239,2011,E01000890,2011 super output areas - lower layer,298,Age 16 to 17,0.0
11240,2011,E01000890,2011 super output areas - lower layer,298,Age 18 to 19,0.0
11241,2011,E01000890,2011 super output areas - lower layer,298,Age 20 to 24,0.0
11242,2011,E01000890,2011 super output areas - lower layer,298,Age 25 to 29,0.0
11243,2011,E01000890,2011 super output areas - lower layer,298,Age 30 to 44,0.0
11244,2011,E01000890,2011 super output areas - lower layer,298,Age 45 to 59,0.0
11245,2011,E01000890,2011 super output areas - lower layer,298,Age 60 to 64,0.0
11246,2011,E01000890,2011 super output areas - lower layer,298,Age 65 to 74,0.0
11247,2011,E01000890,2011 super output areas - lower layer,298,Age 75 to 84,0.0
11248,2011,E01000890,2011 super output areas - lower layer,298,Age 85 to 89,0.0
11249,2011,E01000890,2011 super output areas - lower layer,298,Age 90 and over,0.0
11250,2011,E01000890,2011 super output areas - lower layer,298,Mean Age,
11251,2011,E01000890,2011 super output areas - lower layer,298,Median Age,0.5
11252,2011,E01000890,2011 super output areas - lower layer,298,All usual residents,0.0
11253,2011,E01000890,2011 super output areas - lower layer,298,Age 0 to 4,0.0
11254,2011,E01000890,2011 super output areas - lower layer,298,Age 5 to 7,0.0
11255,2011,E01000890,2011 super output areas - lower layer,298,Age 8 to 9,0.0
11256,2011,E01000890,2011 super output areas - lower layer,298,Age 10 to 14,0.0
11257,2011,E01000890,2011 super output areas - lower layer,298,Age 15,0.0
11258,2011,E01000890,2011 super output areas - lower layer,298,Age 16 to 17,0.0
11259,2011,E01000890,2011 super output areas - lower layer,298,Age 18 to 19,0.0
11260,2011,E01000890,2011 super output areas - lower layer,298,Age 20 to 24,0.0
11261,2011,E01000890,2011 super output areas - lower layer,298,Age 25 to 29,0.0
11262,2011,E01000890,2011 super output areas - lower layer,298,Age 30 to 44,0.0
11263,2011,E01000890,2011 super output areas - lower layer,298,Age 45 to 59,0.0
11264,2011,E01000890,2011 super output areas - lower layer,298,Age 60 to 64,0.0
11265,2011,E01000890,2011 super output areas - lower layer,298,Age 65 to 74,0.0
11266,2011,E01000890,2011 super output areas - lower layer,298,Age 75 to 84,0.0
11267,2011,E01000890,2011 super output areas - lower layer,298,Age 85 to 89,0.0
11268,2011,E01000890,2011 super output areas - lower layer,298,Age 90 and over,0.0
11269,2011,E01000890,2011 super output areas - lower layer,298,Mean Age,
11270,2011,E01000890,2011 super output areas - lower layer,298,Median Age,0.5
11271,2011,E01000890,2011 super output areas - lower layer,298,All usual residents,0.0
11272,2011,E01000890,2011 super output areas - lower layer,298,Age 0 to 4,0.0
11273,2011,E01000890,2011 super output areas - lower layer,298,Age 5 to 7,0.0
11274,2011,E01000890,2011 super output areas - lower layer,298,Age 8 to 9,0.0
11275,2011,E01000890,2011 super output areas - lower layer,298,Age 10 to 14,0.0
11276,2011,E01000890,2011 super output areas - lower layer,298,Age 15,0.0
11277,2011,E01000890,2011 super output areas - lower layer,298,Age 16 to 17,0.0
11278,2011,E01000890,2011 super output areas - lower layer,298,Age 18 to 19,0.0
11279,2011,E01000890,2011 super output areas - lower layer,298,Age 20 to 24,0.0
11280,2011,E01000890,2011 super output areas - lower layer,298,Age 25 to 29,0.0
11281,2011,E01000890,2011 super output areas - lower layer,298,Age 30 to 44,0.0
11282,2011,E01000890,2011 super output areas - lower layer,298,Age 45 to 59,0.0
11283,2011,E01000890,2011 super output areas - lower layer,298,Age 60 to 64,0.0
11284,2011,E01000890,2011 super output areas - lower layer,298,Age 65 to 74,0.0
11285,2011,E01000890,2011 super output areas - lower layer,298,Age 75 to 84,0.0
11286,2011,E01000890,2011 super output areas - lower layer,298,Age 85 to 89,0.0
11287,2011,E01000890,2011 super output areas - lower layer,298,Age 90 and over,0.0
11288,2011,E01000890,2011 super output areas - lower layer,298,Mean Age,
11289,2011,E01000890,2011 super output areas - lower layer,298,Median Age,0.5
11290,2011,E01000890,2011 super output areas - lower layer,298,All usual residents,0.0
11291,2011,E01000890,2011 super output areas - lower layer,298,Age 0 to 4,0.0
11292,2011,E01000890,2011 super output areas - lower layer,298,Age 5 to 7,0.0
11293,2011,E01000890,2011 super output areas - lower layer,298,Age 8 to 9,0.0
11294,2011,E01000890,2011 super output areas - lower layer,298,Age 10 to 14,0.0
11295,2011,E01000890,2011 super output areas - lower layer,298,Age 15,0.0
11296,2011,E01000890,2011 super output areas - lower layer,298,Age 16 to 17,0.0
11297,2011,E01000890,2011 super output areas - lower layer,298,Age 18 to 19,0.0
11298,2011,E01000890,2011 super output areas - lower layer,298,Age 20 to 24,0.0
11299,2011,E01000890,2011 super output areas - lower layer,298,Age 25 to 29,0.0
11300,2011,E01000890,2011 super output areas - lower layer,298,Age 30 to 44,0.0
11301,2011,E01000890,2011 super output areas - lower layer,298,Age 45 to 59,0.0
11302,2011,E01000890,2011 super output areas - lower layer,298,Age 60 to 64,0.0
11303,2011,E01000890,2011 super output areas - lower layer,298,Age 65 to 74,0.0
11304,2011,E01000890,2011 super output areas - lower layer,298,Age 75 to 84,0.0
11305,2011,E01000890,2011 super output areas - lower layer,298,Age 85 to 89,0.0
11306,2011,E01000890,2011 super output areas - lower layer,298,Age 90 and over,0.0
11307,2011,E01000890,2011 super output areas - lower layer,298,Mean Age,
11308,2011,E01000890,2011 super output areas - lower layer,298,Median Age,0.5
11309,2011,E01000890,2011 super output areas - lower layer,298,All usual residents,0.0
11310,2011,E01000890,2011 super output areas - lower layer,298,Age 0 to 4,0.0
11311,2011,E01000890,2011 super output areas - lower layer,298,Age 5 to 7,0.0
11312,2011,E01000890,2011 super output areas - lower layer,298,Age 8 to 9,0.0
11313,2011,E01000890,2011 super output areas - lower layer,298,Age 10 to 14,0.0
11314,2011,E01000890,2011 super output areas - lower layer,298,Age 15,0.0
11315,2011,E01000890,2011 super output areas - lower layer,298,Age 16 to 17,0.0
11316,2011,E01000890,2011 super output areas - lower layer,298,Age 18 to 19,0.0
11317,2011,E01000890,2011 super output areas - lower layer,298,Age 20 to 24,0.0
11318,2011,E01000890,2011 super output areas - lower layer,298,Age 25 to 29,0.0
11319,2011,E01000890,2011 super output areas - lower layer,298,Age 30 to 44,0.0
11320,2011,E01000890,2011 super output areas - lower layer,298,Age 45 to 59,0.0
11321,2011,E01000890,2011 super output areas - lower layer,298,Age 60 to 64,0.0
11322,2011,E01000890,2011 super output areas - lower layer,298,Age 65 to 74,0.0
11323,2011,E01000890,2011 super output areas - lower layer,298,Age 75 to 84,0.0
11324,2011,E01000890,2011 super output areas - lower layer,298,Age 85 to 89,0.0
11325,2011,E01000890,2011 super output areas - lower layer,298,Age 90 and over,0.0
11326,2011,E01000890,2011 super output areas - lower layer,298,Mean Age,
11327,2011,E01000890,2011 super output areas - lower layer,298,Median Age,0.5
11328,2011,E01000890,2011 super output areas - lower layer,298,All usual residents,0.0
11329,2011,E01000890,2011 super output areas - lower layer,298,Age 0 to 4,0.0
11330,2011,E01000890,2011 super output areas - lower layer,298,Age 5 to 7,0.0
11331,2011,E01000890,2011 super output areas - lower layer,298,Age 8 to 9,0.0
11332,2011,E01000890,2011 super output areas - lower layer,298,Age 10 to 14,0.0
11333,2011,E01000890,2011 super output areas - lower layer,298,Age 15,0.0
11334,2011,E01000890,2011 super output areas - lower layer,298,Age 16 to 17,0.0
11335,2011,E01000890,2011 super output areas - lower layer,298,Age 18 to 19,0.0
11336,2011,E01000890,2011 super output areas - lower layer,298,Age 20 to 24,0.0
11337,2011,E01000890,2011 super output areas - lower layer,298,Age 25 to 29,0.0
11338,2011,E01000890,2011 super output areas - lower layer,298,Age 30 to 44,0.0
11339,2011,E01000890,2011 super output areas - lower layer,298,Age 45 to 59,0.0
11340,2011,E01000890,2011 super output areas - lower layer,298,Age 60 to 64,0.0
11341,2011,E01000890,2011 super output areas - lower layer,298,Age 65 to 74,0.0
11342,2011,E01000890,2011 super output areas - lower layer,298,Age 75 to 84,0.0
11343,2011,E01000890,2011 super output areas - lower layer,298,Age 85 to 89,0.0
11344,2011,E01000890,2011 super output areas - lower layer,298,Age 90 and over,0.0
11345,2011,E01000890,2011 super output areas - lower layer,298,Mean Age,
11346,2011,E01000890,2011 super output areas - lower layer,298,Median Age,0.5
11347,2011,E01000890,2011 super output areas - lower layer,298,All usual residents,0.0
11348,2011,E01000890,2011 super output areas - lower layer,298,Age 0 to 4,0.0
11349,2011,E01000890,2011 super output areas - lower layer,298,Age 5 to 7,0.0
11350,2011,E01000890,2011 super output areas - lower layer,298,Age 8 to 9,0.0
11351,2011,E01000890,2011 super output areas - lower layer,298,Age 10 to 14,0.0
11352,2011,E01000890,2011 super output areas - lower layer,298,Age 15,0.0
11353,2011,E01000890,2011 super output areas - lower layer,298,Age 16 to 17,0.0
11354,2011,E01000890,2011 super output areas - lower layer,298,Age 18 to 19,0.0
11355,2011,E01000890,2011 super output areas - lower layer,298,Age 20 to 24,0.0
11356,2011,E01000890,2011 super output areas - lower layer,298,Age 25 to 29,0.0
11357,2011,E01000890,2011 super output areas - lower layer,298,Age 30 to 44,0.0
11358,2011,E01000890,2011 super output areas - lower layer,298,Age 45 to 59,0.0
11359,2011,E01000890,2011 super output areas - lower layer,298,Age 60 to 64,0.0
11360,2011,E01000890,2011 super output areas - lower layer,298,Age 65 to 74,0.0
11361,2011,E01000890,2011 super output areas - lower layer,298,Age 75 to 84,0.0
11362,2011,E01000890,2011 super output areas - lower layer,298,Age 85 to 89,0.0
11363,2011,E01000890,2011 super output areas - lower layer,298,Age 90 and over,0.0
11364,2011,E01000890,2011 super output areas - lower layer,298,Mean Age,
11365,2011,E01000890,2011 super output areas - lower layer,298,Median Age,0.5
11366,2011,E01000891,2011 super output areas - lower layer,298,All usual residents,1575.0
11367,2011,E01000891,2011 super output areas - lower layer,298,Age 0 to 4,101.0
11368,2011,E01000891,2011 super output areas - lower layer,298,Age 5 to 7,69.0
11369,2011,E01000891,2011 super output areas - lower layer,298,Age 8 to 9,32.0
11370,2011,E01000891,2011 super output areas - lower layer,298,Age 10 to 14,115.0
11371,2011,E01000891,2011 super output areas - lower layer,298,Age 15,24.0
11372,2011,E01000891,2011 super output areas - lower layer,298,Age 16 to 17,47.0
11373,2011,E01000891,2011 super output areas - lower layer,298,Age 18 to 19,42.0
11374,2011,E01000891,2011 super output areas - lower layer,298,Age 20 to 24,144.0
11375,2011,E01000891,2011 super output areas - lower layer,298,Age 25 to 29,186.0
11376,2011,E01000891,2011 super output areas - lower layer,298,Age 30 to 44,322.0
11377,2011,E01000891,2011 super output areas - lower layer,298,Age 45 to 59,245.0
11378,2011,E01000891,2011 super output areas - lower layer,298,Age 60 to 64,60.0
11379,2011,E01000891,2011 super output areas - lower layer,298,Age 65 to 74,92.0
11380,2011,E01000891,2011 super output areas - lower layer,298,Age 75 to 84,59.0
11381,2011,E01000891,2011 super output areas - lower layer,298,Age 85 to 89,27.0
11382,2011,E01000891,2011 super output areas - lower layer,298,Age 90 and over,10.0
11383,2011,E01000891,2011 super output areas - lower layer,298,Mean Age,34.7
11384,2011,E01000891,2011 super output areas - lower layer,298,Median Age,31.0
11385,2011,E01000891,2011 super output areas - lower layer,298,All usual residents,0.0
11386,2011,E01000891,2011 super output areas - lower layer,298,Age 0 to 4,0.0
11387,2011,E01000891,2011 super output areas - lower layer,298,Age 5 to 7,0.0
11388,2011,E01000891,2011 super output areas - lower layer,298,Age 8 to 9,0.0
11389,2011,E01000891,2011 super output areas - lower layer,298,Age 10 to 14,0.0
11390,2011,E01000891,2011 super output areas - lower layer,298,Age 15,0.0
11391,2011,E01000891,2011 super output areas - lower layer,298,Age 16 to 17,0.0
11392,2011,E01000891,2011 super output areas - lower layer,298,Age 18 to 19,0.0
11393,2011,E01000891,2011 super output areas - lower layer,298,Age 20 to 24,0.0
11394,2011,E01000891,2011 super output areas - lower layer,298,Age 25 to 29,0.0
11395,2011,E01000891,2011 super output areas - lower layer,298,Age 30 to 44,0.0
11396,2011,E01000891,2011 super output areas - lower layer,298,Age 45 to 59,0.0
11397,2011,E01000891,2011 super output areas - lower layer,298,Age 60 to 64,0.0
11398,2011,E01000891,2011 super output areas - lower layer,298,Age 65 to 74,0.0
11399,2011,E01000891,2011 super output areas - lower layer,298,Age 75 to 84,0.0
11400,2011,E01000891,2011 super output areas - lower layer,298,Age 85 to 89,0.0
11401,2011,E01000891,2011 super output areas - lower layer,298,Age 90 and over,0.0
11402,2011,E01000891,2011 super output areas - lower layer,298,Mean Age,
11403,2011,E01000891,2011 super output areas - lower layer,298,Median Age,0.5
11404,2011,E01000891,2011 super output areas - lower layer,298,All usual residents,0.0
11405,2011,E01000891,2011 super output areas - lower layer,298,Age 0 to 4,0.0
11406,2011,E01000891,2011 super output areas - lower layer,298,Age 5 to 7,0.0
11407,2011,E01000891,2011 super output areas - lower layer,298,Age 8 to 9,0.0
11408,2011,E01000891,2011 super output areas - lower layer,298,Age 10 to 14,0.0
11409,2011,E01000891,2011 super output areas - lower layer,298,Age 15,0.0
11410,2011,E01000891,2011 super output areas - lower layer,298,Age 16 to 17,0.0
11411,2011,E01000891,2011 super output areas - lower layer,298,Age 18 to 19,0.0
11412,2011,E01000891,2011 super output areas - lower layer,298,Age 20 to 24,0.0
11413,2011,E01000891,2011 super output areas - lower layer,298,Age 25 to 29,0.0
11414,2011,E01000891,2011 super output areas - lower layer,298,Age 30 to 44,0.0
11415,2011,E01000891,2011 super output areas - lower layer,298,Age 45 to 59,0.0
11416,2011,E01000891,2011 super output areas - lower layer,298,Age 60 to 64,0.0
11417,2011,E01000891,2011 super output areas - lower layer,298,Age 65 to 74,0.0
11418,2011,E01000891,2011 super output areas - lower layer,298,Age 75 to 84,0.0
11419,2011,E01000891,2011 super output areas - lower layer,298,Age 85 to 89,0.0
11420,2011,E01000891,2011 super output areas - lower layer,298,Age 90 and over,0.0
11421,2011,E01000891,2011 super output areas - lower layer,298,Mean Age,
11422,2011,E01000891,2011 super output areas - lower layer,298,Median Age,0.5
11423,2011,E01000891,2011 super output areas - lower layer,298,All usual residents,0.0
11424,2011,E01000891,2011 super output areas - lower layer,298,Age 0 to 4,0.0
11425,2011,E01000891,2011 super output areas - lower layer,298,Age 5 to 7,0.0
11426,2011,E01000891,2011 super output areas - lower layer,298,Age 8 to 9,0.0
11427,2011,E01000891,2011 super output areas - lower layer,298,Age 10 to 14,0.0
11428,2011,E01000891,2011 super output areas - lower layer,298,Age 15,0.0
11429,2011,E01000891,2011 super output areas - lower layer,298,Age 16 to 17,0.0
11430,2011,E01000891,2011 super output areas - lower layer,298,Age 18 to 19,0.0
11431,2011,E01000891,2011 super output areas - lower layer,298,Age 20 to 24,0.0
11432,2011,E01000891,2011 super output areas - lower layer,298,Age 25 to 29,0.0
11433,2011,E01000891,2011 super output areas - lower layer,298,Age 30 to 44,0.0
11434,2011,E01000891,2011 super output areas - lower layer,298,Age 45 to 59,0.0
11435,2011,E01000891,2011 super output areas - lower layer,298,Age 60 to 64,0.0
11436,2011,E01000891,2011 super output areas - lower layer,298,Age 65 to 74,0.0
11437,2011,E01000891,2011 super output areas - lower layer,298,Age 75 to 84,0.0
11438,2011,E01000891,2011 super output areas - lower layer,298,Age 85 to 89,0.0
11439,2011,E01000891,2011 super output areas - lower layer,298,Age 90 and over,0.0
11440,2011,E01000891,2011 super output areas - lower layer,298,Mean Age,
11441,2011,E01000891,2011 super output areas - lower layer,298,Median Age,0.5
11442,2011,E01000891,2011 super output areas - lower layer,298,All usual residents,0.0
11443,2011,E01000891,2011 super output areas - lower layer,298,Age 0 to 4,0.0
11444,2011,E01000891,2011 super output areas - lower layer,298,Age 5 to 7,0.0
11445,2011,E01000891,2011 super output areas - lower layer,298,Age 8 to 9,0.0
11446,2011,E01000891,2011 super output areas - lower layer,298,Age 10 to 14,0.0
11447,2011,E01000891,2011 super output areas - lower layer,298,Age 15,0.0
11448,2011,E01000891,2011 super output areas - lower layer,298,Age 16 to 17,0.0
11449,2011,E01000891,2011 super output areas - lower layer,298,Age 18 to 19,0.0
11450,2011,E01000891,2011 super output areas - lower layer,298,Age 20 to 24,0.0
11451,2011,E01000891,2011 super output areas - lower layer,298,Age 25 to 29,0.0
11452,2011,E01000891,2011 super output areas - lower layer,298,Age 30 to 44,0.0
11453,2011,E01000891,2011 super output areas - lower layer,298,Age 45 to 59,0.0
11454,2011,E01000891,2011 super output areas - lower layer,298,Age 60 to 64,0.0
11455,2011,E01000891,2011 super output areas - lower layer,298,Age 65 to 74,0.0
11456,2011,E01000891,2011 super output areas - lower layer,298,Age 75 to 84,0.0
11457,2011,E01000891,2011 super output areas - lower layer,298,Age 85 to 89,0.0
11458,2011,E01000891,2011 super output areas - lower layer,298,Age 90 and over,0.0
11459,2011,E01000891,2011 super output areas - lower layer,298,Mean Age,
11460,2011,E01000891,2011 super output areas - lower layer,298,Median Age,0.5
11461,2011,E01000891,2011 super output areas - lower layer,298,All usual residents,0.0
11462,2011,E01000891,2011 super output areas - lower layer,298,Age 0 to 4,0.0
11463,2011,E01000891,2011 super output areas - lower layer,298,Age 5 to 7,0.0
11464,2011,E01000891,2011 super output areas - lower layer,298,Age 8 to 9,0.0
11465,2011,E01000891,2011 super output areas - lower layer,298,Age 10 to 14,0.0
11466,2011,E01000891,2011 super output areas - lower layer,298,Age 15,0.0
11467,2011,E01000891,2011 super output areas - lower layer,298,Age 16 to 17,0.0
11468,2011,E01000891,2011 super output areas - lower layer,298,Age 18 to 19,0.0
11469,2011,E01000891,2011 super output areas - lower layer,298,Age 20 to 24,0.0
11470,2011,E01000891,2011 super output areas - lower layer,298,Age 25 to 29,0.0
11471,2011,E01000891,2011 super output areas - lower layer,298,Age 30 to 44,0.0
11472,2011,E01000891,2011 super output areas - lower layer,298,Age 45 to 59,0.0
11473,2011,E01000891,2011 super output areas - lower layer,298,Age 60 to 64,0.0
11474,2011,E01000891,2011 super output areas - lower layer,298,Age 65 to 74,0.0
11475,2011,E01000891,2011 super output areas - lower layer,298,Age 75 to 84,0.0
11476,2011,E01000891,2011 super output areas - lower layer,298,Age 85 to 89,0.0
11477,2011,E01000891,2011 super output areas - lower layer,298,Age 90 and over,0.0
11478,2011,E01000891,2011 super output areas - lower layer,298,Mean Age,
11479,2011,E01000891,2011 super output areas - lower layer,298,Median Age,0.5
11480,2011,E01000891,2011 super output areas - lower layer,298,All usual residents,0.0
11481,2011,E01000891,2011 super output areas - lower layer,298,Age 0 to 4,0.0
11482,2011,E01000891,2011 super output areas - lower layer,298,Age 5 to 7,0.0
11483,2011,E01000891,2011 super output areas - lower layer,298,Age 8 to 9,0.0
11484,2011,E01000891,2011 super output areas - lower layer,298,Age 10 to 14,0.0
11485,2011,E01000891,2011 super output areas - lower layer,298,Age 15,0.0
11486,2011,E01000891,2011 super output areas - lower layer,298,Age 16 to 17,0.0
11487,2011,E01000891,2011 super output areas - lower layer,298,Age 18 to 19,0.0
11488,2011,E01000891,2011 super output areas - lower layer,298,Age 20 to 24,0.0
11489,2011,E01000891,2011 super output areas - lower layer,298,Age 25 to 29,0.0
11490,2011,E01000891,2011 super output areas - lower layer,298,Age 30 to 44,0.0
11491,2011,E01000891,2011 super output areas - lower layer,298,Age 45 to 59,0.0
11492,2011,E01000891,2011 super output areas - lower layer,298,Age 60 to 64,0.0
11493,2011,E01000891,2011 super output areas - lower layer,298,Age 65 to 74,0.0
11494,2011,E01000891,2011 super output areas - lower layer,298,Age 75 to 84,0.0
11495,2011,E01000891,2011 super output areas - lower layer,298,Age 85 to 89,0.0
11496,2011,E01000891,2011 super output areas - lower layer,298,Age 90 and over,0.0
11497,2011,E01000891,2011 super output areas - lower layer,298,Mean Age,
11498,2011,E01000891,2011 super output areas - lower layer,298,Median Age,0.5
11499,2011,E01000891,2011 super output areas - lower layer,298,All usual residents,0.0
11500,2011,E01000891,2011 super output areas - lower layer,298,Age 0 to 4,0.0
11501,2011,E01000891,2011 super output areas - lower layer,298,Age 5 to 7,0.0
11502,2011,E01000891,2011 super output areas - lower layer,298,Age 8 to 9,0.0
11503,2011,E01000891,2011 super output areas - lower layer,298,Age 10 to 14,0.0
11504,2011,E01000891,2011 super output areas - lower layer,298,Age 15,0.0
11505,2011,E01000891,2011 super output areas - lower layer,298,Age 16 to 17,0.0
11506,2011,E01000891,2011 super output areas - lower layer,298,Age 18 to 19,0.0
11507,2011,E01000891,2011 super output areas - lower layer,298,Age 20 to 24,0.0
11508,2011,E01000891,2011 super output areas - lower layer,298,Age 25 to 29,0.0
11509,2011,E01000891,2011 super output areas - lower layer,298,Age 30 to 44,0.0
11510,2011,E01000891,2011 super output areas - lower layer,298,Age 45 to 59,0.0
11511,2011,E01000891,2011 super output areas - lower layer,298,Age 60 to 64,0.0
11512,2011,E01000891,2011 super output areas - lower layer,298,Age 65 to 74,0.0
11513,2011,E01000891,2011 super output areas - lower layer,298,Age 75 to 84,0.0
11514,2011,E01000891,2011 super output areas - lower layer,298,Age 85 to 89,0.0
11515,2011,E01000891,2011 super output areas - lower layer,298,Age 90 and over,0.0
11516,2011,E01000891,2011 super output areas - lower layer,298,Mean Age,
11517,2011,E01000891,2011 super output areas - lower layer,298,Median Age,0.5
11518,2011,E01000891,2011 super output areas - lower layer,298,All usual residents,0.0
11519,2011,E01000891,2011 super output areas - lower layer,298,Age 0 to 4,0.0
11520,2011,E01000891,2011 super output areas - lower layer,298,Age 5 to 7,0.0
11521,2011,E01000891,2011 super output areas - lower layer,298,Age 8 to 9,0.0
11522,2011,E01000891,2011 super output areas - lower layer,298,Age 10 to 14,0.0
11523,2011,E01000891,2011 super output areas - lower layer,298,Age 15,0.0
11524,2011,E01000891,2011 super output areas - lower layer,298,Age 16 to 17,0.0
11525,2011,E01000891,2011 super output areas - lower layer,298,Age 18 to 19,0.0
11526,2011,E01000891,2011 super output areas - lower layer,298,Age 20 to 24,0.0
11527,2011,E01000891,2011 super output areas - lower layer,298,Age 25 to 29,0.0
11528,2011,E01000891,2011 super output areas - lower layer,298,Age 30 to 44,0.0
11529,2011,E01000891,2011 super output areas - lower layer,298,Age 45 to 59,0.0
11530,2011,E01000891,2011 super output areas - lower layer,298,Age 60 to 64,0.0
11531,2011,E01000891,2011 super output areas - lower layer,298,Age 65 to 74,0.0
11532,2011,E01000891,2011 super output areas - lower layer,298,Age 75 to 84,0.0
11533,2011,E01000891,2011 super output areas - lower layer,298,Age 85 to 89,0.0
11534,2011,E01000891,2011 super output areas - lower layer,298,Age 90 and over,0.0
11535,2011,E01000891,2011 super output areas - lower layer,298,Mean Age,
11536,2011,E01000891,2011 super output areas - lower layer,298,Median Age,0.5
11537,2011,E01000891,2011 super output areas - lower layer,298,All usual residents,0.0
11538,2011,E01000891,2011 super output areas - lower layer,298,Age 0 to 4,0.0
11539,2011,E01000891,2011 super output areas - lower layer,298,Age 5 to 7,0.0
11540,2011,E01000891,2011 super output areas - lower layer,298,Age 8 to 9,0.0
11541,2011,E01000891,2011 super output areas - lower layer,298,Age 10 to 14,0.0
11542,2011,E01000891,2011 super output areas - lower layer,298,Age 15,0.0
11543,2011,E01000891,2011 super output areas - lower layer,298,Age 16 to 17,0.0
11544,2011,E01000891,2011 super output areas - lower layer,298,Age 18 to 19,0.0
11545,2011,E01000891,2011 super output areas - lower layer,298,Age 20 to 24,0.0
11546,2011,E01000891,2011 super output areas - lower layer,298,Age 25 to 29,0.0
11547,2011,E01000891,2011 super output areas - lower layer,298,Age 30 to 44,0.0
11548,2011,E01000891,2011 super output areas - lower layer,298,Age 45 to 59,0.0
11549,2011,E01000891,2011 super output areas - lower layer,298,Age 60 to 64,0.0
11550,2011,E01000891,2011 super output areas - lower layer,298,Age 65 to 74,0.0
11551,2011,E01000891,2011 super output areas - lower layer,298,Age 75 to 84,0.0
11552,2011,E01000891,2011 super output areas - lower layer,298,Age 85 to 89,0.0
11553,2011,E01000891,2011 super output areas - lower layer,298,Age 90 and over,0.0
11554,2011,E01000891,2011 super output areas - lower layer,298,Mean Age,
11555,2011,E01000891,2011 super output areas - lower layer,298,Median Age,0.5
11556,2011,E01000891,2011 super output areas - lower layer,298,All usual residents,0.0
11557,2011,E01000891,2011 super output areas - lower layer,298,Age 0 to 4,0.0
11558,2011,E01000891,2011 super output areas - lower layer,298,Age 5 to 7,0.0
11559,2011,E01000891,2011 super output areas - lower layer,298,Age 8 to 9,0.0
11560,2011,E01000891,2011 super output areas - lower layer,298,Age 10 to 14,0.0
11561,2011,E01000891,2011 super output areas - lower layer,298,Age 15,0.0
11562,2011,E01000891,2011 super output areas - lower layer,298,Age 16 to 17,0.0
11563,2011,E01000891,2011 super output areas - lower layer,298,Age 18 to 19,0.0
11564,2011,E01000891,2011 super output areas - lower layer,298,Age 20 to 24,0.0
11565,2011,E01000891,2011 super output areas - lower layer,298,Age 25 to 29,0.0
11566,2011,E01000891,2011 super output areas - lower layer,298,Age 30 to 44,0.0
11567,2011,E01000891,2011 super output areas - lower layer,298,Age 45 to 59,0.0
11568,2011,E01000891,2011 super output areas - lower layer,298,Age 60 to 64,0.0
11569,2011,E01000891,2011 super output areas - lower layer,298,Age 65 to 74,0.0
11570,2011,E01000891,2011 super output areas - lower layer,298,Age 75 to 84,0.0
11571,2011,E01000891,2011 super output areas - lower layer,298,Age 85 to 89,0.0
11572,2011,E01000891,2011 super output areas - lower layer,298,Age 90 and over,0.0
11573,2011,E01000891,2011 super output areas - lower layer,298,Mean Age,
11574,2011,E01000891,2011 super output areas - lower layer,298,Median Age,0.5
11575,2011,E01000891,2011 super output areas - lower layer,298,All usual residents,0.0
11576,2011,E01000891,2011 super output areas - lower layer,298,Age 0 to 4,0.0
11577,2011,E01000891,2011 super output areas - lower layer,298,Age 5 to 7,0.0
11578,2011,E01000891,2011 super output areas - lower layer,298,Age 8 to 9,0.0
11579,2011,E01000891,2011 super output areas - lower layer,298,Age 10 to 14,0.0
11580,2011,E01000891,2011 super output areas - lower layer,298,Age 15,0.0
11581,2011,E01000891,2011 super output areas - lower layer,298,Age 16 to 17,0.0
11582,2011,E01000891,2011 super output areas - lower layer,298,Age 18 to 19,0.0
11583,2011,E01000891,2011 super output areas - lower layer,298,Age 20 to 24,0.0
11584,2011,E01000891,2011 super output areas - lower layer,298,Age 25 to 29,0.0
11585,2011,E01000891,2011 super output areas - lower layer,298,Age 30 to 44,0.0
11586,2011,E01000891,2011 super output areas - lower layer,298,Age 45 to 59,0.0
11587,2011,E01000891,2011 super output areas - lower layer,298,Age 60 to 64,0.0
11588,2011,E01000891,2011 super output areas - lower layer,298,Age 65 to 74,0.0
11589,2011,E01000891,2011 super output areas - lower layer,298,Age 75 to 84,0.0
11590,2011,E01000891,2011 super output areas - lower layer,298,Age 85 to 89,0.0
11591,2011,E01000891,2011 super output areas - lower layer,298,Age 90 and over,0.0
11592,2011,E01000891,2011 super output areas - lower layer,298,Mean Age,
11593,2011,E01000891,2011 super output areas - lower layer,298,Median Age,0.5
11594,2011,E01000891,2011 super output areas - lower layer,298,All usual residents,0.0
11595,2011,E01000891,2011 super output areas - lower layer,298,Age 0 to 4,0.0
11596,2011,E01000891,2011 super output areas - lower layer,298,Age 5 to 7,0.0
11597,2011,E01000891,2011 super output areas - lower layer,298,Age 8 to 9,0.0
11598,2011,E01000891,2011 super output areas - lower layer,298,Age 10 to 14,0.0
11599,2011,E01000891,2011 super output areas - lower layer,298,Age 15,0.0
11600,2011,E01000891,2011 super output areas - lower layer,298,Age 16 to 17,0.0
11601,2011,E01000891,2011 super output areas - lower layer,298,Age 18 to 19,0.0
11602,2011,E01000891,2011 super output areas - lower layer,298,Age 20 to 24,0.0
11603,2011,E01000891,2011 super output areas - lower layer,298,Age 25 to 29,0.0
11604,2011,E01000891,2011 super output areas - lower layer,298,Age 30 to 44,0.0
11605,2011,E01000891,2011 super output areas - lower layer,298,Age 45 to 59,0.0
11606,2011,E01000891,2011 super output areas - lower layer,298,Age 60 to 64,0.0
11607,2011,E01000891,2011 super output areas - lower layer,298,Age 65 to 74,0.0
11608,2011,E01000891,2011 super output areas - lower layer,298,Age 75 to 84,0.0
11609,2011,E01000891,2011 super output areas - lower layer,298,Age 85 to 89,0.0
11610,2011,E01000891,2011 super output areas - lower layer,298,Age 90 and over,0.0
11611,2011,E01000891,2011 super output areas - lower layer,298,Mean Age,
11612,2011,E01000891,2011 super output areas - lower layer,298,Median Age,0.5
11613,2011,E01000901,2011 super output areas - lower layer,298,All usual residents,1977.0
11614,2011,E01000901,2011 super output areas - lower layer,298,Age 0 to 4,167.0
11615,2011,E01000901,2011 super output areas - lower layer,298,Age 5 to 7,92.0
11616,2011,E01000901,2011 super output areas - lower layer,298,Age 8 to 9,78.0
11617,2011,E01000901,2011 super output areas - lower layer,298,Age 10 to 14,143.0
11618,2011,E01000901,2011 super output areas - lower layer,298,Age 15,23.0
11619,2011,E01000901,2011 super output areas - lower layer,298,Age 16 to 17,48.0
11620,2011,E01000901,2011 super output areas - lower layer,298,Age 18 to 19,69.0
11621,2011,E01000901,2011 super output areas - lower layer,298,Age 20 to 24,232.0
11622,2011,E01000901,2011 super output areas - lower layer,298,Age 25 to 29,218.0
11623,2011,E01000901,2011 super output areas - lower layer,298,Age 30 to 44,440.0
11624,2011,E01000901,2011 super output areas - lower layer,298,Age 45 to 59,280.0
11625,2011,E01000901,2011 super output areas - lower layer,298,Age 60 to 64,60.0
11626,2011,E01000901,2011 super output areas - lower layer,298,Age 65 to 74,71.0
11627,2011,E01000901,2011 super output areas - lower layer,298,Age 75 to 84,40.0
11628,2011,E01000901,2011 super output areas - lower layer,298,Age 85 to 89,8.0
11629,2011,E01000901,2011 super output areas - lower layer,298,Age 90 and over,8.0
11630,2011,E01000901,2011 super output areas - lower layer,298,Mean Age,30.5
11631,2011,E01000901,2011 super output areas - lower layer,298,Median Age,28.0
11632,2011,E01000901,2011 super output areas - lower layer,298,All usual residents,0.0
11633,2011,E01000901,2011 super output areas - lower layer,298,Age 0 to 4,0.0
11634,2011,E01000901,2011 super output areas - lower layer,298,Age 5 to 7,0.0
11635,2011,E01000901,2011 super output areas - lower layer,298,Age 8 to 9,0.0
11636,2011,E01000901,2011 super output areas - lower layer,298,Age 10 to 14,0.0
11637,2011,E01000901,2011 super output areas - lower layer,298,Age 15,0.0
11638,2011,E01000901,2011 super output areas - lower layer,298,Age 16 to 17,0.0
11639,2011,E01000901,2011 super output areas - lower layer,298,Age 18 to 19,0.0
11640,2011,E01000901,2011 super output areas - lower layer,298,Age 20 to 24,0.0
11641,2011,E01000901,2011 super output areas - lower layer,298,Age 25 to 29,0.0
11642,2011,E01000901,2011 super output areas - lower layer,298,Age 30 to 44,0.0
11643,2011,E01000901,2011 super output areas - lower layer,298,Age 45 to 59,0.0
11644,2011,E01000901,2011 super output areas - lower layer,298,Age 60 to 64,0.0
11645,2011,E01000901,2011 super output areas - lower layer,298,Age 65 to 74,0.0
11646,2011,E01000901,2011 super output areas - lower layer,298,Age 75 to 84,0.0
11647,2011,E01000901,2011 super output areas - lower layer,298,Age 85 to 89,0.0
11648,2011,E01000901,2011 super output areas - lower layer,298,Age 90 and over,0.0
11649,2011,E01000901,2011 super output areas - lower layer,298,Mean Age,
11650,2011,E01000901,2011 super output areas - lower layer,298,Median Age,0.5
11651,2011,E01000901,2011 super output areas - lower layer,298,All usual residents,0.0
11652,2011,E01000901,2011 super output areas - lower layer,298,Age 0 to 4,0.0
11653,2011,E01000901,2011 super output areas - lower layer,298,Age 5 to 7,0.0
11654,2011,E01000901,2011 super output areas - lower layer,298,Age 8 to 9,0.0
11655,2011,E01000901,2011 super output areas - lower layer,298,Age 10 to 14,0.0
11656,2011,E01000901,2011 super output areas - lower layer,298,Age 15,0.0
11657,2011,E01000901,2011 super output areas - lower layer,298,Age 16 to 17,0.0
11658,2011,E01000901,2011 super output areas - lower layer,298,Age 18 to 19,0.0
11659,2011,E01000901,2011 super output areas - lower layer,298,Age 20 to 24,0.0
11660,2011,E01000901,2011 super output areas - lower layer,298,Age 25 to 29,0.0
11661,2011,E01000901,2011 super output areas - lower layer,298,Age 30 to 44,0.0
11662,2011,E01000901,2011 super output areas - lower layer,298,Age 45 to 59,0.0
11663,2011,E01000901,2011 super output areas - lower layer,298,Age 60 to 64,0.0
11664,2011,E01000901,2011 super output areas - lower layer,298,Age 65 to 74,0.0
11665,2011,E01000901,2011 super output areas - lower layer,298,Age 75 to 84,0.0
11666,2011,E01000901,2011 super output areas - lower layer,298,Age 85 to 89,0.0
11667,2011,E01000901,2011 super output areas - lower layer,298,Age 90 and over,0.0
11668,2011,E01000901,2011 super output areas - lower layer,298,Mean Age,
11669,2011,E01000901,2011 super output areas - lower layer,298,Median Age,0.5
11670,2011,E01000901,2011 super output areas - lower layer,298,All usual residents,0.0
11671,2011,E01000901,2011 super output areas - lower layer,298,Age 0 to 4,0.0
11672,2011,E01000901,2011 super output areas - lower layer,298,Age 5 to 7,0.0
11673,2011,E01000901,2011 super output areas - lower layer,298,Age 8 to 9,0.0
11674,2011,E01000901,2011 super output areas - lower layer,298,Age 10 to 14,0.0
11675,2011,E01000901,2011 super output areas - lower layer,298,Age 15,0.0
11676,2011,E01000901,2011 super output areas - lower layer,298,Age 16 to 17,0.0
11677,2011,E01000901,2011 super output areas - lower layer,298,Age 18 to 19,0.0
11678,2011,E01000901,2011 super output areas - lower layer,298,Age 20 to 24,0.0
11679,2011,E01000901,2011 super output areas - lower layer,298,Age 25 to 29,0.0
11680,2011,E01000901,2011 super output areas - lower layer,298,Age 30 to 44,0.0
11681,2011,E01000901,2011 super output areas - lower layer,298,Age 45 to 59,0.0
11682,2011,E01000901,2011 super output areas - lower layer,298,Age 60 to 64,0.0
11683,2011,E01000901,2011 super output areas - lower layer,298,Age 65 to 74,0.0
11684,2011,E01000901,2011 super output areas - lower layer,298,Age 75 to 84,0.0
11685,2011,E01000901,2011 super output areas - lower layer,298,Age 85 to 89,0.0
11686,2011,E01000901,2011 super output areas - lower layer,298,Age 90 and over,0.0
11687,2011,E01000901,2011 super output areas - lower layer,298,Mean Age,
11688,2011,E01000901,2011 super output areas - lower layer,298,Median Age,0.5
11689,2011,E01000901,2011 super output areas - lower layer,298,All usual residents,0.0
11690,2011,E01000901,2011 super output areas - lower layer,298,Age 0 to 4,0.0
11691,2011,E01000901,2011 super output areas - lower layer,298,Age 5 to 7,0.0
11692,2011,E01000901,2011 super output areas - lower layer,298,Age 8 to 9,0.0
11693,2011,E01000901,2011 super output areas - lower layer,298,Age 10 to 14,0.0
11694,2011,E01000901,2011 super output areas - lower layer,298,Age 15,0.0
11695,2011,E01000901,2011 super output areas - lower layer,298,Age 16 to 17,0.0
11696,2011,E01000901,2011 super output areas - lower layer,298,Age 18 to 19,0.0
11697,2011,E01000901,2011 super output areas - lower layer,298,Age 20 to 24,0.0
11698,2011,E01000901,2011 super output areas - lower layer,298,Age 25 to 29,0.0
11699,2011,E01000901,2011 super output areas - lower layer,298,Age 30 to 44,0.0
11700,2011,E01000901,2011 super output areas - lower layer,298,Age 45 to 59,0.0
11701,2011,E01000901,2011 super output areas - lower layer,298,Age 60 to 64,0.0
11702,2011,E01000901,2011 super output areas - lower layer,298,Age 65 to 74,0.0
11703,2011,E01000901,2011 super output areas - lower layer,298,Age 75 to 84,0.0
11704,2011,E01000901,2011 super output areas - lower layer,298,Age 85 to 89,0.0
11705,2011,E01000901,2011 super output areas - lower layer,298,Age 90 and over,0.0
11706,2011,E01000901,2011 super output areas - lower layer,298,Mean Age,
11707,2011,E01000901,2011 super output areas - lower layer,298,Median Age,0.5
11708,2011,E01000901,2011 super output areas - lower layer,298,All usual residents,0.0
11709,2011,E01000901,2011 super output areas - lower layer,298,Age 0 to 4,0.0
11710,2011,E01000901,2011 super output areas - lower layer,298,Age 5 to 7,0.0
11711,2011,E01000901,2011 super output areas - lower layer,298,Age 8 to 9,0.0
11712,2011,E01000901,2011 super output areas - lower layer,298,Age 10 to 14,0.0
11713,2011,E01000901,2011 super output areas - lower layer,298,Age 15,0.0
11714,2011,E01000901,2011 super output areas - lower layer,298,Age 16 to 17,0.0
11715,2011,E01000901,2011 super output areas - lower layer,298,Age 18 to 19,0.0
11716,2011,E01000901,2011 super output areas - lower layer,298,Age 20 to 24,0.0
11717,2011,E01000901,2011 super output areas - lower layer,298,Age 25 to 29,0.0
11718,2011,E01000901,2011 super output areas - lower layer,298,Age 30 to 44,0.0
11719,2011,E01000901,2011 super output areas - lower layer,298,Age 45 to 59,0.0
11720,2011,E01000901,2011 super output areas - lower layer,298,Age 60 to 64,0.0
11721,2011,E01000901,2011 super output areas - lower layer,298,Age 65 to 74,0.0
11722,2011,E01000901,2011 super output areas - lower layer,298,Age 75 to 84,0.0
11723,2011,E01000901,2011 super output areas - lower layer,298,Age 85 to 89,0.0
11724,2011,E01000901,2011 super output areas - lower layer,298,Age 90 and over,0.0
11725,2011,E01000901,2011 super output areas - lower layer,298,Mean Age,
11726,2011,E01000901,2011 super output areas - lower layer,298,Median Age,0.5
11727,2011,E01000901,2011 super output areas - lower layer,298,All usual residents,0.0
11728,2011,E01000901,2011 super output areas - lower layer,298,Age 0 to 4,0.0
11729,2011,E01000901,2011 super output areas - lower layer,298,Age 5 to 7,0.0
11730,2011,E01000901,2011 super output areas - lower layer,298,Age 8 to 9,0.0
11731,2011,E01000901,2011 super output areas - lower layer,298,Age 10 to 14,0.0
11732,2011,E01000901,2011 super output areas - lower layer,298,Age 15,0.0
11733,2011,E01000901,2011 super output areas - lower layer,298,Age 16 to 17,0.0
11734,2011,E01000901,2011 super output areas - lower layer,298,Age 18 to 19,0.0
11735,2011,E01000901,2011 super output areas - lower layer,298,Age 20 to 24,0.0
11736,2011,E01000901,2011 super output areas - lower layer,298,Age 25 to 29,0.0
11737,2011,E01000901,2011 super output areas - lower layer,298,Age 30 to 44,0.0
11738,2011,E01000901,2011 super output areas - lower layer,298,Age 45 to 59,0.0
11739,2011,E01000901,2011 super output areas - lower layer,298,Age 60 to 64,0.0
11740,2011,E01000901,2011 super output areas - lower layer,298,Age 65 to 74,0.0
11741,2011,E01000901,2011 super output areas - lower layer,298,Age 75 to 84,0.0
11742,2011,E01000901,2011 super output areas - lower layer,298,Age 85 to 89,0.0
11743,2011,E01000901,2011 super output areas - lower layer,298,Age 90 and over,0.0
11744,2011,E01000901,2011 super output areas - lower layer,298,Mean Age,
11745,2011,E01000901,2011 super output areas - lower layer,298,Median Age,0.5
11746,2011,E01000901,2011 super output areas - lower layer,298,All usual residents,0.0
11747,2011,E01000901,2011 super output areas - lower layer,298,Age 0 to 4,0.0
11748,2011,E01000901,2011 super output areas - lower layer,298,Age 5 to 7,0.0
11749,2011,E01000901,2011 super output areas - lower layer,298,Age 8 to 9,0.0
11750,2011,E01000901,2011 super output areas - lower layer,298,Age 10 to 14,0.0
11751,2011,E01000901,2011 super output areas - lower layer,298,Age 15,0.0
11752,2011,E01000901,2011 super output areas - lower layer,298,Age 16 to 17,0.0
11753,2011,E01000901,2011 super output areas - lower layer,298,Age 18 to 19,0.0
11754,2011,E01000901,2011 super output areas - lower layer,298,Age 20 to 24,0.0
11755,2011,E01000901,2011 super output areas - lower layer,298,Age 25 to 29,0.0
11756,2011,E01000901,2011 super output areas - lower layer,298,Age 30 to 44,0.0
11757,2011,E01000901,2011 super output areas - lower layer,298,Age 45 to 59,0.0
11758,2011,E01000901,2011 super output areas - lower layer,298,Age 60 to 64,0.0
11759,2011,E01000901,2011 super output areas - lower layer,298,Age 65 to 74,0.0
11760,2011,E01000901,2011 super output areas - lower layer,298,Age 75 to 84,0.0
11761,2011,E01000901,2011 super output areas - lower layer,298,Age 85 to 89,0.0
11762,2011,E01000901,2011 super output areas - lower layer,298,Age 90 and over,0.0
11763,2011,E01000901,2011 super output areas - lower layer,298,Mean Age,
11764,2011,E01000901,2011 super output areas - lower layer,298,Median Age,0.5
11765,2011,E01000901,2011 super output areas - lower layer,298,All usual residents,0.0
11766,2011,E01000901,2011 super output areas - lower layer,298,Age 0 to 4,0.0
11767,2011,E01000901,2011 super output areas - lower layer,298,Age 5 to 7,0.0
11768,2011,E01000901,2011 super output areas - lower layer,298,Age 8 to 9,0.0
11769,2011,E01000901,2011 super output areas - lower layer,298,Age 10 to 14,0.0
11770,2011,E01000901,2011 super output areas - lower layer,298,Age 15,0.0
11771,2011,E01000901,2011 super output areas - lower layer,298,Age 16 to 17,0.0
11772,2011,E01000901,2011 super output areas - lower layer,298,Age 18 to 19,0.0
11773,2011,E01000901,2011 super output areas - lower layer,298,Age 20 to 24,0.0
11774,2011,E01000901,2011 super output areas - lower layer,298,Age 25 to 29,0.0
11775,2011,E01000901,2011 super output areas - lower layer,298,Age 30 to 44,0.0
11776,2011,E01000901,2011 super output areas - lower layer,298,Age 45 to 59,0.0
11777,2011,E01000901,2011 super output areas - lower layer,298,Age 60 to 64,0.0
11778,2011,E01000901,2011 super output areas - lower layer,298,Age 65 to 74,0.0
11779,2011,E01000901,2011 super output areas - lower layer,298,Age 75 to 84,0.0
11780,2011,E01000901,2011 super output areas - lower layer,298,Age 85 to 89,0.0
11781,2011,E01000901,2011 super output areas - lower layer,298,Age 90 and over,0.0
11782,2011,E01000901,2011 super output areas - lower layer,298,Mean Age,
11783,2011,E01000901,2011 super output areas - lower layer,298,Median Age,0.5
11784,2011,E01000901,2011 super output areas - lower layer,298,All usual residents,0.0
11785,2011,E01000901,2011 super output areas - lower layer,298,Age 0 to 4,0.0
11786,2011,E01000901,2011 super output areas - lower layer,298,Age 5 to 7,0.0
11787,2011,E01000901,2011 super output areas - lower layer,298,Age 8 to 9,0.0
11788,2011,E01000901,2011 super output areas - lower layer,298,Age 10 to 14,0.0
11789,2011,E01000901,2011 super output areas - lower layer,298,Age 15,0.0
11790,2011,E01000901,2011 super output areas - lower layer,298,Age 16 to 17,0.0
11791,2011,E01000901,2011 super output areas - lower layer,298,Age 18 to 19,0.0
11792,2011,E01000901,2011 super output areas - lower layer,298,Age 20 to 24,0.0
11793,2011,E01000901,2011 super output areas - lower layer,298,Age 25 to 29,0.0
11794,2011,E01000901,2011 super output areas - lower layer,298,Age 30 to 44,0.0
11795,2011,E01000901,2011 super output areas - lower layer,298,Age 45 to 59,0.0
11796,2011,E01000901,2011 super output areas - lower layer,298,Age 60 to 64,0.0
11797,2011,E01000901,2011 super output areas - lower layer,298,Age 65 to 74,0.0
11798,2011,E01000901,2011 super output areas - lower layer,298,Age 75 to 84,0.0
11799,2011,E01000901,2011 super output areas - lower layer,298,Age 85 to 89,0.0
11800,2011,E01000901,2011 super output areas - lower layer,298,Age 90 and over,0.0
11801,2011,E01000901,2011 super output areas - lower layer,298,Mean Age,
11802,2011,E01000901,2011 super output areas - lower layer,298,Median Age,0.5
11803,2011,E01000901,2011 super output areas - lower layer,298,All usual residents,0.0
11804,2011,E01000901,2011 super output areas - lower layer,298,Age 0 to 4,0.0
11805,2011,E01000901,2011 super output areas - lower layer,298,Age 5 to 7,0.0
11806,2011,E01000901,2011 super output areas - lower layer,298,Age 8 to 9,0.0
11807,2011,E01000901,2011 super output areas - lower layer,298,Age 10 to 14,0.0
11808,2011,E01000901,2011 super output areas - lower layer,298,Age 15,0.0
11809,2011,E01000901,2011 super output areas - lower layer,298,Age 16 to 17,0.0
11810,2011,E01000901,2011 super output areas - lower layer,298,Age 18 to 19,0.0
11811,2011,E01000901,2011 super output areas - lower layer,298,Age 20 to 24,0.0
11812,2011,E01000901,2011 super output areas - lower layer,298,Age 25 to 29,0.0
11813,2011,E01000901,2011 super output areas - lower layer,298,Age 30 to 44,0.0
11814,2011,E01000901,2011 super output areas - lower layer,298,Age 45 to 59,0.0
11815,2011,E01000901,2011 super output areas - lower layer,298,Age 60 to 64,0.0
11816,2011,E01000901,2011 super output areas - lower layer,298,Age 65 to 74,0.0
11817,2011,E01000901,2011 super output areas - lower layer,298,Age 75 to 84,0.0
11818,2011,E01000901,2011 super output areas - lower layer,298,Age 85 to 89,0.0
11819,2011,E01000901,2011 super output areas - lower layer,298,Age 90 and over,0.0
11820,2011,E01000901,2011 super output areas - lower layer,298,Mean Age,
11821,2011,E01000901,2011 super output areas - lower layer,298,Median Age,0.5
11822,2011,E01000901,2011 super output areas - lower layer,298,All usual residents,0.0
11823,2011,E01000901,2011 super output areas - lower layer,298,Age 0 to 4,0.0
11824,2011,E01000901,2011 super output areas - lower layer,298,Age 5 to 7,0.0
11825,2011,E01000901,2011 super output areas - lower layer,298,Age 8 to 9,0.0
11826,2011,E01000901,2011 super output areas - lower layer,298,Age 10 to 14,0.0
11827,2011,E01000901,2011 super output areas - lower layer,298,Age 15,0.0
11828,2011,E01000901,2011 super output areas - lower layer,298,Age 16 to 17,0.0
11829,2011,E01000901,2011 super output areas - lower layer,298,Age 18 to 19,0.0
11830,2011,E01000901,2011 super output areas - lower layer,298,Age 20 to 24,0.0
11831,2011,E01000901,2011 super output areas - lower layer,298,Age 25 to 29,0.0
11832,2011,E01000901,2011 super output areas - lower layer,298,Age 30 to 44,0.0
11833,2011,E01000901,2011 super output areas - lower layer,298,Age 45 to 59,0.0
11834,2011,E01000901,2011 super output areas - lower layer,298,Age 60 to 64,0.0
11835,2011,E01000901,2011 super output areas - lower layer,298,Age 65 to 74,0.0
11836,2011,E01000901,2011 super output areas - lower layer,298,Age 75 to 84,0.0
11837,2011,E01000901,2011 super output areas - lower layer,298,Age 85 to 89,0.0
11838,2011,E01000901,2011 super output areas - lower layer,298,Age 90 and over,0.0
11839,2011,E01000901,2011 super output areas - lower layer,298,Mean Age,
11840,2011,E01000901,2011 super output areas - lower layer,298,Median Age,0.5
11841,2011,E01000901,2011 super output areas - lower layer,298,All usual residents,0.0
11842,2011,E01000901,2011 super output areas - lower layer,298,Age 0 to 4,0.0
11843,2011,E01000901,2011 super output areas - lower layer,298,Age 5 to 7,0.0
11844,2011,E01000901,2011 super output areas - lower layer,298,Age 8 to 9,0.0
11845,2011,E01000901,2011 super output areas - lower layer,298,Age 10 to 14,0.0
11846,2011,E01000901,2011 super output areas - lower layer,298,Age 15,0.0
11847,2011,E01000901,2011 super output areas - lower layer,298,Age 16 to 17,0.0
11848,2011,E01000901,2011 super output areas - lower layer,298,Age 18 to 19,0.0
11849,2011,E01000901,2011 super output areas - lower layer,298,Age 20 to 24,0.0
11850,2011,E01000901,2011 super output areas - lower layer,298,Age 25 to 29,0.0
11851,2011,E01000901,2011 super output areas - lower layer,298,Age 30 to 44,0.0
11852,2011,E01000901,2011 super output areas - lower layer,298,Age 45 to 59,0.0
11853,2011,E01000901,2011 super output areas - lower layer,298,Age 60 to 64,0.0
11854,2011,E01000901,2011 super output areas - lower layer,298,Age 65 to 74,0.0
11855,2011,E01000901,2011 super output areas - lower layer,298,Age 75 to 84,0.0
11856,2011,E01000901,2011 super output areas - lower layer,298,Age 85 to 89,0.0
11857,2011,E01000901,2011 super output areas - lower layer,298,Age 90 and over,0.0
11858,2011,E01000901,2011 super output areas - lower layer,298,Mean Age,
11859,2011,E01000901,2011 super output areas - lower layer,298,Median Age,0.5
11860,2011,E01000922,2011 super output areas - lower layer,298,All usual residents,1547.0
11861,2011,E01000922,2011 super output areas - lower layer,298,Age 0 to 4,81.0
11862,2011,E01000922,2011 super output areas - lower layer,298,Age 5 to 7,44.0
11863,2011,E01000922,2011 super output areas - lower layer,298,Age 8 to 9,29.0
11864,2011,E01000922,2011 super output areas - lower layer,298,Age 10 to 14,58.0
11865,2011,E01000922,2011 super output areas - lower layer,298,Age 15,13.0
11866,2011,E01000922,2011 super output areas - lower layer,298,Age 16 to 17,34.0
11867,2011,E01000922,2011 super output areas - lower layer,298,Age 18 to 19,126.0
11868,2011,E01000922,2011 super output areas - lower layer,298,Age 20 to 24,170.0
11869,2011,E01000922,2011 super output areas - lower layer,298,Age 25 to 29,194.0
11870,2011,E01000922,2011 super output areas - lower layer,298,Age 30 to 44,391.0
11871,2011,E01000922,2011 super output areas - lower layer,298,Age 45 to 59,230.0
11872,2011,E01000922,2011 super output areas - lower layer,298,Age 60 to 64,48.0
11873,2011,E01000922,2011 super output areas - lower layer,298,Age 65 to 74,67.0
11874,2011,E01000922,2011 super output areas - lower layer,298,Age 75 to 84,48.0
11875,2011,E01000922,2011 super output areas - lower layer,298,Age 85 to 89,11.0
11876,2011,E01000922,2011 super output areas - lower layer,298,Age 90 and over,3.0
11877,2011,E01000922,2011 super output areas - lower layer,298,Mean Age,33.6
11878,2011,E01000922,2011 super output areas - lower layer,298,Median Age,30.0
11879,2011,E01000922,2011 super output areas - lower layer,298,All usual residents,0.0
11880,2011,E01000922,2011 super output areas - lower layer,298,Age 0 to 4,0.0
11881,2011,E01000922,2011 super output areas - lower layer,298,Age 5 to 7,0.0
11882,2011,E01000922,2011 super output areas - lower layer,298,Age 8 to 9,0.0
11883,2011,E01000922,2011 super output areas - lower layer,298,Age 10 to 14,0.0
11884,2011,E01000922,2011 super output areas - lower layer,298,Age 15,0.0
11885,2011,E01000922,2011 super output areas - lower layer,298,Age 16 to 17,0.0
11886,2011,E01000922,2011 super output areas - lower layer,298,Age 18 to 19,0.0
11887,2011,E01000922,2011 super output areas - lower layer,298,Age 20 to 24,0.0
11888,2011,E01000922,2011 super output areas - lower layer,298,Age 25 to 29,0.0
11889,2011,E01000922,2011 super output areas - lower layer,298,Age 30 to 44,0.0
11890,2011,E01000922,2011 super output areas - lower layer,298,Age 45 to 59,0.0
11891,2011,E01000922,2011 super output areas - lower layer,298,Age 60 to 64,0.0
11892,2011,E01000922,2011 super output areas - lower layer,298,Age 65 to 74,0.0
11893,2011,E01000922,2011 super output areas - lower layer,298,Age 75 to 84,0.0
11894,2011,E01000922,2011 super output areas - lower layer,298,Age 85 to 89,0.0
11895,2011,E01000922,2011 super output areas - lower layer,298,Age 90 and over,0.0
11896,2011,E01000922,2011 super output areas - lower layer,298,Mean Age,
11897,2011,E01000922,2011 super output areas - lower layer,298,Median Age,0.5
11898,2011,E01000922,2011 super output areas - lower layer,298,All usual residents,0.0
11899,2011,E01000922,2011 super output areas - lower layer,298,Age 0 to 4,0.0
11900,2011,E01000922,2011 super output areas - lower layer,298,Age 5 to 7,0.0
11901,2011,E01000922,2011 super output areas - lower layer,298,Age 8 to 9,0.0
11902,2011,E01000922,2011 super output areas - lower layer,298,Age 10 to 14,0.0
11903,2011,E01000922,2011 super output areas - lower layer,298,Age 15,0.0
11904,2011,E01000922,2011 super output areas - lower layer,298,Age 16 to 17,0.0
11905,2011,E01000922,2011 super output areas - lower layer,298,Age 18 to 19,0.0
11906,2011,E01000922,2011 super output areas - lower layer,298,Age 20 to 24,0.0
11907,2011,E01000922,2011 super output areas - lower layer,298,Age 25 to 29,0.0
11908,2011,E01000922,2011 super output areas - lower layer,298,Age 30 to 44,0.0
11909,2011,E01000922,2011 super output areas - lower layer,298,Age 45 to 59,0.0
11910,2011,E01000922,2011 super output areas - lower layer,298,Age 60 to 64,0.0
11911,2011,E01000922,2011 super output areas - lower layer,298,Age 65 to 74,0.0
11912,2011,E01000922,2011 super output areas - lower layer,298,Age 75 to 84,0.0
11913,2011,E01000922,2011 super output areas - lower layer,298,Age 85 to 89,0.0
11914,2011,E01000922,2011 super output areas - lower layer,298,Age 90 and over,0.0
11915,2011,E01000922,2011 super output areas - lower layer,298,Mean Age,
11916,2011,E01000922,2011 super output areas - lower layer,298,Median Age,0.5
11917,2011,E01000922,2011 super output areas - lower layer,298,All usual residents,0.0
11918,2011,E01000922,2011 super output areas - lower layer,298,Age 0 to 4,0.0
11919,2011,E01000922,2011 super output areas - lower layer,298,Age 5 to 7,0.0
11920,2011,E01000922,2011 super output areas - lower layer,298,Age 8 to 9,0.0
11921,2011,E01000922,2011 super output areas - lower layer,298,Age 10 to 14,0.0
11922,2011,E01000922,2011 super output areas - lower layer,298,Age 15,0.0
11923,2011,E01000922,2011 super output areas - lower layer,298,Age 16 to 17,0.0
11924,2011,E01000922,2011 super output areas - lower layer,298,Age 18 to 19,0.0
11925,2011,E01000922,2011 super output areas - lower layer,298,Age 20 to 24,0.0
11926,2011,E01000922,2011 super output areas - lower layer,298,Age 25 to 29,0.0
11927,2011,E01000922,2011 super output areas - lower layer,298,Age 30 to 44,0.0
11928,2011,E01000922,2011 super output areas - lower layer,298,Age 45 to 59,0.0
11929,2011,E01000922,2011 super output areas - lower layer,298,Age 60 to 64,0.0
11930,2011,E01000922,2011 super output areas - lower layer,298,Age 65 to 74,0.0
11931,2011,E01000922,2011 super output areas - lower layer,298,Age 75 to 84,0.0
11932,2011,E01000922,2011 super output areas - lower layer,298,Age 85 to 89,0.0
11933,2011,E01000922,2011 super output areas - lower layer,298,Age 90 and over,0.0
11934,2011,E01000922,2011 super output areas - lower layer,298,Mean Age,
11935,2011,E01000922,2011 super output areas - lower layer,298,Median Age,0.5
11936,2011,E01000922,2011 super output areas - lower layer,298,All usual residents,0.0
11937,2011,E01000922,2011 super output areas - lower layer,298,Age 0 to 4,0.0
11938,2011,E01000922,2011 super output areas - lower layer,298,Age 5 to 7,0.0
11939,2011,E01000922,2011 super output areas - lower layer,298,Age 8 to 9,0.0
11940,2011,E01000922,2011 super output areas - lower layer,298,Age 10 to 14,0.0
11941,2011,E01000922,2011 super output areas - lower layer,298,Age 15,0.0
11942,2011,E01000922,2011 super output areas - lower layer,298,Age 16 to 17,0.0
11943,2011,E01000922,2011 super output areas - lower layer,298,Age 18 to 19,0.0
11944,2011,E01000922,2011 super output areas - lower layer,298,Age 20 to 24,0.0
11945,2011,E01000922,2011 super output areas - lower layer,298,Age 25 to 29,0.0
11946,2011,E01000922,2011 super output areas - lower layer,298,Age 30 to 44,0.0
11947,2011,E01000922,2011 super output areas - lower layer,298,Age 45 to 59,0.0
11948,2011,E01000922,2011 super output areas - lower layer,298,Age 60 to 64,0.0
11949,2011,E01000922,2011 super output areas - lower layer,298,Age 65 to 74,0.0
11950,2011,E01000922,2011 super output areas - lower layer,298,Age 75 to 84,0.0
11951,2011,E01000922,2011 super output areas - lower layer,298,Age 85 to 89,0.0
11952,2011,E01000922,2011 super output areas - lower layer,298,Age 90 and over,0.0
11953,2011,E01000922,2011 super output areas - lower layer,298,Mean Age,
11954,2011,E01000922,2011 super output areas - lower layer,298,Median Age,0.5
11955,2011,E01000922,2011 super output areas - lower layer,298,All usual residents,0.0
11956,2011,E01000922,2011 super output areas - lower layer,298,Age 0 to 4,0.0
11957,2011,E01000922,2011 super output areas - lower layer,298,Age 5 to 7,0.0
11958,2011,E01000922,2011 super output areas - lower layer,298,Age 8 to 9,0.0
11959,2011,E01000922,2011 super output areas - lower layer,298,Age 10 to 14,0.0
11960,2011,E01000922,2011 super output areas - lower layer,298,Age 15,0.0
11961,2011,E01000922,2011 super output areas - lower layer,298,Age 16 to 17,0.0
11962,2011,E01000922,2011 super output areas - lower layer,298,Age 18 to 19,0.0
11963,2011,E01000922,2011 super output areas - lower layer,298,Age 20 to 24,0.0
11964,2011,E01000922,2011 super output areas - lower layer,298,Age 25 to 29,0.0
11965,2011,E01000922,2011 super output areas - lower layer,298,Age 30 to 44,0.0
11966,2011,E01000922,2011 super output areas - lower layer,298,Age 45 to 59,0.0
11967,2011,E01000922,2011 super output areas - lower layer,298,Age 60 to 64,0.0
11968,2011,E01000922,2011 super output areas - lower layer,298,Age 65 to 74,0.0
11969,2011,E01000922,2011 super output areas - lower layer,298,Age 75 to 84,0.0
11970,2011,E01000922,2011 super output areas - lower layer,298,Age 85 to 89,0.0
11971,2011,E01000922,2011 super output areas - lower layer,298,Age 90 and over,0.0
11972,2011,E01000922,2011 super output areas - lower layer,298,Mean Age,
11973,2011,E01000922,2011 super output areas - lower layer,298,Median Age,0.5
11974,2011,E01000922,2011 super output areas - lower layer,298,All usual residents,0.0
11975,2011,E01000922,2011 super output areas - lower layer,298,Age 0 to 4,0.0
11976,2011,E01000922,2011 super output areas - lower layer,298,Age 5 to 7,0.0
11977,2011,E01000922,2011 super output areas - lower layer,298,Age 8 to 9,0.0
11978,2011,E01000922,2011 super output areas - lower layer,298,Age 10 to 14,0.0
11979,2011,E01000922,2011 super output areas - lower layer,298,Age 15,0.0
11980,2011,E01000922,2011 super output areas - lower layer,298,Age 16 to 17,0.0
11981,2011,E01000922,2011 super output areas - lower layer,298,Age 18 to 19,0.0
11982,2011,E01000922,2011 super output areas - lower layer,298,Age 20 to 24,0.0
11983,2011,E01000922,2011 super output areas - lower layer,298,Age 25 to 29,0.0
11984,2011,E01000922,2011 super output areas - lower layer,298,Age 30 to 44,0.0
11985,2011,E01000922,2011 super output areas - lower layer,298,Age 45 to 59,0.0
11986,2011,E01000922,2011 super output areas - lower layer,298,Age 60 to 64,0.0
11987,2011,E01000922,2011 super output areas - lower layer,298,Age 65 to 74,0.0
11988,2011,E01000922,2011 super output areas - lower layer,298,Age 75 to 84,0.0
11989,2011,E01000922,2011 super output areas - lower layer,298,Age 85 to 89,0.0
11990,2011,E01000922,2011 super output areas - lower layer,298,Age 90 and over,0.0
11991,2011,E01000922,2011 super output areas - lower layer,298,Mean Age,
11992,2011,E01000922,2011 super output areas - lower layer,298,Median Age,0.5
11993,2011,E01000922,2011 super output areas - lower layer,298,All usual residents,0.0
11994,2011,E01000922,2011 super output areas - lower layer,298,Age 0 to 4,0.0
11995,2011,E01000922,2011 super output areas - lower layer,298,Age 5 to 7,0.0
11996,2011,E01000922,2011 super output areas - lower layer,298,Age 8 to 9,0.0
11997,2011,E01000922,2011 super output areas - lower layer,298,Age 10 to 14,0.0
11998,2011,E01000922,2011 super output areas - lower layer,298,Age 15,0.0
11999,2011,E01000922,2011 super output areas - lower layer,298,Age 16 to 17,0.0
12000,2011,E01000922,2011 super output areas - lower layer,298,Age 18 to 19,0.0
12001,2011,E01000922,2011 super output areas - lower layer,298,Age 20 to 24,0.0
12002,2011,E01000922,2011 super output areas - lower layer,298,Age 25 to 29,0.0
12003,2011,E01000922,2011 super output areas - lower layer,298,Age 30 to 44,0.0
12004,2011,E01000922,2011 super output areas - lower layer,298,Age 45 to 59,0.0
12005,2011,E01000922,2011 super output areas - lower layer,298,Age 60 to 64,0.0
12006,2011,E01000922,2011 super output areas - lower layer,298,Age 65 to 74,0.0
12007,2011,E01000922,2011 super output areas - lower layer,298,Age 75 to 84,0.0
12008,2011,E01000922,2011 super output areas - lower layer,298,Age 85 to 89,0.0
12009,2011,E01000922,2011 super output areas - lower layer,298,Age 90 and over,0.0
12010,2011,E01000922,2011 super output areas - lower layer,298,Mean Age,
12011,2011,E01000922,2011 super output areas - lower layer,298,Median Age,0.5
12012,2011,E01000922,2011 super output areas - lower layer,298,All usual residents,0.0
12013,2011,E01000922,2011 super output areas - lower layer,298,Age 0 to 4,0.0
12014,2011,E01000922,2011 super output areas - lower layer,298,Age 5 to 7,0.0
12015,2011,E01000922,2011 super output areas - lower layer,298,Age 8 to 9,0.0
12016,2011,E01000922,2011 super output areas - lower layer,298,Age 10 to 14,0.0
12017,2011,E01000922,2011 super output areas - lower layer,298,Age 15,0.0
12018,2011,E01000922,2011 super output areas - lower layer,298,Age 16 to 17,0.0
12019,2011,E01000922,2011 super output areas - lower layer,298,Age 18 to 19,0.0
12020,2011,E01000922,2011 super output areas - lower layer,298,Age 20 to 24,0.0
12021,2011,E01000922,2011 super output areas - lower layer,298,Age 25 to 29,0.0
12022,2011,E01000922,2011 super output areas - lower layer,298,Age 30 to 44,0.0
12023,2011,E01000922,2011 super output areas - lower layer,298,Age 45 to 59,0.0
12024,2011,E01000922,2011 super output areas - lower layer,298,Age 60 to 64,0.0
12025,2011,E01000922,2011 super output areas - lower layer,298,Age 65 to 74,0.0
12026,2011,E01000922,2011 super output areas - lower layer,298,Age 75 to 84,0.0
12027,2011,E01000922,2011 super output areas - lower layer,298,Age 85 to 89,0.0
12028,2011,E01000922,2011 super output areas - lower layer,298,Age 90 and over,0.0
12029,2011,E01000922,2011 super output areas - lower layer,298,Mean Age,
12030,2011,E01000922,2011 super output areas - lower layer,298,Median Age,0.5
12031,2011,E01000922,2011 super output areas - lower layer,298,All usual residents,0.0
12032,2011,E01000922,2011 super output areas - lower layer,298,Age 0 to 4,0.0
12033,2011,E01000922,2011 super output areas - lower layer,298,Age 5 to 7,0.0
12034,2011,E01000922,2011 super output areas - lower layer,298,Age 8 to 9,0.0
12035,2011,E01000922,2011 super output areas - lower layer,298,Age 10 to 14,0.0
12036,2011,E01000922,2011 super output areas - lower layer,298,Age 15,0.0
12037,2011,E01000922,2011 super output areas - lower layer,298,Age 16 to 17,0.0
12038,2011,E01000922,2011 super output areas - lower layer,298,Age 18 to 19,0.0
12039,2011,E01000922,2011 super output areas - lower layer,298,Age 20 to 24,0.0
12040,2011,E01000922,2011 super output areas - lower layer,298,Age 25 to 29,0.0
12041,2011,E01000922,2011 super output areas - lower layer,298,Age 30 to 44,0.0
12042,2011,E01000922,2011 super output areas - lower layer,298,Age 45 to 59,0.0
12043,2011,E01000922,2011 super output areas - lower layer,298,Age 60 to 64,0.0
12044,2011,E01000922,2011 super output areas - lower layer,298,Age 65 to 74,0.0
12045,2011,E01000922,2011 super output areas - lower layer,298,Age 75 to 84,0.0
12046,2011,E01000922,2011 super output areas - lower layer,298,Age 85 to 89,0.0
12047,2011,E01000922,2011 super output areas - lower layer,298,Age 90 and over,0.0
12048,2011,E01000922,2011 super output areas - lower layer,298,Mean Age,
12049,2011,E01000922,2011 super output areas - lower layer,298,Median Age,0.5
12050,2011,E01000922,2011 super output areas - lower layer,298,All usual residents,0.0
12051,2011,E01000922,2011 super output areas - lower layer,298,Age 0 to 4,0.0
12052,2011,E01000922,2011 super output areas - lower layer,298,Age 5 to 7,0.0
12053,2011,E01000922,2011 super output areas - lower layer,298,Age 8 to 9,0.0
12054,2011,E01000922,2011 super output areas - lower layer,298,Age 10 to 14,0.0
12055,2011,E01000922,2011 super output areas - lower layer,298,Age 15,0.0
12056,2011,E01000922,2011 super output areas - lower layer,298,Age 16 to 17,0.0
12057,2011,E01000922,2011 super output areas - lower layer,298,Age 18 to 19,0.0
12058,2011,E01000922,2011 super output areas - lower layer,298,Age 20 to 24,0.0
12059,2011,E01000922,2011 super output areas - lower layer,298,Age 25 to 29,0.0
12060,2011,E01000922,2011 super output areas - lower layer,298,Age 30 to 44,0.0
12061,2011,E01000922,2011 super output areas - lower layer,298,Age 45 to 59,0.0
12062,2011,E01000922,2011 super output areas - lower layer,298,Age 60 to 64,0.0
12063,2011,E01000922,2011 super output areas - lower layer,298,Age 65 to 74,0.0
12064,2011,E01000922,2011 super output areas - lower layer,298,Age 75 to 84,0.0
12065,2011,E01000922,2011 super output areas - lower layer,298,Age 85 to 89,0.0
12066,2011,E01000922,2011 super output areas - lower layer,298,Age 90 and over,0.0
12067,2011,E01000922,2011 super output areas - lower layer,298,Mean Age,
12068,2011,E01000922,2011 super output areas - lower layer,298,Median Age,0.5
12069,2011,E01000922,2011 super output areas - lower layer,298,All usual residents,0.0
12070,2011,E01000922,2011 super output areas - lower layer,298,Age 0 to 4,0.0
12071,2011,E01000922,2011 super output areas - lower layer,298,Age 5 to 7,0.0
12072,2011,E01000922,2011 super output areas - lower layer,298,Age 8 to 9,0.0
12073,2011,E01000922,2011 super output areas - lower layer,298,Age 10 to 14,0.0
12074,2011,E01000922,2011 super output areas - lower layer,298,Age 15,0.0
12075,2011,E01000922,2011 super output areas - lower layer,298,Age 16 to 17,0.0
12076,2011,E01000922,2011 super output areas - lower layer,298,Age 18 to 19,0.0
12077,2011,E01000922,2011 super output areas - lower layer,298,Age 20 to 24,0.0
12078,2011,E01000922,2011 super output areas - lower layer,298,Age 25 to 29,0.0
12079,2011,E01000922,2011 super output areas - lower layer,298,Age 30 to 44,0.0
12080,2011,E01000922,2011 super output areas - lower layer,298,Age 45 to 59,0.0
12081,2011,E01000922,2011 super output areas - lower layer,298,Age 60 to 64,0.0
12082,2011,E01000922,2011 super output areas - lower layer,298,Age 65 to 74,0.0
12083,2011,E01000922,2011 super output areas - lower layer,298,Age 75 to 84,0.0
12084,2011,E01000922,2011 super output areas - lower layer,298,Age 85 to 89,0.0
12085,2011,E01000922,2011 super output areas - lower layer,298,Age 90 and over,0.0
12086,2011,E01000922,2011 super output areas - lower layer,298,Mean Age,
12087,2011,E01000922,2011 super output areas - lower layer,298,Median Age,0.5
12088,2011,E01000922,2011 super output areas - lower layer,298,All usual residents,0.0
12089,2011,E01000922,2011 super output areas - lower layer,298,Age 0 to 4,0.0
12090,2011,E01000922,2011 super output areas - lower layer,298,Age 5 to 7,0.0
12091,2011,E01000922,2011 super output areas - lower layer,298,Age 8 to 9,0.0
12092,2011,E01000922,2011 super output areas - lower layer,298,Age 10 to 14,0.0
12093,2011,E01000922,2011 super output areas - lower layer,298,Age 15,0.0
12094,2011,E01000922,2011 super output areas - lower layer,298,Age 16 to 17,0.0
12095,2011,E01000922,2011 super output areas - lower layer,298,Age 18 to 19,0.0
12096,2011,E01000922,2011 super output areas - lower layer,298,Age 20 to 24,0.0
12097,2011,E01000922,2011 super output areas - lower layer,298,Age 25 to 29,0.0
12098,2011,E01000922,2011 super output areas - lower layer,298,Age 30 to 44,0.0
12099,2011,E01000922,2011 super output areas - lower layer,298,Age 45 to 59,0.0
12100,2011,E01000922,2011 super output areas - lower layer,298,Age 60 to 64,0.0
12101,2011,E01000922,2011 super output areas - lower layer,298,Age 65 to 74,0.0
12102,2011,E01000922,2011 super output areas - lower layer,298,Age 75 to 84,0.0
12103,2011,E01000922,2011 super output areas - lower layer,298,Age 85 to 89,0.0
12104,2011,E01000922,2011 super output areas - lower layer,298,Age 90 and over,0.0
12105,2011,E01000922,2011 super output areas - lower layer,298,Mean Age,
12106,2011,E01000922,2011 super output areas - lower layer,298,Median Age,0.5
12107,2011,E01000927,2011 super output areas - lower layer,298,All usual residents,1738.0
12108,2011,E01000927,2011 super output areas - lower layer,298,Age 0 to 4,107.0
12109,2011,E01000927,2011 super output areas - lower layer,298,Age 5 to 7,50.0
12110,2011,E01000927,2011 super output areas - lower layer,298,Age 8 to 9,23.0
12111,2011,E01000927,2011 super output areas - lower layer,298,Age 10 to 14,56.0
12112,2011,E01000927,2011 super output areas - lower layer,298,Age 15,6.0
12113,2011,E01000927,2011 super output areas - lower layer,298,Age 16 to 17,18.0
12114,2011,E01000927,2011 super output areas - lower layer,298,Age 18 to 19,26.0
12115,2011,E01000927,2011 super output areas - lower layer,298,Age 20 to 24,178.0
12116,2011,E01000927,2011 super output areas - lower layer,298,Age 25 to 29,246.0
12117,2011,E01000927,2011 super output areas - lower layer,298,Age 30 to 44,509.0
12118,2011,E01000927,2011 super output areas - lower layer,298,Age 45 to 59,263.0
12119,2011,E01000927,2011 super output areas - lower layer,298,Age 60 to 64,73.0
12120,2011,E01000927,2011 super output areas - lower layer,298,Age 65 to 74,106.0
12121,2011,E01000927,2011 super output areas - lower layer,298,Age 75 to 84,64.0
12122,2011,E01000927,2011 super output areas - lower layer,298,Age 85 to 89,6.0
12123,2011,E01000927,2011 super output areas - lower layer,298,Age 90 and over,7.0
12124,2011,E01000927,2011 super output areas - lower layer,298,Mean Age,36.1
12125,2011,E01000927,2011 super output areas - lower layer,298,Median Age,33.0
12126,2011,E01000927,2011 super output areas - lower layer,298,All usual residents,0.0
12127,2011,E01000927,2011 super output areas - lower layer,298,Age 0 to 4,0.0
12128,2011,E01000927,2011 super output areas - lower layer,298,Age 5 to 7,0.0
12129,2011,E01000927,2011 super output areas - lower layer,298,Age 8 to 9,0.0
12130,2011,E01000927,2011 super output areas - lower layer,298,Age 10 to 14,0.0
12131,2011,E01000927,2011 super output areas - lower layer,298,Age 15,0.0
12132,2011,E01000927,2011 super output areas - lower layer,298,Age 16 to 17,0.0
12133,2011,E01000927,2011 super output areas - lower layer,298,Age 18 to 19,0.0
12134,2011,E01000927,2011 super output areas - lower layer,298,Age 20 to 24,0.0
12135,2011,E01000927,2011 super output areas - lower layer,298,Age 25 to 29,0.0
12136,2011,E01000927,2011 super output areas - lower layer,298,Age 30 to 44,0.0
12137,2011,E01000927,2011 super output areas - lower layer,298,Age 45 to 59,0.0
12138,2011,E01000927,2011 super output areas - lower layer,298,Age 60 to 64,0.0
12139,2011,E01000927,2011 super output areas - lower layer,298,Age 65 to 74,0.0
12140,2011,E01000927,2011 super output areas - lower layer,298,Age 75 to 84,0.0
12141,2011,E01000927,2011 super output areas - lower layer,298,Age 85 to 89,0.0
12142,2011,E01000927,2011 super output areas - lower layer,298,Age 90 and over,0.0
12143,2011,E01000927,2011 super output areas - lower layer,298,Mean Age,
12144,2011,E01000927,2011 super output areas - lower layer,298,Median Age,0.5
12145,2011,E01000927,2011 super output areas - lower layer,298,All usual residents,0.0
12146,2011,E01000927,2011 super output areas - lower layer,298,Age 0 to 4,0.0
12147,2011,E01000927,2011 super output areas - lower layer,298,Age 5 to 7,0.0
12148,2011,E01000927,2011 super output areas - lower layer,298,Age 8 to 9,0.0
12149,2011,E01000927,2011 super output areas - lower layer,298,Age 10 to 14,0.0
12150,2011,E01000927,2011 super output areas - lower layer,298,Age 15,0.0
12151,2011,E01000927,2011 super output areas - lower layer,298,Age 16 to 17,0.0
12152,2011,E01000927,2011 super output areas - lower layer,298,Age 18 to 19,0.0
12153,2011,E01000927,2011 super output areas - lower layer,298,Age 20 to 24,0.0
12154,2011,E01000927,2011 super output areas - lower layer,298,Age 25 to 29,0.0
12155,2011,E01000927,2011 super output areas - lower layer,298,Age 30 to 44,0.0
12156,2011,E01000927,2011 super output areas - lower layer,298,Age 45 to 59,0.0
12157,2011,E01000927,2011 super output areas - lower layer,298,Age 60 to 64,0.0
12158,2011,E01000927,2011 super output areas - lower layer,298,Age 65 to 74,0.0
12159,2011,E01000927,2011 super output areas - lower layer,298,Age 75 to 84,0.0
12160,2011,E01000927,2011 super output areas - lower layer,298,Age 85 to 89,0.0
12161,2011,E01000927,2011 super output areas - lower layer,298,Age 90 and over,0.0
12162,2011,E01000927,2011 super output areas - lower layer,298,Mean Age,
12163,2011,E01000927,2011 super output areas - lower layer,298,Median Age,0.5
12164,2011,E01000927,2011 super output areas - lower layer,298,All usual residents,0.0
12165,2011,E01000927,2011 super output areas - lower layer,298,Age 0 to 4,0.0
12166,2011,E01000927,2011 super output areas - lower layer,298,Age 5 to 7,0.0
12167,2011,E01000927,2011 super output areas - lower layer,298,Age 8 to 9,0.0
12168,2011,E01000927,2011 super output areas - lower layer,298,Age 10 to 14,0.0
12169,2011,E01000927,2011 super output areas - lower layer,298,Age 15,0.0
12170,2011,E01000927,2011 super output areas - lower layer,298,Age 16 to 17,0.0
12171,2011,E01000927,2011 super output areas - lower layer,298,Age 18 to 19,0.0
12172,2011,E01000927,2011 super output areas - lower layer,298,Age 20 to 24,0.0
12173,2011,E01000927,2011 super output areas - lower layer,298,Age 25 to 29,0.0
12174,2011,E01000927,2011 super output areas - lower layer,298,Age 30 to 44,0.0
12175,2011,E01000927,2011 super output areas - lower layer,298,Age 45 to 59,0.0
12176,2011,E01000927,2011 super output areas - lower layer,298,Age 60 to 64,0.0
12177,2011,E01000927,2011 super output areas - lower layer,298,Age 65 to 74,0.0
12178,2011,E01000927,2011 super output areas - lower layer,298,Age 75 to 84,0.0
12179,2011,E01000927,2011 super output areas - lower layer,298,Age 85 to 89,0.0
12180,2011,E01000927,2011 super output areas - lower layer,298,Age 90 and over,0.0
12181,2011,E01000927,2011 super output areas - lower layer,298,Mean Age,
12182,2011,E01000927,2011 super output areas - lower layer,298,Median Age,0.5
12183,2011,E01000927,2011 super output areas - lower layer,298,All usual residents,0.0
12184,2011,E01000927,2011 super output areas - lower layer,298,Age 0 to 4,0.0
12185,2011,E01000927,2011 super output areas - lower layer,298,Age 5 to 7,0.0
12186,2011,E01000927,2011 super output areas - lower layer,298,Age 8 to 9,0.0
12187,2011,E01000927,2011 super output areas - lower layer,298,Age 10 to 14,0.0
12188,2011,E01000927,2011 super output areas - lower layer,298,Age 15,0.0
12189,2011,E01000927,2011 super output areas - lower layer,298,Age 16 to 17,0.0
12190,2011,E01000927,2011 super output areas - lower layer,298,Age 18 to 19,0.0
12191,2011,E01000927,2011 super output areas - lower layer,298,Age 20 to 24,0.0
12192,2011,E01000927,2011 super output areas - lower layer,298,Age 25 to 29,0.0
12193,2011,E01000927,2011 super output areas - lower layer,298,Age 30 to 44,0.0
12194,2011,E01000927,2011 super output areas - lower layer,298,Age 45 to 59,0.0
12195,2011,E01000927,2011 super output areas - lower layer,298,Age 60 to 64,0.0
12196,2011,E01000927,2011 super output areas - lower layer,298,Age 65 to 74,0.0
12197,2011,E01000927,2011 super output areas - lower layer,298,Age 75 to 84,0.0
12198,2011,E01000927,2011 super output areas - lower layer,298,Age 85 to 89,0.0
12199,2011,E01000927,2011 super output areas - lower layer,298,Age 90 and over,0.0
12200,2011,E01000927,2011 super output areas - lower layer,298,Mean Age,
12201,2011,E01000927,2011 super output areas - lower layer,298,Median Age,0.5
12202,2011,E01000927,2011 super output areas - lower layer,298,All usual residents,0.0
12203,2011,E01000927,2011 super output areas - lower layer,298,Age 0 to 4,0.0
12204,2011,E01000927,2011 super output areas - lower layer,298,Age 5 to 7,0.0
12205,2011,E01000927,2011 super output areas - lower layer,298,Age 8 to 9,0.0
12206,2011,E01000927,2011 super output areas - lower layer,298,Age 10 to 14,0.0
12207,2011,E01000927,2011 super output areas - lower layer,298,Age 15,0.0
12208,2011,E01000927,2011 super output areas - lower layer,298,Age 16 to 17,0.0
12209,2011,E01000927,2011 super output areas - lower layer,298,Age 18 to 19,0.0
12210,2011,E01000927,2011 super output areas - lower layer,298,Age 20 to 24,0.0
12211,2011,E01000927,2011 super output areas - lower layer,298,Age 25 to 29,0.0
12212,2011,E01000927,2011 super output areas - lower layer,298,Age 30 to 44,0.0
12213,2011,E01000927,2011 super output areas - lower layer,298,Age 45 to 59,0.0
12214,2011,E01000927,2011 super output areas - lower layer,298,Age 60 to 64,0.0
12215,2011,E01000927,2011 super output areas - lower layer,298,Age 65 to 74,0.0
12216,2011,E01000927,2011 super output areas - lower layer,298,Age 75 to 84,0.0
12217,2011,E01000927,2011 super output areas - lower layer,298,Age 85 to 89,0.0
12218,2011,E01000927,2011 super output areas - lower layer,298,Age 90 and over,0.0
12219,2011,E01000927,2011 super output areas - lower layer,298,Mean Age,
12220,2011,E01000927,2011 super output areas - lower layer,298,Median Age,0.5
12221,2011,E01000927,2011 super output areas - lower layer,298,All usual residents,0.0
12222,2011,E01000927,2011 super output areas - lower layer,298,Age 0 to 4,0.0
12223,2011,E01000927,2011 super output areas - lower layer,298,Age 5 to 7,0.0
12224,2011,E01000927,2011 super output areas - lower layer,298,Age 8 to 9,0.0
12225,2011,E01000927,2011 super output areas - lower layer,298,Age 10 to 14,0.0
12226,2011,E01000927,2011 super output areas - lower layer,298,Age 15,0.0
12227,2011,E01000927,2011 super output areas - lower layer,298,Age 16 to 17,0.0
12228,2011,E01000927,2011 super output areas - lower layer,298,Age 18 to 19,0.0
12229,2011,E01000927,2011 super output areas - lower layer,298,Age 20 to 24,0.0
12230,2011,E01000927,2011 super output areas - lower layer,298,Age 25 to 29,0.0
12231,2011,E01000927,2011 super output areas - lower layer,298,Age 30 to 44,0.0
12232,2011,E01000927,2011 super output areas - lower layer,298,Age 45 to 59,0.0
12233,2011,E01000927,2011 super output areas - lower layer,298,Age 60 to 64,0.0
12234,2011,E01000927,2011 super output areas - lower layer,298,Age 65 to 74,0.0
12235,2011,E01000927,2011 super output areas - lower layer,298,Age 75 to 84,0.0
12236,2011,E01000927,2011 super output areas - lower layer,298,Age 85 to 89,0.0
12237,2011,E01000927,2011 super output areas - lower layer,298,Age 90 and over,0.0
12238,2011,E01000927,2011 super output areas - lower layer,298,Mean Age,
12239,2011,E01000927,2011 super output areas - lower layer,298,Median Age,0.5
12240,2011,E01000927,2011 super output areas - lower layer,298,All usual residents,0.0
12241,2011,E01000927,2011 super output areas - lower layer,298,Age 0 to 4,0.0
12242,2011,E01000927,2011 super output areas - lower layer,298,Age 5 to 7,0.0
12243,2011,E01000927,2011 super output areas - lower layer,298,Age 8 to 9,0.0
12244,2011,E01000927,2011 super output areas - lower layer,298,Age 10 to 14,0.0
12245,2011,E01000927,2011 super output areas - lower layer,298,Age 15,0.0
12246,2011,E01000927,2011 super output areas - lower layer,298,Age 16 to 17,0.0
12247,2011,E01000927,2011 super output areas - lower layer,298,Age 18 to 19,0.0
12248,2011,E01000927,2011 super output areas - lower layer,298,Age 20 to 24,0.0
12249,2011,E01000927,2011 super output areas - lower layer,298,Age 25 to 29,0.0
12250,2011,E01000927,2011 super output areas - lower layer,298,Age 30 to 44,0.0
12251,2011,E01000927,2011 super output areas - lower layer,298,Age 45 to 59,0.0
12252,2011,E01000927,2011 super output areas - lower layer,298,Age 60 to 64,0.0
12253,2011,E01000927,2011 super output areas - lower layer,298,Age 65 to 74,0.0
12254,2011,E01000927,2011 super output areas - lower layer,298,Age 75 to 84,0.0
12255,2011,E01000927,2011 super output areas - lower layer,298,Age 85 to 89,0.0
12256,2011,E01000927,2011 super output areas - lower layer,298,Age 90 and over,0.0
12257,2011,E01000927,2011 super output areas - lower layer,298,Mean Age,
12258,2011,E01000927,2011 super output areas - lower layer,298,Median Age,0.5
12259,2011,E01000927,2011 super output areas - lower layer,298,All usual residents,0.0
12260,2011,E01000927,2011 super output areas - lower layer,298,Age 0 to 4,0.0
12261,2011,E01000927,2011 super output areas - lower layer,298,Age 5 to 7,0.0
12262,2011,E01000927,2011 super output areas - lower layer,298,Age 8 to 9,0.0
12263,2011,E01000927,2011 super output areas - lower layer,298,Age 10 to 14,0.0
12264,2011,E01000927,2011 super output areas - lower layer,298,Age 15,0.0
12265,2011,E01000927,2011 super output areas - lower layer,298,Age 16 to 17,0.0
12266,2011,E01000927,2011 super output areas - lower layer,298,Age 18 to 19,0.0
12267,2011,E01000927,2011 super output areas - lower layer,298,Age 20 to 24,0.0
12268,2011,E01000927,2011 super output areas - lower layer,298,Age 25 to 29,0.0
12269,2011,E01000927,2011 super output areas - lower layer,298,Age 30 to 44,0.0
12270,2011,E01000927,2011 super output areas - lower layer,298,Age 45 to 59,0.0
12271,2011,E01000927,2011 super output areas - lower layer,298,Age 60 to 64,0.0
12272,2011,E01000927,2011 super output areas - lower layer,298,Age 65 to 74,0.0
12273,2011,E01000927,2011 super output areas - lower layer,298,Age 75 to 84,0.0
12274,2011,E01000927,2011 super output areas - lower layer,298,Age 85 to 89,0.0
12275,2011,E01000927,2011 super output areas - lower layer,298,Age 90 and over,0.0
12276,2011,E01000927,2011 super output areas - lower layer,298,Mean Age,
12277,2011,E01000927,2011 super output areas - lower layer,298,Median Age,0.5
12278,2011,E01000927,2011 super output areas - lower layer,298,All usual residents,0.0
12279,2011,E01000927,2011 super output areas - lower layer,298,Age 0 to 4,0.0
12280,2011,E01000927,2011 super output areas - lower layer,298,Age 5 to 7,0.0
12281,2011,E01000927,2011 super output areas - lower layer,298,Age 8 to 9,0.0
12282,2011,E01000927,2011 super output areas - lower layer,298,Age 10 to 14,0.0
12283,2011,E01000927,2011 super output areas - lower layer,298,Age 15,0.0
12284,2011,E01000927,2011 super output areas - lower layer,298,Age 16 to 17,0.0
12285,2011,E01000927,2011 super output areas - lower layer,298,Age 18 to 19,0.0
12286,2011,E01000927,2011 super output areas - lower layer,298,Age 20 to 24,0.0
12287,2011,E01000927,2011 super output areas - lower layer,298,Age 25 to 29,0.0
12288,2011,E01000927,2011 super output areas - lower layer,298,Age 30 to 44,0.0
12289,2011,E01000927,2011 super output areas - lower layer,298,Age 45 to 59,0.0
12290,2011,E01000927,2011 super output areas - lower layer,298,Age 60 to 64,0.0
12291,2011,E01000927,2011 super output areas - lower layer,298,Age 65 to 74,0.0
12292,2011,E01000927,2011 super output areas - lower layer,298,Age 75 to 84,0.0
12293,2011,E01000927,2011 super output areas - lower layer,298,Age 85 to 89,0.0
12294,2011,E01000927,2011 super output areas - lower layer,298,Age 90 and over,0.0
12295,2011,E01000927,2011 super output areas - lower layer,298,Mean Age,
12296,2011,E01000927,2011 super output areas - lower layer,298,Median Age,0.5
12297,2011,E01000927,2011 super output areas - lower layer,298,All usual residents,0.0
12298,2011,E01000927,2011 super output areas - lower layer,298,Age 0 to 4,0.0
12299,2011,E01000927,2011 super output areas - lower layer,298,Age 5 to 7,0.0
12300,2011,E01000927,2011 super output areas - lower layer,298,Age 8 to 9,0.0
12301,2011,E01000927,2011 super output areas - lower layer,298,Age 10 to 14,0.0
12302,2011,E01000927,2011 super output areas - lower layer,298,Age 15,0.0
12303,2011,E01000927,2011 super output areas - lower layer,298,Age 16 to 17,0.0
12304,2011,E01000927,2011 super output areas - lower layer,298,Age 18 to 19,0.0
12305,2011,E01000927,2011 super output areas - lower layer,298,Age 20 to 24,0.0
12306,2011,E01000927,2011 super output areas - lower layer,298,Age 25 to 29,0.0
12307,2011,E01000927,2011 super output areas - lower layer,298,Age 30 to 44,0.0
12308,2011,E01000927,2011 super output areas - lower layer,298,Age 45 to 59,0.0
12309,2011,E01000927,2011 super output areas - lower layer,298,Age 60 to 64,0.0
12310,2011,E01000927,2011 super output areas - lower layer,298,Age 65 to 74,0.0
12311,2011,E01000927,2011 super output areas - lower layer,298,Age 75 to 84,0.0
12312,2011,E01000927,2011 super output areas - lower layer,298,Age 85 to 89,0.0
12313,2011,E01000927,2011 super output areas - lower layer,298,Age 90 and over,0.0
12314,2011,E01000927,2011 super output areas - lower layer,298,Mean Age,
12315,2011,E01000927,2011 super output areas - lower layer,298,Median Age,0.5
12316,2011,E01000927,2011 super output areas - lower layer,298,All usual residents,0.0
12317,2011,E01000927,2011 super output areas - lower layer,298,Age 0 to 4,0.0
12318,2011,E01000927,2011 super output areas - lower layer,298,Age 5 to 7,0.0
12319,2011,E01000927,2011 super output areas - lower layer,298,Age 8 to 9,0.0
12320,2011,E01000927,2011 super output areas - lower layer,298,Age 10 to 14,0.0
12321,2011,E01000927,2011 super output areas - lower layer,298,Age 15,0.0
12322,2011,E01000927,2011 super output areas - lower layer,298,Age 16 to 17,0.0
12323,2011,E01000927,2011 super output areas - lower layer,298,Age 18 to 19,0.0
12324,2011,E01000927,2011 super output areas - lower layer,298,Age 20 to 24,0.0
12325,2011,E01000927,2011 super output areas - lower layer,298,Age 25 to 29,0.0
12326,2011,E01000927,2011 super output areas - lower layer,298,Age 30 to 44,0.0
12327,2011,E01000927,2011 super output areas - lower layer,298,Age 45 to 59,0.0
12328,2011,E01000927,2011 super output areas - lower layer,298,Age 60 to 64,0.0
12329,2011,E01000927,2011 super output areas - lower layer,298,Age 65 to 74,0.0
12330,2011,E01000927,2011 super output areas - lower layer,298,Age 75 to 84,0.0
12331,2011,E01000927,2011 super output areas - lower layer,298,Age 85 to 89,0.0
12332,2011,E01000927,2011 super output areas - lower layer,298,Age 90 and over,0.0
12333,2011,E01000927,2011 super output areas - lower layer,298,Mean Age,
12334,2011,E01000927,2011 super output areas - lower layer,298,Median Age,0.5
12335,2011,E01000927,2011 super output areas - lower layer,298,All usual residents,0.0
12336,2011,E01000927,2011 super output areas - lower layer,298,Age 0 to 4,0.0
12337,2011,E01000927,2011 super output areas - lower layer,298,Age 5 to 7,0.0
12338,2011,E01000927,2011 super output areas - lower layer,298,Age 8 to 9,0.0
12339,2011,E01000927,2011 super output areas - lower layer,298,Age 10 to 14,0.0
12340,2011,E01000927,2011 super output areas - lower layer,298,Age 15,0.0
12341,2011,E01000927,2011 super output areas - lower layer,298,Age 16 to 17,0.0
12342,2011,E01000927,2011 super output areas - lower layer,298,Age 18 to 19,0.0
12343,2011,E01000927,2011 super output areas - lower layer,298,Age 20 to 24,0.0
12344,2011,E01000927,2011 super output areas - lower layer,298,Age 25 to 29,0.0
12345,2011,E01000927,2011 super output areas - lower layer,298,Age 30 to 44,0.0
12346,2011,E01000927,2011 super output areas - lower layer,298,Age 45 to 59,0.0
12347,2011,E01000927,2011 super output areas - lower layer,298,Age 60 to 64,0.0
12348,2011,E01000927,2011 super output areas - lower layer,298,Age 65 to 74,0.0
12349,2011,E01000927,2011 super output areas - lower layer,298,Age 75 to 84,0.0
12350,2011,E01000927,2011 super output areas - lower layer,298,Age 85 to 89,0.0
12351,2011,E01000927,2011 super output areas - lower layer,298,Age 90 and over,0.0
12352,2011,E01000927,2011 super output areas - lower layer,298,Mean Age,
12353,2011,E01000927,2011 super output areas - lower layer,298,Median Age,0.5
12354,2011,E01000881,2011 super output areas - lower layer,298,All usual residents,1510.0
12355,2011,E01000881,2011 super output areas - lower layer,298,Age 0 to 4,96.0
12356,2011,E01000881,2011 super output areas - lower layer,298,Age 5 to 7,38.0
12357,2011,E01000881,2011 super output areas - lower layer,298,Age 8 to 9,22.0
12358,2011,E01000881,2011 super output areas - lower layer,298,Age 10 to 14,116.0
12359,2011,E01000881,2011 super output areas - lower layer,298,Age 15,5.0
12360,2011,E01000881,2011 super output areas - lower layer,298,Age 16 to 17,12.0
12361,2011,E01000881,2011 super output areas - lower layer,298,Age 18 to 19,33.0
12362,2011,E01000881,2011 super output areas - lower layer,298,Age 20 to 24,125.0
12363,2011,E01000881,2011 super output areas - lower layer,298,Age 25 to 29,203.0
12364,2011,E01000881,2011 super output areas - lower layer,298,Age 30 to 44,412.0
12365,2011,E01000881,2011 super output areas - lower layer,298,Age 45 to 59,257.0
12366,2011,E01000881,2011 super output areas - lower layer,298,Age 60 to 64,38.0
12367,2011,E01000881,2011 super output areas - lower layer,298,Age 65 to 74,82.0
12368,2011,E01000881,2011 super output areas - lower layer,298,Age 75 to 84,52.0
12369,2011,E01000881,2011 super output areas - lower layer,298,Age 85 to 89,15.0
12370,2011,E01000881,2011 super output areas - lower layer,298,Age 90 and over,4.0
12371,2011,E01000881,2011 super output areas - lower layer,298,Mean Age,34.7
12372,2011,E01000881,2011 super output areas - lower layer,298,Median Age,32.0
12373,2011,E01000881,2011 super output areas - lower layer,298,All usual residents,0.0
12374,2011,E01000881,2011 super output areas - lower layer,298,Age 0 to 4,0.0
12375,2011,E01000881,2011 super output areas - lower layer,298,Age 5 to 7,0.0
12376,2011,E01000881,2011 super output areas - lower layer,298,Age 8 to 9,0.0
12377,2011,E01000881,2011 super output areas - lower layer,298,Age 10 to 14,0.0
12378,2011,E01000881,2011 super output areas - lower layer,298,Age 15,0.0
12379,2011,E01000881,2011 super output areas - lower layer,298,Age 16 to 17,0.0
12380,2011,E01000881,2011 super output areas - lower layer,298,Age 18 to 19,0.0
12381,2011,E01000881,2011 super output areas - lower layer,298,Age 20 to 24,0.0
12382,2011,E01000881,2011 super output areas - lower layer,298,Age 25 to 29,0.0
12383,2011,E01000881,2011 super output areas - lower layer,298,Age 30 to 44,0.0
12384,2011,E01000881,2011 super output areas - lower layer,298,Age 45 to 59,0.0
12385,2011,E01000881,2011 super output areas - lower layer,298,Age 60 to 64,0.0
12386,2011,E01000881,2011 super output areas - lower layer,298,Age 65 to 74,0.0
12387,2011,E01000881,2011 super output areas - lower layer,298,Age 75 to 84,0.0
12388,2011,E01000881,2011 super output areas - lower layer,298,Age 85 to 89,0.0
12389,2011,E01000881,2011 super output areas - lower layer,298,Age 90 and over,0.0
12390,2011,E01000881,2011 super output areas - lower layer,298,Mean Age,
12391,2011,E01000881,2011 super output areas - lower layer,298,Median Age,0.5
12392,2011,E01000881,2011 super output areas - lower layer,298,All usual residents,0.0
12393,2011,E01000881,2011 super output areas - lower layer,298,Age 0 to 4,0.0
12394,2011,E01000881,2011 super output areas - lower layer,298,Age 5 to 7,0.0
12395,2011,E01000881,2011 super output areas - lower layer,298,Age 8 to 9,0.0
12396,2011,E01000881,2011 super output areas - lower layer,298,Age 10 to 14,0.0
12397,2011,E01000881,2011 super output areas - lower layer,298,Age 15,0.0
12398,2011,E01000881,2011 super output areas - lower layer,298,Age 16 to 17,0.0
12399,2011,E01000881,2011 super output areas - lower layer,298,Age 18 to 19,0.0
12400,2011,E01000881,2011 super output areas - lower layer,298,Age 20 to 24,0.0
12401,2011,E01000881,2011 super output areas - lower layer,298,Age 25 to 29,0.0
12402,2011,E01000881,2011 super output areas - lower layer,298,Age 30 to 44,0.0
12403,2011,E01000881,2011 super output areas - lower layer,298,Age 45 to 59,0.0
12404,2011,E01000881,2011 super output areas - lower layer,298,Age 60 to 64,0.0
12405,2011,E01000881,2011 super output areas - lower layer,298,Age 65 to 74,0.0
12406,2011,E01000881,2011 super output areas - lower layer,298,Age 75 to 84,0.0
12407,2011,E01000881,2011 super output areas - lower layer,298,Age 85 to 89,0.0
12408,2011,E01000881,2011 super output areas - lower layer,298,Age 90 and over,0.0
12409,2011,E01000881,2011 super output areas - lower layer,298,Mean Age,
12410,2011,E01000881,2011 super output areas - lower layer,298,Median Age,0.5
12411,2011,E01000881,2011 super output areas - lower layer,298,All usual residents,0.0
12412,2011,E01000881,2011 super output areas - lower layer,298,Age 0 to 4,0.0
12413,2011,E01000881,2011 super output areas - lower layer,298,Age 5 to 7,0.0
12414,2011,E01000881,2011 super output areas - lower layer,298,Age 8 to 9,0.0
12415,2011,E01000881,2011 super output areas - lower layer,298,Age 10 to 14,0.0
12416,2011,E01000881,2011 super output areas - lower layer,298,Age 15,0.0
12417,2011,E01000881,2011 super output areas - lower layer,298,Age 16 to 17,0.0
12418,2011,E01000881,2011 super output areas - lower layer,298,Age 18 to 19,0.0
12419,2011,E01000881,2011 super output areas - lower layer,298,Age 20 to 24,0.0
12420,2011,E01000881,2011 super output areas - lower layer,298,Age 25 to 29,0.0
12421,2011,E01000881,2011 super output areas - lower layer,298,Age 30 to 44,0.0
12422,2011,E01000881,2011 super output areas - lower layer,298,Age 45 to 59,0.0
12423,2011,E01000881,2011 super output areas - lower layer,298,Age 60 to 64,0.0
12424,2011,E01000881,2011 super output areas - lower layer,298,Age 65 to 74,0.0
12425,2011,E01000881,2011 super output areas - lower layer,298,Age 75 to 84,0.0
12426,2011,E01000881,2011 super output areas - lower layer,298,Age 85 to 89,0.0
12427,2011,E01000881,2011 super output areas - lower layer,298,Age 90 and over,0.0
12428,2011,E01000881,2011 super output areas - lower layer,298,Mean Age,
12429,2011,E01000881,2011 super output areas - lower layer,298,Median Age,0.5
12430,2011,E01000881,2011 super output areas - lower layer,298,All usual residents,0.0
12431,2011,E01000881,2011 super output areas - lower layer,298,Age 0 to 4,0.0
12432,2011,E01000881,2011 super output areas - lower layer,298,Age 5 to 7,0.0
12433,2011,E01000881,2011 super output areas - lower layer,298,Age 8 to 9,0.0
12434,2011,E01000881,2011 super output areas - lower layer,298,Age 10 to 14,0.0
12435,2011,E01000881,2011 super output areas - lower layer,298,Age 15,0.0
12436,2011,E01000881,2011 super output areas - lower layer,298,Age 16 to 17,0.0
12437,2011,E01000881,2011 super output areas - lower layer,298,Age 18 to 19,0.0
12438,2011,E01000881,2011 super output areas - lower layer,298,Age 20 to 24,0.0
12439,2011,E01000881,2011 super output areas - lower layer,298,Age 25 to 29,0.0
12440,2011,E01000881,2011 super output areas - lower layer,298,Age 30 to 44,0.0
12441,2011,E01000881,2011 super output areas - lower layer,298,Age 45 to 59,0.0
12442,2011,E01000881,2011 super output areas - lower layer,298,Age 60 to 64,0.0
12443,2011,E01000881,2011 super output areas - lower layer,298,Age 65 to 74,0.0
12444,2011,E01000881,2011 super output areas - lower layer,298,Age 75 to 84,0.0
12445,2011,E01000881,2011 super output areas - lower layer,298,Age 85 to 89,0.0
12446,2011,E01000881,2011 super output areas - lower layer,298,Age 90 and over,0.0
12447,2011,E01000881,2011 super output areas - lower layer,298,Mean Age,
12448,2011,E01000881,2011 super output areas - lower layer,298,Median Age,0.5
12449,2011,E01000881,2011 super output areas - lower layer,298,All usual residents,0.0
12450,2011,E01000881,2011 super output areas - lower layer,298,Age 0 to 4,0.0
12451,2011,E01000881,2011 super output areas - lower layer,298,Age 5 to 7,0.0
12452,2011,E01000881,2011 super output areas - lower layer,298,Age 8 to 9,0.0
12453,2011,E01000881,2011 super output areas - lower layer,298,Age 10 to 14,0.0
12454,2011,E01000881,2011 super output areas - lower layer,298,Age 15,0.0
12455,2011,E01000881,2011 super output areas - lower layer,298,Age 16 to 17,0.0
12456,2011,E01000881,2011 super output areas - lower layer,298,Age 18 to 19,0.0
12457,2011,E01000881,2011 super output areas - lower layer,298,Age 20 to 24,0.0
12458,2011,E01000881,2011 super output areas - lower layer,298,Age 25 to 29,0.0
12459,2011,E01000881,2011 super output areas - lower layer,298,Age 30 to 44,0.0
12460,2011,E01000881,2011 super output areas - lower layer,298,Age 45 to 59,0.0
12461,2011,E01000881,2011 super output areas - lower layer,298,Age 60 to 64,0.0
12462,2011,E01000881,2011 super output areas - lower layer,298,Age 65 to 74,0.0
12463,2011,E01000881,2011 super output areas - lower layer,298,Age 75 to 84,0.0
12464,2011,E01000881,2011 super output areas - lower layer,298,Age 85 to 89,0.0
12465,2011,E01000881,2011 super output areas - lower layer,298,Age 90 and over,0.0
12466,2011,E01000881,2011 super output areas - lower layer,298,Mean Age,
12467,2011,E01000881,2011 super output areas - lower layer,298,Median Age,0.5
12468,2011,E01000881,2011 super output areas - lower layer,298,All usual residents,0.0
12469,2011,E01000881,2011 super output areas - lower layer,298,Age 0 to 4,0.0
12470,2011,E01000881,2011 super output areas - lower layer,298,Age 5 to 7,0.0
12471,2011,E01000881,2011 super output areas - lower layer,298,Age 8 to 9,0.0
12472,2011,E01000881,2011 super output areas - lower layer,298,Age 10 to 14,0.0
12473,2011,E01000881,2011 super output areas - lower layer,298,Age 15,0.0
12474,2011,E01000881,2011 super output areas - lower layer,298,Age 16 to 17,0.0
12475,2011,E01000881,2011 super output areas - lower layer,298,Age 18 to 19,0.0
12476,2011,E01000881,2011 super output areas - lower layer,298,Age 20 to 24,0.0
12477,2011,E01000881,2011 super output areas - lower layer,298,Age 25 to 29,0.0
12478,2011,E01000881,2011 super output areas - lower layer,298,Age 30 to 44,0.0
12479,2011,E01000881,2011 super output areas - lower layer,298,Age 45 to 59,0.0
12480,2011,E01000881,2011 super output areas - lower layer,298,Age 60 to 64,0.0
12481,2011,E01000881,2011 super output areas - lower layer,298,Age 65 to 74,0.0
12482,2011,E01000881,2011 super output areas - lower layer,298,Age 75 to 84,0.0
12483,2011,E01000881,2011 super output areas - lower layer,298,Age 85 to 89,0.0
12484,2011,E01000881,2011 super output areas - lower layer,298,Age 90 and over,0.0
12485,2011,E01000881,2011 super output areas - lower layer,298,Mean Age,
12486,2011,E01000881,2011 super output areas - lower layer,298,Median Age,0.5
12487,2011,E01000881,2011 super output areas - lower layer,298,All usual residents,0.0
12488,2011,E01000881,2011 super output areas - lower layer,298,Age 0 to 4,0.0
12489,2011,E01000881,2011 super output areas - lower layer,298,Age 5 to 7,0.0
12490,2011,E01000881,2011 super output areas - lower layer,298,Age 8 to 9,0.0
12491,2011,E01000881,2011 super output areas - lower layer,298,Age 10 to 14,0.0
12492,2011,E01000881,2011 super output areas - lower layer,298,Age 15,0.0
12493,2011,E01000881,2011 super output areas - lower layer,298,Age 16 to 17,0.0
12494,2011,E01000881,2011 super output areas - lower layer,298,Age 18 to 19,0.0
12495,2011,E01000881,2011 super output areas - lower layer,298,Age 20 to 24,0.0
12496,2011,E01000881,2011 super output areas - lower layer,298,Age 25 to 29,0.0
12497,2011,E01000881,2011 super output areas - lower layer,298,Age 30 to 44,0.0
12498,2011,E01000881,2011 super output areas - lower layer,298,Age 45 to 59,0.0
12499,2011,E01000881,2011 super output areas - lower layer,298,Age 60 to 64,0.0
12500,2011,E01000881,2011 super output areas - lower layer,298,Age 65 to 74,0.0
12501,2011,E01000881,2011 super output areas - lower layer,298,Age 75 to 84,0.0
12502,2011,E01000881,2011 super output areas - lower layer,298,Age 85 to 89,0.0
12503,2011,E01000881,2011 super output areas - lower layer,298,Age 90 and over,0.0
12504,2011,E01000881,2011 super output areas - lower layer,298,Mean Age,
12505,2011,E01000881,2011 super output areas - lower layer,298,Median Age,0.5
12506,2011,E01000881,2011 super output areas - lower layer,298,All usual residents,0.0
12507,2011,E01000881,2011 super output areas - lower layer,298,Age 0 to 4,0.0
12508,2011,E01000881,2011 super output areas - lower layer,298,Age 5 to 7,0.0
12509,2011,E01000881,2011 super output areas - lower layer,298,Age 8 to 9,0.0
12510,2011,E01000881,2011 super output areas - lower layer,298,Age 10 to 14,0.0
12511,2011,E01000881,2011 super output areas - lower layer,298,Age 15,0.0
12512,2011,E01000881,2011 super output areas - lower layer,298,Age 16 to 17,0.0
12513,2011,E01000881,2011 super output areas - lower layer,298,Age 18 to 19,0.0
12514,2011,E01000881,2011 super output areas - lower layer,298,Age 20 to 24,0.0
12515,2011,E01000881,2011 super output areas - lower layer,298,Age 25 to 29,0.0
12516,2011,E01000881,2011 super output areas - lower layer,298,Age 30 to 44,0.0
12517,2011,E01000881,2011 super output areas - lower layer,298,Age 45 to 59,0.0
12518,2011,E01000881,2011 super output areas - lower layer,298,Age 60 to 64,0.0
12519,2011,E01000881,2011 super output areas - lower layer,298,Age 65 to 74,0.0
12520,2011,E01000881,2011 super output areas - lower layer,298,Age 75 to 84,0.0
12521,2011,E01000881,2011 super output areas - lower layer,298,Age 85 to 89,0.0
12522,2011,E01000881,2011 super output areas - lower layer,298,Age 90 and over,0.0
12523,2011,E01000881,2011 super output areas - lower layer,298,Mean Age,
12524,2011,E01000881,2011 super output areas - lower layer,298,Median Age,0.5
12525,2011,E01000881,2011 super output areas - lower layer,298,All usual residents,0.0
12526,2011,E01000881,2011 super output areas - lower layer,298,Age 0 to 4,0.0
12527,2011,E01000881,2011 super output areas - lower layer,298,Age 5 to 7,0.0
12528,2011,E01000881,2011 super output areas - lower layer,298,Age 8 to 9,0.0
12529,2011,E01000881,2011 super output areas - lower layer,298,Age 10 to 14,0.0
12530,2011,E01000881,2011 super output areas - lower layer,298,Age 15,0.0
12531,2011,E01000881,2011 super output areas - lower layer,298,Age 16 to 17,0.0
12532,2011,E01000881,2011 super output areas - lower layer,298,Age 18 to 19,0.0
12533,2011,E01000881,2011 super output areas - lower layer,298,Age 20 to 24,0.0
12534,2011,E01000881,2011 super output areas - lower layer,298,Age 25 to 29,0.0
12535,2011,E01000881,2011 super output areas - lower layer,298,Age 30 to 44,0.0
12536,2011,E01000881,2011 super output areas - lower layer,298,Age 45 to 59,0.0
12537,2011,E01000881,2011 super output areas - lower layer,298,Age 60 to 64,0.0
12538,2011,E01000881,2011 super output areas - lower layer,298,Age 65 to 74,0.0
12539,2011,E01000881,2011 super output areas - lower layer,298,Age 75 to 84,0.0
12540,2011,E01000881,2011 super output areas - lower layer,298,Age 85 to 89,0.0
12541,2011,E01000881,2011 super output areas - lower layer,298,Age 90 and over,0.0
12542,2011,E01000881,2011 super output areas - lower layer,298,Mean Age,
12543,2011,E01000881,2011 super output areas - lower layer,298,Median Age,0.5
12544,2011,E01000881,2011 super output areas - lower layer,298,All usual residents,0.0
12545,2011,E01000881,2011 super output areas - lower layer,298,Age 0 to 4,0.0
12546,2011,E01000881,2011 super output areas - lower layer,298,Age 5 to 7,0.0
12547,2011,E01000881,2011 super output areas - lower layer,298,Age 8 to 9,0.0
12548,2011,E01000881,2011 super output areas - lower layer,298,Age 10 to 14,0.0
12549,2011,E01000881,2011 super output areas - lower layer,298,Age 15,0.0
12550,2011,E01000881,2011 super output areas - lower layer,298,Age 16 to 17,0.0
12551,2011,E01000881,2011 super output areas - lower layer,298,Age 18 to 19,0.0
12552,2011,E01000881,2011 super output areas - lower layer,298,Age 20 to 24,0.0
12553,2011,E01000881,2011 super output areas - lower layer,298,Age 25 to 29,0.0
12554,2011,E01000881,2011 super output areas - lower layer,298,Age 30 to 44,0.0
12555,2011,E01000881,2011 super output areas - lower layer,298,Age 45 to 59,0.0
12556,2011,E01000881,2011 super output areas - lower layer,298,Age 60 to 64,0.0
12557,2011,E01000881,2011 super output areas - lower layer,298,Age 65 to 74,0.0
12558,2011,E01000881,2011 super output areas - lower layer,298,Age 75 to 84,0.0
12559,2011,E01000881,2011 super output areas - lower layer,298,Age 85 to 89,0.0
12560,2011,E01000881,2011 super output areas - lower layer,298,Age 90 and over,0.0
12561,2011,E01000881,2011 super output areas - lower layer,298,Mean Age,
12562,2011,E01000881,2011 super output areas - lower layer,298,Median Age,0.5
12563,2011,E01000881,2011 super output areas - lower layer,298,All usual residents,0.0
12564,2011,E01000881,2011 super output areas - lower layer,298,Age 0 to 4,0.0
12565,2011,E01000881,2011 super output areas - lower layer,298,Age 5 to 7,0.0
12566,2011,E01000881,2011 super output areas - lower layer,298,Age 8 to 9,0.0
12567,2011,E01000881,2011 super output areas - lower layer,298,Age 10 to 14,0.0
12568,2011,E01000881,2011 super output areas - lower layer,298,Age 15,0.0
12569,2011,E01000881,2011 super output areas - lower layer,298,Age 16 to 17,0.0
12570,2011,E01000881,2011 super output areas - lower layer,298,Age 18 to 19,0.0
12571,2011,E01000881,2011 super output areas - lower layer,298,Age 20 to 24,0.0
12572,2011,E01000881,2011 super output areas - lower layer,298,Age 25 to 29,0.0
12573,2011,E01000881,2011 super output areas - lower layer,298,Age 30 to 44,0.0
12574,2011,E01000881,2011 super output areas - lower layer,298,Age 45 to 59,0.0
12575,2011,E01000881,2011 super output areas - lower layer,298,Age 60 to 64,0.0
12576,2011,E01000881,2011 super output areas - lower layer,298,Age 65 to 74,0.0
12577,2011,E01000881,2011 super output areas - lower layer,298,Age 75 to 84,0.0
12578,2011,E01000881,2011 super output areas - lower layer,298,Age 85 to 89,0.0
12579,2011,E01000881,2011 super output areas - lower layer,298,Age 90 and over,0.0
12580,2011,E01000881,2011 super output areas - lower layer,298,Mean Age,
12581,2011,E01000881,2011 super output areas - lower layer,298,Median Age,0.5
12582,2011,E01000881,2011 super output areas - lower layer,298,All usual residents,0.0
12583,2011,E01000881,2011 super output areas - lower layer,298,Age 0 to 4,0.0
12584,2011,E01000881,2011 super output areas - lower layer,298,Age 5 to 7,0.0
12585,2011,E01000881,2011 super output areas - lower layer,298,Age 8 to 9,0.0
12586,2011,E01000881,2011 super output areas - lower layer,298,Age 10 to 14,0.0
12587,2011,E01000881,2011 super output areas - lower layer,298,Age 15,0.0
12588,2011,E01000881,2011 super output areas - lower layer,298,Age 16 to 17,0.0
12589,2011,E01000881,2011 super output areas - lower layer,298,Age 18 to 19,0.0
12590,2011,E01000881,2011 super output areas - lower layer,298,Age 20 to 24,0.0
12591,2011,E01000881,2011 super output areas - lower layer,298,Age 25 to 29,0.0
12592,2011,E01000881,2011 super output areas - lower layer,298,Age 30 to 44,0.0
12593,2011,E01000881,2011 super output areas - lower layer,298,Age 45 to 59,0.0
12594,2011,E01000881,2011 super output areas - lower layer,298,Age 60 to 64,0.0
12595,2011,E01000881,2011 super output areas - lower layer,298,Age 65 to 74,0.0
12596,2011,E01000881,2011 super output areas - lower layer,298,Age 75 to 84,0.0
12597,2011,E01000881,2011 super output areas - lower layer,298,Age 85 to 89,0.0
12598,2011,E01000881,2011 super output areas - lower layer,298,Age 90 and over,0.0
12599,2011,E01000881,2011 super output areas - lower layer,298,Mean Age,
12600,2011,E01000881,2011 super output areas - lower layer,298,Median Age,0.5
12601,2011,E01000882,2011 super output areas - lower layer,298,All usual residents,1513.0
12602,2011,E01000882,2011 super output areas - lower layer,298,Age 0 to 4,95.0
12603,2011,E01000882,2011 super output areas - lower layer,298,Age 5 to 7,50.0
12604,2011,E01000882,2011 super output areas - lower layer,298,Age 8 to 9,33.0
12605,2011,E01000882,2011 super output areas - lower layer,298,Age 10 to 14,60.0
12606,2011,E01000882,2011 super output areas - lower layer,298,Age 15,6.0
12607,2011,E01000882,2011 super output areas - lower layer,298,Age 16 to 17,15.0
12608,2011,E01000882,2011 super output areas - lower layer,298,Age 18 to 19,7.0
12609,2011,E01000882,2011 super output areas - lower layer,298,Age 20 to 24,61.0
12610,2011,E01000882,2011 super output areas - lower layer,298,Age 25 to 29,171.0
12611,2011,E01000882,2011 super output areas - lower layer,298,Age 30 to 44,509.0
12612,2011,E01000882,2011 super output areas - lower layer,298,Age 45 to 59,264.0
12613,2011,E01000882,2011 super output areas - lower layer,298,Age 60 to 64,63.0
12614,2011,E01000882,2011 super output areas - lower layer,298,Age 65 to 74,108.0
12615,2011,E01000882,2011 super output areas - lower layer,298,Age 75 to 84,58.0
12616,2011,E01000882,2011 super output areas - lower layer,298,Age 85 to 89,8.0
12617,2011,E01000882,2011 super output areas - lower layer,298,Age 90 and over,5.0
12618,2011,E01000882,2011 super output areas - lower layer,298,Mean Age,37.8
12619,2011,E01000882,2011 super output areas - lower layer,298,Median Age,37.0
12620,2011,E01000882,2011 super output areas - lower layer,298,All usual residents,0.0
12621,2011,E01000882,2011 super output areas - lower layer,298,Age 0 to 4,0.0
12622,2011,E01000882,2011 super output areas - lower layer,298,Age 5 to 7,0.0
12623,2011,E01000882,2011 super output areas - lower layer,298,Age 8 to 9,0.0
12624,2011,E01000882,2011 super output areas - lower layer,298,Age 10 to 14,0.0
12625,2011,E01000882,2011 super output areas - lower layer,298,Age 15,0.0
12626,2011,E01000882,2011 super output areas - lower layer,298,Age 16 to 17,0.0
12627,2011,E01000882,2011 super output areas - lower layer,298,Age 18 to 19,0.0
12628,2011,E01000882,2011 super output areas - lower layer,298,Age 20 to 24,0.0
12629,2011,E01000882,2011 super output areas - lower layer,298,Age 25 to 29,0.0
12630,2011,E01000882,2011 super output areas - lower layer,298,Age 30 to 44,0.0
12631,2011,E01000882,2011 super output areas - lower layer,298,Age 45 to 59,0.0
12632,2011,E01000882,2011 super output areas - lower layer,298,Age 60 to 64,0.0
12633,2011,E01000882,2011 super output areas - lower layer,298,Age 65 to 74,0.0
12634,2011,E01000882,2011 super output areas - lower layer,298,Age 75 to 84,0.0
12635,2011,E01000882,2011 super output areas - lower layer,298,Age 85 to 89,0.0
12636,2011,E01000882,2011 super output areas - lower layer,298,Age 90 and over,0.0
12637,2011,E01000882,2011 super output areas - lower layer,298,Mean Age,
12638,2011,E01000882,2011 super output areas - lower layer,298,Median Age,0.5
12639,2011,E01000882,2011 super output areas - lower layer,298,All usual residents,0.0
12640,2011,E01000882,2011 super output areas - lower layer,298,Age 0 to 4,0.0
12641,2011,E01000882,2011 super output areas - lower layer,298,Age 5 to 7,0.0
12642,2011,E01000882,2011 super output areas - lower layer,298,Age 8 to 9,0.0
12643,2011,E01000882,2011 super output areas - lower layer,298,Age 10 to 14,0.0
12644,2011,E01000882,2011 super output areas - lower layer,298,Age 15,0.0
12645,2011,E01000882,2011 super output areas - lower layer,298,Age 16 to 17,0.0
12646,2011,E01000882,2011 super output areas - lower layer,298,Age 18 to 19,0.0
12647,2011,E01000882,2011 super output areas - lower layer,298,Age 20 to 24,0.0
12648,2011,E01000882,2011 super output areas - lower layer,298,Age 25 to 29,0.0
12649,2011,E01000882,2011 super output areas - lower layer,298,Age 30 to 44,0.0
12650,2011,E01000882,2011 super output areas - lower layer,298,Age 45 to 59,0.0
12651,2011,E01000882,2011 super output areas - lower layer,298,Age 60 to 64,0.0
12652,2011,E01000882,2011 super output areas - lower layer,298,Age 65 to 74,0.0
12653,2011,E01000882,2011 super output areas - lower layer,298,Age 75 to 84,0.0
12654,2011,E01000882,2011 super output areas - lower layer,298,Age 85 to 89,0.0
12655,2011,E01000882,2011 super output areas - lower layer,298,Age 90 and over,0.0
12656,2011,E01000882,2011 super output areas - lower layer,298,Mean Age,
12657,2011,E01000882,2011 super output areas - lower layer,298,Median Age,0.5
12658,2011,E01000882,2011 super output areas - lower layer,298,All usual residents,0.0
12659,2011,E01000882,2011 super output areas - lower layer,298,Age 0 to 4,0.0
12660,2011,E01000882,2011 super output areas - lower layer,298,Age 5 to 7,0.0
12661,2011,E01000882,2011 super output areas - lower layer,298,Age 8 to 9,0.0
12662,2011,E01000882,2011 super output areas - lower layer,298,Age 10 to 14,0.0
12663,2011,E01000882,2011 super output areas - lower layer,298,Age 15,0.0
12664,2011,E01000882,2011 super output areas - lower layer,298,Age 16 to 17,0.0
12665,2011,E01000882,2011 super output areas - lower layer,298,Age 18 to 19,0.0
12666,2011,E01000882,2011 super output areas - lower layer,298,Age 20 to 24,0.0
12667,2011,E01000882,2011 super output areas - lower layer,298,Age 25 to 29,0.0
12668,2011,E01000882,2011 super output areas - lower layer,298,Age 30 to 44,0.0
12669,2011,E01000882,2011 super output areas - lower layer,298,Age 45 to 59,0.0
12670,2011,E01000882,2011 super output areas - lower layer,298,Age 60 to 64,0.0
12671,2011,E01000882,2011 super output areas - lower layer,298,Age 65 to 74,0.0
12672,2011,E01000882,2011 super output areas - lower layer,298,Age 75 to 84,0.0
12673,2011,E01000882,2011 super output areas - lower layer,298,Age 85 to 89,0.0
12674,2011,E01000882,2011 super output areas - lower layer,298,Age 90 and over,0.0
12675,2011,E01000882,2011 super output areas - lower layer,298,Mean Age,
12676,2011,E01000882,2011 super output areas - lower layer,298,Median Age,0.5
12677,2011,E01000882,2011 super output areas - lower layer,298,All usual residents,0.0
12678,2011,E01000882,2011 super output areas - lower layer,298,Age 0 to 4,0.0
12679,2011,E01000882,2011 super output areas - lower layer,298,Age 5 to 7,0.0
12680,2011,E01000882,2011 super output areas - lower layer,298,Age 8 to 9,0.0
12681,2011,E01000882,2011 super output areas - lower layer,298,Age 10 to 14,0.0
12682,2011,E01000882,2011 super output areas - lower layer,298,Age 15,0.0
12683,2011,E01000882,2011 super output areas - lower layer,298,Age 16 to 17,0.0
12684,2011,E01000882,2011 super output areas - lower layer,298,Age 18 to 19,0.0
12685,2011,E01000882,2011 super output areas - lower layer,298,Age 20 to 24,0.0
12686,2011,E01000882,2011 super output areas - lower layer,298,Age 25 to 29,0.0
12687,2011,E01000882,2011 super output areas - lower layer,298,Age 30 to 44,0.0
12688,2011,E01000882,2011 super output areas - lower layer,298,Age 45 to 59,0.0
12689,2011,E01000882,2011 super output areas - lower layer,298,Age 60 to 64,0.0
12690,2011,E01000882,2011 super output areas - lower layer,298,Age 65 to 74,0.0
12691,2011,E01000882,2011 super output areas - lower layer,298,Age 75 to 84,0.0
12692,2011,E01000882,2011 super output areas - lower layer,298,Age 85 to 89,0.0
12693,2011,E01000882,2011 super output areas - lower layer,298,Age 90 and over,0.0
12694,2011,E01000882,2011 super output areas - lower layer,298,Mean Age,
12695,2011,E01000882,2011 super output areas - lower layer,298,Median Age,0.5
12696,2011,E01000882,2011 super output areas - lower layer,298,All usual residents,0.0
12697,2011,E01000882,2011 super output areas - lower layer,298,Age 0 to 4,0.0
12698,2011,E01000882,2011 super output areas - lower layer,298,Age 5 to 7,0.0
12699,2011,E01000882,2011 super output areas - lower layer,298,Age 8 to 9,0.0
12700,2011,E01000882,2011 super output areas - lower layer,298,Age 10 to 14,0.0
12701,2011,E01000882,2011 super output areas - lower layer,298,Age 15,0.0
12702,2011,E01000882,2011 super output areas - lower layer,298,Age 16 to 17,0.0
12703,2011,E01000882,2011 super output areas - lower layer,298,Age 18 to 19,0.0
12704,2011,E01000882,2011 super output areas - lower layer,298,Age 20 to 24,0.0
12705,2011,E01000882,2011 super output areas - lower layer,298,Age 25 to 29,0.0
12706,2011,E01000882,2011 super output areas - lower layer,298,Age 30 to 44,0.0
12707,2011,E01000882,2011 super output areas - lower layer,298,Age 45 to 59,0.0
12708,2011,E01000882,2011 super output areas - lower layer,298,Age 60 to 64,0.0
12709,2011,E01000882,2011 super output areas - lower layer,298,Age 65 to 74,0.0
12710,2011,E01000882,2011 super output areas - lower layer,298,Age 75 to 84,0.0
12711,2011,E01000882,2011 super output areas - lower layer,298,Age 85 to 89,0.0
12712,2011,E01000882,2011 super output areas - lower layer,298,Age 90 and over,0.0
12713,2011,E01000882,2011 super output areas - lower layer,298,Mean Age,
12714,2011,E01000882,2011 super output areas - lower layer,298,Median Age,0.5
12715,2011,E01000882,2011 super output areas - lower layer,298,All usual residents,0.0
12716,2011,E01000882,2011 super output areas - lower layer,298,Age 0 to 4,0.0
12717,2011,E01000882,2011 super output areas - lower layer,298,Age 5 to 7,0.0
12718,2011,E01000882,2011 super output areas - lower layer,298,Age 8 to 9,0.0
12719,2011,E01000882,2011 super output areas - lower layer,298,Age 10 to 14,0.0
12720,2011,E01000882,2011 super output areas - lower layer,298,Age 15,0.0
12721,2011,E01000882,2011 super output areas - lower layer,298,Age 16 to 17,0.0
12722,2011,E01000882,2011 super output areas - lower layer,298,Age 18 to 19,0.0
12723,2011,E01000882,2011 super output areas - lower layer,298,Age 20 to 24,0.0
12724,2011,E01000882,2011 super output areas - lower layer,298,Age 25 to 29,0.0
12725,2011,E01000882,2011 super output areas - lower layer,298,Age 30 to 44,0.0
12726,2011,E01000882,2011 super output areas - lower layer,298,Age 45 to 59,0.0
12727,2011,E01000882,2011 super output areas - lower layer,298,Age 60 to 64,0.0
12728,2011,E01000882,2011 super output areas - lower layer,298,Age 65 to 74,0.0
12729,2011,E01000882,2011 super output areas - lower layer,298,Age 75 to 84,0.0
12730,2011,E01000882,2011 super output areas - lower layer,298,Age 85 to 89,0.0
12731,2011,E01000882,2011 super output areas - lower layer,298,Age 90 and over,0.0
12732,2011,E01000882,2011 super output areas - lower layer,298,Mean Age,
12733,2011,E01000882,2011 super output areas - lower layer,298,Median Age,0.5
12734,2011,E01000882,2011 super output areas - lower layer,298,All usual residents,0.0
12735,2011,E01000882,2011 super output areas - lower layer,298,Age 0 to 4,0.0
12736,2011,E01000882,2011 super output areas - lower layer,298,Age 5 to 7,0.0
12737,2011,E01000882,2011 super output areas - lower layer,298,Age 8 to 9,0.0
12738,2011,E01000882,2011 super output areas - lower layer,298,Age 10 to 14,0.0
12739,2011,E01000882,2011 super output areas - lower layer,298,Age 15,0.0
12740,2011,E01000882,2011 super output areas - lower layer,298,Age 16 to 17,0.0
12741,2011,E01000882,2011 super output areas - lower layer,298,Age 18 to 19,0.0
12742,2011,E01000882,2011 super output areas - lower layer,298,Age 20 to 24,0.0
12743,2011,E01000882,2011 super output areas - lower layer,298,Age 25 to 29,0.0
12744,2011,E01000882,2011 super output areas - lower layer,298,Age 30 to 44,0.0
12745,2011,E01000882,2011 super output areas - lower layer,298,Age 45 to 59,0.0
12746,2011,E01000882,2011 super output areas - lower layer,298,Age 60 to 64,0.0
12747,2011,E01000882,2011 super output areas - lower layer,298,Age 65 to 74,0.0
12748,2011,E01000882,2011 super output areas - lower layer,298,Age 75 to 84,0.0
12749,2011,E01000882,2011 super output areas - lower layer,298,Age 85 to 89,0.0
12750,2011,E01000882,2011 super output areas - lower layer,298,Age 90 and over,0.0
12751,2011,E01000882,2011 super output areas - lower layer,298,Mean Age,
12752,2011,E01000882,2011 super output areas - lower layer,298,Median Age,0.5
12753,2011,E01000882,2011 super output areas - lower layer,298,All usual residents,0.0
12754,2011,E01000882,2011 super output areas - lower layer,298,Age 0 to 4,0.0
12755,2011,E01000882,2011 super output areas - lower layer,298,Age 5 to 7,0.0
12756,2011,E01000882,2011 super output areas - lower layer,298,Age 8 to 9,0.0
12757,2011,E01000882,2011 super output areas - lower layer,298,Age 10 to 14,0.0
12758,2011,E01000882,2011 super output areas - lower layer,298,Age 15,0.0
12759,2011,E01000882,2011 super output areas - lower layer,298,Age 16 to 17,0.0
12760,2011,E01000882,2011 super output areas - lower layer,298,Age 18 to 19,0.0
12761,2011,E01000882,2011 super output areas - lower layer,298,Age 20 to 24,0.0
12762,2011,E01000882,2011 super output areas - lower layer,298,Age 25 to 29,0.0
12763,2011,E01000882,2011 super output areas - lower layer,298,Age 30 to 44,0.0
12764,2011,E01000882,2011 super output areas - lower layer,298,Age 45 to 59,0.0
12765,2011,E01000882,2011 super output areas - lower layer,298,Age 60 to 64,0.0
12766,2011,E01000882,2011 super output areas - lower layer,298,Age 65 to 74,0.0
12767,2011,E01000882,2011 super output areas - lower layer,298,Age 75 to 84,0.0
12768,2011,E01000882,2011 super output areas - lower layer,298,Age 85 to 89,0.0
12769,2011,E01000882,2011 super output areas - lower layer,298,Age 90 and over,0.0
12770,2011,E01000882,2011 super output areas - lower layer,298,Mean Age,
12771,2011,E01000882,2011 super output areas - lower layer,298,Median Age,0.5
12772,2011,E01000882,2011 super output areas - lower layer,298,All usual residents,0.0
12773,2011,E01000882,2011 super output areas - lower layer,298,Age 0 to 4,0.0
12774,2011,E01000882,2011 super output areas - lower layer,298,Age 5 to 7,0.0
12775,2011,E01000882,2011 super output areas - lower layer,298,Age 8 to 9,0.0
12776,2011,E01000882,2011 super output areas - lower layer,298,Age 10 to 14,0.0
12777,2011,E01000882,2011 super output areas - lower layer,298,Age 15,0.0
12778,2011,E01000882,2011 super output areas - lower layer,298,Age 16 to 17,0.0
12779,2011,E01000882,2011 super output areas - lower layer,298,Age 18 to 19,0.0
12780,2011,E01000882,2011 super output areas - lower layer,298,Age 20 to 24,0.0
12781,2011,E01000882,2011 super output areas - lower layer,298,Age 25 to 29,0.0
12782,2011,E01000882,2011 super output areas - lower layer,298,Age 30 to 44,0.0
12783,2011,E01000882,2011 super output areas - lower layer,298,Age 45 to 59,0.0
12784,2011,E01000882,2011 super output areas - lower layer,298,Age 60 to 64,0.0
12785,2011,E01000882,2011 super output areas - lower layer,298,Age 65 to 74,0.0
12786,2011,E01000882,2011 super output areas - lower layer,298,Age 75 to 84,0.0
12787,2011,E01000882,2011 super output areas - lower layer,298,Age 85 to 89,0.0
12788,2011,E01000882,2011 super output areas - lower layer,298,Age 90 and over,0.0
12789,2011,E01000882,2011 super output areas - lower layer,298,Mean Age,
12790,2011,E01000882,2011 super output areas - lower layer,298,Median Age,0.5
12791,2011,E01000882,2011 super output areas - lower layer,298,All usual residents,0.0
12792,2011,E01000882,2011 super output areas - lower layer,298,Age 0 to 4,0.0
12793,2011,E01000882,2011 super output areas - lower layer,298,Age 5 to 7,0.0
12794,2011,E01000882,2011 super output areas - lower layer,298,Age 8 to 9,0.0
12795,2011,E01000882,2011 super output areas - lower layer,298,Age 10 to 14,0.0
12796,2011,E01000882,2011 super output areas - lower layer,298,Age 15,0.0
12797,2011,E01000882,2011 super output areas - lower layer,298,Age 16 to 17,0.0
12798,2011,E01000882,2011 super output areas - lower layer,298,Age 18 to 19,0.0
12799,2011,E01000882,2011 super output areas - lower layer,298,Age 20 to 24,0.0
12800,2011,E01000882,2011 super output areas - lower layer,298,Age 25 to 29,0.0
12801,2011,E01000882,2011 super output areas - lower layer,298,Age 30 to 44,0.0
12802,2011,E01000882,2011 super output areas - lower layer,298,Age 45 to 59,0.0
12803,2011,E01000882,2011 super output areas - lower layer,298,Age 60 to 64,0.0
12804,2011,E01000882,2011 super output areas - lower layer,298,Age 65 to 74,0.0
12805,2011,E01000882,2011 super output areas - lower layer,298,Age 75 to 84,0.0
12806,2011,E01000882,2011 super output areas - lower layer,298,Age 85 to 89,0.0
12807,2011,E01000882,2011 super output areas - lower layer,298,Age 90 and over,0.0
12808,2011,E01000882,2011 super output areas - lower layer,298,Mean Age,
12809,2011,E01000882,2011 super output areas - lower layer,298,Median Age,0.5
12810,2011,E01000882,2011 super output areas - lower layer,298,All usual residents,0.0
12811,2011,E01000882,2011 super output areas - lower layer,298,Age 0 to 4,0.0
12812,2011,E01000882,2011 super output areas - lower layer,298,Age 5 to 7,0.0
12813,2011,E01000882,2011 super output areas - lower layer,298,Age 8 to 9,0.0
12814,2011,E01000882,2011 super output areas - lower layer,298,Age 10 to 14,0.0
12815,2011,E01000882,2011 super output areas - lower layer,298,Age 15,0.0
12816,2011,E01000882,2011 super output areas - lower layer,298,Age 16 to 17,0.0
12817,2011,E01000882,2011 super output areas - lower layer,298,Age 18 to 19,0.0
12818,2011,E01000882,2011 super output areas - lower layer,298,Age 20 to 24,0.0
12819,2011,E01000882,2011 super output areas - lower layer,298,Age 25 to 29,0.0
12820,2011,E01000882,2011 super output areas - lower layer,298,Age 30 to 44,0.0
12821,2011,E01000882,2011 super output areas - lower layer,298,Age 45 to 59,0.0
12822,2011,E01000882,2011 super output areas - lower layer,298,Age 60 to 64,0.0
12823,2011,E01000882,2011 super output areas - lower layer,298,Age 65 to 74,0.0
12824,2011,E01000882,2011 super output areas - lower layer,298,Age 75 to 84,0.0
12825,2011,E01000882,2011 super output areas - lower layer,298,Age 85 to 89,0.0
12826,2011,E01000882,2011 super output areas - lower layer,298,Age 90 and over,0.0
12827,2011,E01000882,2011 super output areas - lower layer,298,Mean Age,
12828,2011,E01000882,2011 super output areas - lower layer,298,Median Age,0.5
12829,2011,E01000882,2011 super output areas - lower layer,298,All usual residents,0.0
12830,2011,E01000882,2011 super output areas - lower layer,298,Age 0 to 4,0.0
12831,2011,E01000882,2011 super output areas - lower layer,298,Age 5 to 7,0.0
12832,2011,E01000882,2011 super output areas - lower layer,298,Age 8 to 9,0.0
12833,2011,E01000882,2011 super output areas - lower layer,298,Age 10 to 14,0.0
12834,2011,E01000882,2011 super output areas - lower layer,298,Age 15,0.0
12835,2011,E01000882,2011 super output areas - lower layer,298,Age 16 to 17,0.0
12836,2011,E01000882,2011 super output areas - lower layer,298,Age 18 to 19,0.0
12837,2011,E01000882,2011 super output areas - lower layer,298,Age 20 to 24,0.0
12838,2011,E01000882,2011 super output areas - lower layer,298,Age 25 to 29,0.0
12839,2011,E01000882,2011 super output areas - lower layer,298,Age 30 to 44,0.0
12840,2011,E01000882,2011 super output areas - lower layer,298,Age 45 to 59,0.0
12841,2011,E01000882,2011 super output areas - lower layer,298,Age 60 to 64,0.0
12842,2011,E01000882,2011 super output areas - lower layer,298,Age 65 to 74,0.0
12843,2011,E01000882,2011 super output areas - lower layer,298,Age 75 to 84,0.0
12844,2011,E01000882,2011 super output areas - lower layer,298,Age 85 to 89,0.0
12845,2011,E01000882,2011 super output areas - lower layer,298,Age 90 and over,0.0
12846,2011,E01000882,2011 super output areas - lower layer,298,Mean Age,
12847,2011,E01000882,2011 super output areas - lower layer,298,Median Age,0.5
12848,2011,E01000883,2011 super output areas - lower layer,298,All usual residents,1326.0
12849,2011,E01000883,2011 super output areas - lower layer,298,Age 0 to 4,87.0
12850,2011,E01000883,2011 super output areas - lower layer,298,Age 5 to 7,27.0
12851,2011,E01000883,2011 super output areas - lower layer,298,Age 8 to 9,21.0
12852,2011,E01000883,2011 super output areas - lower layer,298,Age 10 to 14,43.0
12853,2011,E01000883,2011 super output areas - lower layer,298,Age 15,4.0
12854,2011,E01000883,2011 super output areas - lower layer,298,Age 16 to 17,13.0
12855,2011,E01000883,2011 super output areas - lower layer,298,Age 18 to 19,16.0
12856,2011,E01000883,2011 super output areas - lower layer,298,Age 20 to 24,95.0
12857,2011,E01000883,2011 super output areas - lower layer,298,Age 25 to 29,209.0
12858,2011,E01000883,2011 super output areas - lower layer,298,Age 30 to 44,456.0
12859,2011,E01000883,2011 super output areas - lower layer,298,Age 45 to 59,145.0
12860,2011,E01000883,2011 super output areas - lower layer,298,Age 60 to 64,49.0
12861,2011,E01000883,2011 super output areas - lower layer,298,Age 65 to 74,82.0
12862,2011,E01000883,2011 super output areas - lower layer,298,Age 75 to 84,48.0
12863,2011,E01000883,2011 super output areas - lower layer,298,Age 85 to 89,18.0
12864,2011,E01000883,2011 super output areas - lower layer,298,Age 90 and over,13.0
12865,2011,E01000883,2011 super output areas - lower layer,298,Mean Age,36.6
12866,2011,E01000883,2011 super output areas - lower layer,298,Median Age,34.0
12867,2011,E01000883,2011 super output areas - lower layer,298,All usual residents,0.0
12868,2011,E01000883,2011 super output areas - lower layer,298,Age 0 to 4,0.0
12869,2011,E01000883,2011 super output areas - lower layer,298,Age 5 to 7,0.0
12870,2011,E01000883,2011 super output areas - lower layer,298,Age 8 to 9,0.0
12871,2011,E01000883,2011 super output areas - lower layer,298,Age 10 to 14,0.0
12872,2011,E01000883,2011 super output areas - lower layer,298,Age 15,0.0
12873,2011,E01000883,2011 super output areas - lower layer,298,Age 16 to 17,0.0
12874,2011,E01000883,2011 super output areas - lower layer,298,Age 18 to 19,0.0
12875,2011,E01000883,2011 super output areas - lower layer,298,Age 20 to 24,0.0
12876,2011,E01000883,2011 super output areas - lower layer,298,Age 25 to 29,0.0
12877,2011,E01000883,2011 super output areas - lower layer,298,Age 30 to 44,0.0
12878,2011,E01000883,2011 super output areas - lower layer,298,Age 45 to 59,0.0
12879,2011,E01000883,2011 super output areas - lower layer,298,Age 60 to 64,0.0
12880,2011,E01000883,2011 super output areas - lower layer,298,Age 65 to 74,0.0
12881,2011,E01000883,2011 super output areas - lower layer,298,Age 75 to 84,0.0
12882,2011,E01000883,2011 super output areas - lower layer,298,Age 85 to 89,0.0
12883,2011,E01000883,2011 super output areas - lower layer,298,Age 90 and over,0.0
12884,2011,E01000883,2011 super output areas - lower layer,298,Mean Age,
12885,2011,E01000883,2011 super output areas - lower layer,298,Median Age,0.5
12886,2011,E01000883,2011 super output areas - lower layer,298,All usual residents,0.0
12887,2011,E01000883,2011 super output areas - lower layer,298,Age 0 to 4,0.0
12888,2011,E01000883,2011 super output areas - lower layer,298,Age 5 to 7,0.0
12889,2011,E01000883,2011 super output areas - lower layer,298,Age 8 to 9,0.0
12890,2011,E01000883,2011 super output areas - lower layer,298,Age 10 to 14,0.0
12891,2011,E01000883,2011 super output areas - lower layer,298,Age 15,0.0
12892,2011,E01000883,2011 super output areas - lower layer,298,Age 16 to 17,0.0
12893,2011,E01000883,2011 super output areas - lower layer,298,Age 18 to 19,0.0
12894,2011,E01000883,2011 super output areas - lower layer,298,Age 20 to 24,0.0
12895,2011,E01000883,2011 super output areas - lower layer,298,Age 25 to 29,0.0
12896,2011,E01000883,2011 super output areas - lower layer,298,Age 30 to 44,0.0
12897,2011,E01000883,2011 super output areas - lower layer,298,Age 45 to 59,0.0
12898,2011,E01000883,2011 super output areas - lower layer,298,Age 60 to 64,0.0
12899,2011,E01000883,2011 super output areas - lower layer,298,Age 65 to 74,0.0
12900,2011,E01000883,2011 super output areas - lower layer,298,Age 75 to 84,0.0
12901,2011,E01000883,2011 super output areas - lower layer,298,Age 85 to 89,0.0
12902,2011,E01000883,2011 super output areas - lower layer,298,Age 90 and over,0.0
12903,2011,E01000883,2011 super output areas - lower layer,298,Mean Age,
12904,2011,E01000883,2011 super output areas - lower layer,298,Median Age,0.5
12905,2011,E01000883,2011 super output areas - lower layer,298,All usual residents,0.0
12906,2011,E01000883,2011 super output areas - lower layer,298,Age 0 to 4,0.0
12907,2011,E01000883,2011 super output areas - lower layer,298,Age 5 to 7,0.0
12908,2011,E01000883,2011 super output areas - lower layer,298,Age 8 to 9,0.0
12909,2011,E01000883,2011 super output areas - lower layer,298,Age 10 to 14,0.0
12910,2011,E01000883,2011 super output areas - lower layer,298,Age 15,0.0
12911,2011,E01000883,2011 super output areas - lower layer,298,Age 16 to 17,0.0
12912,2011,E01000883,2011 super output areas - lower layer,298,Age 18 to 19,0.0
12913,2011,E01000883,2011 super output areas - lower layer,298,Age 20 to 24,0.0
12914,2011,E01000883,2011 super output areas - lower layer,298,Age 25 to 29,0.0
12915,2011,E01000883,2011 super output areas - lower layer,298,Age 30 to 44,0.0
12916,2011,E01000883,2011 super output areas - lower layer,298,Age 45 to 59,0.0
12917,2011,E01000883,2011 super output areas - lower layer,298,Age 60 to 64,0.0
12918,2011,E01000883,2011 super output areas - lower layer,298,Age 65 to 74,0.0
12919,2011,E01000883,2011 super output areas - lower layer,298,Age 75 to 84,0.0
12920,2011,E01000883,2011 super output areas - lower layer,298,Age 85 to 89,0.0
12921,2011,E01000883,2011 super output areas - lower layer,298,Age 90 and over,0.0
12922,2011,E01000883,2011 super output areas - lower layer,298,Mean Age,
12923,2011,E01000883,2011 super output areas - lower layer,298,Median Age,0.5
12924,2011,E01000883,2011 super output areas - lower layer,298,All usual residents,0.0
12925,2011,E01000883,2011 super output areas - lower layer,298,Age 0 to 4,0.0
12926,2011,E01000883,2011 super output areas - lower layer,298,Age 5 to 7,0.0
12927,2011,E01000883,2011 super output areas - lower layer,298,Age 8 to 9,0.0
12928,2011,E01000883,2011 super output areas - lower layer,298,Age 10 to 14,0.0
12929,2011,E01000883,2011 super output areas - lower layer,298,Age 15,0.0
12930,2011,E01000883,2011 super output areas - lower layer,298,Age 16 to 17,0.0
12931,2011,E01000883,2011 super output areas - lower layer,298,Age 18 to 19,0.0
12932,2011,E01000883,2011 super output areas - lower layer,298,Age 20 to 24,0.0
12933,2011,E01000883,2011 super output areas - lower layer,298,Age 25 to 29,0.0
12934,2011,E01000883,2011 super output areas - lower layer,298,Age 30 to 44,0.0
12935,2011,E01000883,2011 super output areas - lower layer,298,Age 45 to 59,0.0
12936,2011,E01000883,2011 super output areas - lower layer,298,Age 60 to 64,0.0
12937,2011,E01000883,2011 super output areas - lower layer,298,Age 65 to 74,0.0
12938,2011,E01000883,2011 super output areas - lower layer,298,Age 75 to 84,0.0
12939,2011,E01000883,2011 super output areas - lower layer,298,Age 85 to 89,0.0
12940,2011,E01000883,2011 super output areas - lower layer,298,Age 90 and over,0.0
12941,2011,E01000883,2011 super output areas - lower layer,298,Mean Age,
12942,2011,E01000883,2011 super output areas - lower layer,298,Median Age,0.5
12943,2011,E01000883,2011 super output areas - lower layer,298,All usual residents,0.0
12944,2011,E01000883,2011 super output areas - lower layer,298,Age 0 to 4,0.0
12945,2011,E01000883,2011 super output areas - lower layer,298,Age 5 to 7,0.0
12946,2011,E01000883,2011 super output areas - lower layer,298,Age 8 to 9,0.0
12947,2011,E01000883,2011 super output areas - lower layer,298,Age 10 to 14,0.0
12948,2011,E01000883,2011 super output areas - lower layer,298,Age 15,0.0
12949,2011,E01000883,2011 super output areas - lower layer,298,Age 16 to 17,0.0
12950,2011,E01000883,2011 super output areas - lower layer,298,Age 18 to 19,0.0
12951,2011,E01000883,2011 super output areas - lower layer,298,Age 20 to 24,0.0
12952,2011,E01000883,2011 super output areas - lower layer,298,Age 25 to 29,0.0
12953,2011,E01000883,2011 super output areas - lower layer,298,Age 30 to 44,0.0
12954,2011,E01000883,2011 super output areas - lower layer,298,Age 45 to 59,0.0
12955,2011,E01000883,2011 super output areas - lower layer,298,Age 60 to 64,0.0
12956,2011,E01000883,2011 super output areas - lower layer,298,Age 65 to 74,0.0
12957,2011,E01000883,2011 super output areas - lower layer,298,Age 75 to 84,0.0
12958,2011,E01000883,2011 super output areas - lower layer,298,Age 85 to 89,0.0
12959,2011,E01000883,2011 super output areas - lower layer,298,Age 90 and over,0.0
12960,2011,E01000883,2011 super output areas - lower layer,298,Mean Age,
12961,2011,E01000883,2011 super output areas - lower layer,298,Median Age,0.5
12962,2011,E01000883,2011 super output areas - lower layer,298,All usual residents,0.0
12963,2011,E01000883,2011 super output areas - lower layer,298,Age 0 to 4,0.0
12964,2011,E01000883,2011 super output areas - lower layer,298,Age 5 to 7,0.0
12965,2011,E01000883,2011 super output areas - lower layer,298,Age 8 to 9,0.0
12966,2011,E01000883,2011 super output areas - lower layer,298,Age 10 to 14,0.0
12967,2011,E01000883,2011 super output areas - lower layer,298,Age 15,0.0
12968,2011,E01000883,2011 super output areas - lower layer,298,Age 16 to 17,0.0
12969,2011,E01000883,2011 super output areas - lower layer,298,Age 18 to 19,0.0
12970,2011,E01000883,2011 super output areas - lower layer,298,Age 20 to 24,0.0
12971,2011,E01000883,2011 super output areas - lower layer,298,Age 25 to 29,0.0
12972,2011,E01000883,2011 super output areas - lower layer,298,Age 30 to 44,0.0
12973,2011,E01000883,2011 super output areas - lower layer,298,Age 45 to 59,0.0
12974,2011,E01000883,2011 super output areas - lower layer,298,Age 60 to 64,0.0
12975,2011,E01000883,2011 super output areas - lower layer,298,Age 65 to 74,0.0
12976,2011,E01000883,2011 super output areas - lower layer,298,Age 75 to 84,0.0
12977,2011,E01000883,2011 super output areas - lower layer,298,Age 85 to 89,0.0
12978,2011,E01000883,2011 super output areas - lower layer,298,Age 90 and over,0.0
12979,2011,E01000883,2011 super output areas - lower layer,298,Mean Age,
12980,2011,E01000883,2011 super output areas - lower layer,298,Median Age,0.5
12981,2011,E01000883,2011 super output areas - lower layer,298,All usual residents,0.0
12982,2011,E01000883,2011 super output areas - lower layer,298,Age 0 to 4,0.0
12983,2011,E01000883,2011 super output areas - lower layer,298,Age 5 to 7,0.0
12984,2011,E01000883,2011 super output areas - lower layer,298,Age 8 to 9,0.0
12985,2011,E01000883,2011 super output areas - lower layer,298,Age 10 to 14,0.0
12986,2011,E01000883,2011 super output areas - lower layer,298,Age 15,0.0
12987,2011,E01000883,2011 super output areas - lower layer,298,Age 16 to 17,0.0
12988,2011,E01000883,2011 super output areas - lower layer,298,Age 18 to 19,0.0
12989,2011,E01000883,2011 super output areas - lower layer,298,Age 20 to 24,0.0
12990,2011,E01000883,2011 super output areas - lower layer,298,Age 25 to 29,0.0
12991,2011,E01000883,2011 super output areas - lower layer,298,Age 30 to 44,0.0
12992,2011,E01000883,2011 super output areas - lower layer,298,Age 45 to 59,0.0
12993,2011,E01000883,2011 super output areas - lower layer,298,Age 60 to 64,0.0
12994,2011,E01000883,2011 super output areas - lower layer,298,Age 65 to 74,0.0
12995,2011,E01000883,2011 super output areas - lower layer,298,Age 75 to 84,0.0
12996,2011,E01000883,2011 super output areas - lower layer,298,Age 85 to 89,0.0
12997,2011,E01000883,2011 super output areas - lower layer,298,Age 90 and over,0.0
12998,2011,E01000883,2011 super output areas - lower layer,298,Mean Age,
12999,2011,E01000883,2011 super output areas - lower layer,298,Median Age,0.5
13000,2011,E01000883,2011 super output areas - lower layer,298,All usual residents,0.0
13001,2011,E01000883,2011 super output areas - lower layer,298,Age 0 to 4,0.0
13002,2011,E01000883,2011 super output areas - lower layer,298,Age 5 to 7,0.0
13003,2011,E01000883,2011 super output areas - lower layer,298,Age 8 to 9,0.0
13004,2011,E01000883,2011 super output areas - lower layer,298,Age 10 to 14,0.0
13005,2011,E01000883,2011 super output areas - lower layer,298,Age 15,0.0
13006,2011,E01000883,2011 super output areas - lower layer,298,Age 16 to 17,0.0
13007,2011,E01000883,2011 super output areas - lower layer,298,Age 18 to 19,0.0
13008,2011,E01000883,2011 super output areas - lower layer,298,Age 20 to 24,0.0
13009,2011,E01000883,2011 super output areas - lower layer,298,Age 25 to 29,0.0
13010,2011,E01000883,2011 super output areas - lower layer,298,Age 30 to 44,0.0
13011,2011,E01000883,2011 super output areas - lower layer,298,Age 45 to 59,0.0
13012,2011,E01000883,2011 super output areas - lower layer,298,Age 60 to 64,0.0
13013,2011,E01000883,2011 super output areas - lower layer,298,Age 65 to 74,0.0
13014,2011,E01000883,2011 super output areas - lower layer,298,Age 75 to 84,0.0
13015,2011,E01000883,2011 super output areas - lower layer,298,Age 85 to 89,0.0
13016,2011,E01000883,2011 super output areas - lower layer,298,Age 90 and over,0.0
13017,2011,E01000883,2011 super output areas - lower layer,298,Mean Age,
13018,2011,E01000883,2011 super output areas - lower layer,298,Median Age,0.5
13019,2011,E01000883,2011 super output areas - lower layer,298,All usual residents,0.0
13020,2011,E01000883,2011 super output areas - lower layer,298,Age 0 to 4,0.0
13021,2011,E01000883,2011 super output areas - lower layer,298,Age 5 to 7,0.0
13022,2011,E01000883,2011 super output areas - lower layer,298,Age 8 to 9,0.0
13023,2011,E01000883,2011 super output areas - lower layer,298,Age 10 to 14,0.0
13024,2011,E01000883,2011 super output areas - lower layer,298,Age 15,0.0
13025,2011,E01000883,2011 super output areas - lower layer,298,Age 16 to 17,0.0
13026,2011,E01000883,2011 super output areas - lower layer,298,Age 18 to 19,0.0
13027,2011,E01000883,2011 super output areas - lower layer,298,Age 20 to 24,0.0
13028,2011,E01000883,2011 super output areas - lower layer,298,Age 25 to 29,0.0
13029,2011,E01000883,2011 super output areas - lower layer,298,Age 30 to 44,0.0
13030,2011,E01000883,2011 super output areas - lower layer,298,Age 45 to 59,0.0
13031,2011,E01000883,2011 super output areas - lower layer,298,Age 60 to 64,0.0
13032,2011,E01000883,2011 super output areas - lower layer,298,Age 65 to 74,0.0
13033,2011,E01000883,2011 super output areas - lower layer,298,Age 75 to 84,0.0
13034,2011,E01000883,2011 super output areas - lower layer,298,Age 85 to 89,0.0
13035,2011,E01000883,2011 super output areas - lower layer,298,Age 90 and over,0.0
13036,2011,E01000883,2011 super output areas - lower layer,298,Mean Age,
13037,2011,E01000883,2011 super output areas - lower layer,298,Median Age,0.5
13038,2011,E01000883,2011 super output areas - lower layer,298,All usual residents,0.0
13039,2011,E01000883,2011 super output areas - lower layer,298,Age 0 to 4,0.0
13040,2011,E01000883,2011 super output areas - lower layer,298,Age 5 to 7,0.0
13041,2011,E01000883,2011 super output areas - lower layer,298,Age 8 to 9,0.0
13042,2011,E01000883,2011 super output areas - lower layer,298,Age 10 to 14,0.0
13043,2011,E01000883,2011 super output areas - lower layer,298,Age 15,0.0
13044,2011,E01000883,2011 super output areas - lower layer,298,Age 16 to 17,0.0
13045,2011,E01000883,2011 super output areas - lower layer,298,Age 18 to 19,0.0
13046,2011,E01000883,2011 super output areas - lower layer,298,Age 20 to 24,0.0
13047,2011,E01000883,2011 super output areas - lower layer,298,Age 25 to 29,0.0
13048,2011,E01000883,2011 super output areas - lower layer,298,Age 30 to 44,0.0
13049,2011,E01000883,2011 super output areas - lower layer,298,Age 45 to 59,0.0
13050,2011,E01000883,2011 super output areas - lower layer,298,Age 60 to 64,0.0
13051,2011,E01000883,2011 super output areas - lower layer,298,Age 65 to 74,0.0
13052,2011,E01000883,2011 super output areas - lower layer,298,Age 75 to 84,0.0
13053,2011,E01000883,2011 super output areas - lower layer,298,Age 85 to 89,0.0
13054,2011,E01000883,2011 super output areas - lower layer,298,Age 90 and over,0.0
13055,2011,E01000883,2011 super output areas - lower layer,298,Mean Age,
13056,2011,E01000883,2011 super output areas - lower layer,298,Median Age,0.5
13057,2011,E01000883,2011 super output areas - lower layer,298,All usual residents,0.0
13058,2011,E01000883,2011 super output areas - lower layer,298,Age 0 to 4,0.0
13059,2011,E01000883,2011 super output areas - lower layer,298,Age 5 to 7,0.0
13060,2011,E01000883,2011 super output areas - lower layer,298,Age 8 to 9,0.0
13061,2011,E01000883,2011 super output areas - lower layer,298,Age 10 to 14,0.0
13062,2011,E01000883,2011 super output areas - lower layer,298,Age 15,0.0
13063,2011,E01000883,2011 super output areas - lower layer,298,Age 16 to 17,0.0
13064,2011,E01000883,2011 super output areas - lower layer,298,Age 18 to 19,0.0
13065,2011,E01000883,2011 super output areas - lower layer,298,Age 20 to 24,0.0
13066,2011,E01000883,2011 super output areas - lower layer,298,Age 25 to 29,0.0
13067,2011,E01000883,2011 super output areas - lower layer,298,Age 30 to 44,0.0
13068,2011,E01000883,2011 super output areas - lower layer,298,Age 45 to 59,0.0
13069,2011,E01000883,2011 super output areas - lower layer,298,Age 60 to 64,0.0
13070,2011,E01000883,2011 super output areas - lower layer,298,Age 65 to 74,0.0
13071,2011,E01000883,2011 super output areas - lower layer,298,Age 75 to 84,0.0
13072,2011,E01000883,2011 super output areas - lower layer,298,Age 85 to 89,0.0
13073,2011,E01000883,2011 super output areas - lower layer,298,Age 90 and over,0.0
13074,2011,E01000883,2011 super output areas - lower layer,298,Mean Age,
13075,2011,E01000883,2011 super output areas - lower layer,298,Median Age,0.5
13076,2011,E01000883,2011 super output areas - lower layer,298,All usual residents,0.0
13077,2011,E01000883,2011 super output areas - lower layer,298,Age 0 to 4,0.0
13078,2011,E01000883,2011 super output areas - lower layer,298,Age 5 to 7,0.0
13079,2011,E01000883,2011 super output areas - lower layer,298,Age 8 to 9,0.0
13080,2011,E01000883,2011 super output areas - lower layer,298,Age 10 to 14,0.0
13081,2011,E01000883,2011 super output areas - lower layer,298,Age 15,0.0
13082,2011,E01000883,2011 super output areas - lower layer,298,Age 16 to 17,0.0
13083,2011,E01000883,2011 super output areas - lower layer,298,Age 18 to 19,0.0
13084,2011,E01000883,2011 super output areas - lower layer,298,Age 20 to 24,0.0
13085,2011,E01000883,2011 super output areas - lower layer,298,Age 25 to 29,0.0
13086,2011,E01000883,2011 super output areas - lower layer,298,Age 30 to 44,0.0
13087,2011,E01000883,2011 super output areas - lower layer,298,Age 45 to 59,0.0
13088,2011,E01000883,2011 super output areas - lower layer,298,Age 60 to 64,0.0
13089,2011,E01000883,2011 super output areas - lower layer,298,Age 65 to 74,0.0
13090,2011,E01000883,2011 super output areas - lower layer,298,Age 75 to 84,0.0
13091,2011,E01000883,2011 super output areas - lower layer,298,Age 85 to 89,0.0
13092,2011,E01000883,2011 super output areas - lower layer,298,Age 90 and over,0.0
13093,2011,E01000883,2011 super output areas - lower layer,298,Mean Age,
13094,2011,E01000883,2011 super output areas - lower layer,298,Median Age,0.5
13095,2011,E01000897,2011 super output areas - lower layer,298,All usual residents,1597.0
13096,2011,E01000897,2011 super output areas - lower layer,298,Age 0 to 4,133.0
13097,2011,E01000897,2011 super output areas - lower layer,298,Age 5 to 7,68.0
13098,2011,E01000897,2011 super output areas - lower layer,298,Age 8 to 9,38.0
13099,2011,E01000897,2011 super output areas - lower layer,298,Age 10 to 14,63.0
13100,2011,E01000897,2011 super output areas - lower layer,298,Age 15,10.0
13101,2011,E01000897,2011 super output areas - lower layer,298,Age 16 to 17,22.0
13102,2011,E01000897,2011 super output areas - lower layer,298,Age 18 to 19,14.0
13103,2011,E01000897,2011 super output areas - lower layer,298,Age 20 to 24,36.0
13104,2011,E01000897,2011 super output areas - lower layer,298,Age 25 to 29,114.0
13105,2011,E01000897,2011 super output areas - lower layer,298,Age 30 to 44,495.0
13106,2011,E01000897,2011 super output areas - lower layer,298,Age 45 to 59,276.0
13107,2011,E01000897,2011 super output areas - lower layer,298,Age 60 to 64,85.0
13108,2011,E01000897,2011 super output areas - lower layer,298,Age 65 to 74,119.0
13109,2011,E01000897,2011 super output areas - lower layer,298,Age 75 to 84,76.0
13110,2011,E01000897,2011 super output areas - lower layer,298,Age 85 to 89,29.0
13111,2011,E01000897,2011 super output areas - lower layer,298,Age 90 and over,19.0
13112,2011,E01000897,2011 super output areas - lower layer,298,Mean Age,39.2
13113,2011,E01000897,2011 super output areas - lower layer,298,Median Age,38.0
13114,2011,E01000897,2011 super output areas - lower layer,298,All usual residents,0.0
13115,2011,E01000897,2011 super output areas - lower layer,298,Age 0 to 4,0.0
13116,2011,E01000897,2011 super output areas - lower layer,298,Age 5 to 7,0.0
13117,2011,E01000897,2011 super output areas - lower layer,298,Age 8 to 9,0.0
13118,2011,E01000897,2011 super output areas - lower layer,298,Age 10 to 14,0.0
13119,2011,E01000897,2011 super output areas - lower layer,298,Age 15,0.0
13120,2011,E01000897,2011 super output areas - lower layer,298,Age 16 to 17,0.0
13121,2011,E01000897,2011 super output areas - lower layer,298,Age 18 to 19,0.0
13122,2011,E01000897,2011 super output areas - lower layer,298,Age 20 to 24,0.0
13123,2011,E01000897,2011 super output areas - lower layer,298,Age 25 to 29,0.0
13124,2011,E01000897,2011 super output areas - lower layer,298,Age 30 to 44,0.0
13125,2011,E01000897,2011 super output areas - lower layer,298,Age 45 to 59,0.0
13126,2011,E01000897,2011 super output areas - lower layer,298,Age 60 to 64,0.0
13127,2011,E01000897,2011 super output areas - lower layer,298,Age 65 to 74,0.0
13128,2011,E01000897,2011 super output areas - lower layer,298,Age 75 to 84,0.0
13129,2011,E01000897,2011 super output areas - lower layer,298,Age 85 to 89,0.0
13130,2011,E01000897,2011 super output areas - lower layer,298,Age 90 and over,0.0
13131,2011,E01000897,2011 super output areas - lower layer,298,Mean Age,
13132,2011,E01000897,2011 super output areas - lower layer,298,Median Age,0.5
13133,2011,E01000897,2011 super output areas - lower layer,298,All usual residents,0.0
13134,2011,E01000897,2011 super output areas - lower layer,298,Age 0 to 4,0.0
13135,2011,E01000897,2011 super output areas - lower layer,298,Age 5 to 7,0.0
13136,2011,E01000897,2011 super output areas - lower layer,298,Age 8 to 9,0.0
13137,2011,E01000897,2011 super output areas - lower layer,298,Age 10 to 14,0.0
13138,2011,E01000897,2011 super output areas - lower layer,298,Age 15,0.0
13139,2011,E01000897,2011 super output areas - lower layer,298,Age 16 to 17,0.0
13140,2011,E01000897,2011 super output areas - lower layer,298,Age 18 to 19,0.0
13141,2011,E01000897,2011 super output areas - lower layer,298,Age 20 to 24,0.0
13142,2011,E01000897,2011 super output areas - lower layer,298,Age 25 to 29,0.0
13143,2011,E01000897,2011 super output areas - lower layer,298,Age 30 to 44,0.0
13144,2011,E01000897,2011 super output areas - lower layer,298,Age 45 to 59,0.0
13145,2011,E01000897,2011 super output areas - lower layer,298,Age 60 to 64,0.0
13146,2011,E01000897,2011 super output areas - lower layer,298,Age 65 to 74,0.0
13147,2011,E01000897,2011 super output areas - lower layer,298,Age 75 to 84,0.0
13148,2011,E01000897,2011 super output areas - lower layer,298,Age 85 to 89,0.0
13149,2011,E01000897,2011 super output areas - lower layer,298,Age 90 and over,0.0
13150,2011,E01000897,2011 super output areas - lower layer,298,Mean Age,
13151,2011,E01000897,2011 super output areas - lower layer,298,Median Age,0.5
13152,2011,E01000897,2011 super output areas - lower layer,298,All usual residents,0.0
13153,2011,E01000897,2011 super output areas - lower layer,298,Age 0 to 4,0.0
13154,2011,E01000897,2011 super output areas - lower layer,298,Age 5 to 7,0.0
13155,2011,E01000897,2011 super output areas - lower layer,298,Age 8 to 9,0.0
13156,2011,E01000897,2011 super output areas - lower layer,298,Age 10 to 14,0.0
13157,2011,E01000897,2011 super output areas - lower layer,298,Age 15,0.0
13158,2011,E01000897,2011 super output areas - lower layer,298,Age 16 to 17,0.0
13159,2011,E01000897,2011 super output areas - lower layer,298,Age 18 to 19,0.0
13160,2011,E01000897,2011 super output areas - lower layer,298,Age 20 to 24,0.0
13161,2011,E01000897,2011 super output areas - lower layer,298,Age 25 to 29,0.0
13162,2011,E01000897,2011 super output areas - lower layer,298,Age 30 to 44,0.0
13163,2011,E01000897,2011 super output areas - lower layer,298,Age 45 to 59,0.0
13164,2011,E01000897,2011 super output areas - lower layer,298,Age 60 to 64,0.0
13165,2011,E01000897,2011 super output areas - lower layer,298,Age 65 to 74,0.0
13166,2011,E01000897,2011 super output areas - lower layer,298,Age 75 to 84,0.0
13167,2011,E01000897,2011 super output areas - lower layer,298,Age 85 to 89,0.0
13168,2011,E01000897,2011 super output areas - lower layer,298,Age 90 and over,0.0
13169,2011,E01000897,2011 super output areas - lower layer,298,Mean Age,
13170,2011,E01000897,2011 super output areas - lower layer,298,Median Age,0.5
13171,2011,E01000897,2011 super output areas - lower layer,298,All usual residents,0.0
13172,2011,E01000897,2011 super output areas - lower layer,298,Age 0 to 4,0.0
13173,2011,E01000897,2011 super output areas - lower layer,298,Age 5 to 7,0.0
13174,2011,E01000897,2011 super output areas - lower layer,298,Age 8 to 9,0.0
13175,2011,E01000897,2011 super output areas - lower layer,298,Age 10 to 14,0.0
13176,2011,E01000897,2011 super output areas - lower layer,298,Age 15,0.0
13177,2011,E01000897,2011 super output areas - lower layer,298,Age 16 to 17,0.0
13178,2011,E01000897,2011 super output areas - lower layer,298,Age 18 to 19,0.0
13179,2011,E01000897,2011 super output areas - lower layer,298,Age 20 to 24,0.0
13180,2011,E01000897,2011 super output areas - lower layer,298,Age 25 to 29,0.0
13181,2011,E01000897,2011 super output areas - lower layer,298,Age 30 to 44,0.0
13182,2011,E01000897,2011 super output areas - lower layer,298,Age 45 to 59,0.0
13183,2011,E01000897,2011 super output areas - lower layer,298,Age 60 to 64,0.0
13184,2011,E01000897,2011 super output areas - lower layer,298,Age 65 to 74,0.0
13185,2011,E01000897,2011 super output areas - lower layer,298,Age 75 to 84,0.0
13186,2011,E01000897,2011 super output areas - lower layer,298,Age 85 to 89,0.0
13187,2011,E01000897,2011 super output areas - lower layer,298,Age 90 and over,0.0
13188,2011,E01000897,2011 super output areas - lower layer,298,Mean Age,
13189,2011,E01000897,2011 super output areas - lower layer,298,Median Age,0.5
13190,2011,E01000897,2011 super output areas - lower layer,298,All usual residents,0.0
13191,2011,E01000897,2011 super output areas - lower layer,298,Age 0 to 4,0.0
13192,2011,E01000897,2011 super output areas - lower layer,298,Age 5 to 7,0.0
13193,2011,E01000897,2011 super output areas - lower layer,298,Age 8 to 9,0.0
13194,2011,E01000897,2011 super output areas - lower layer,298,Age 10 to 14,0.0
13195,2011,E01000897,2011 super output areas - lower layer,298,Age 15,0.0
13196,2011,E01000897,2011 super output areas - lower layer,298,Age 16 to 17,0.0
13197,2011,E01000897,2011 super output areas - lower layer,298,Age 18 to 19,0.0
13198,2011,E01000897,2011 super output areas - lower layer,298,Age 20 to 24,0.0
13199,2011,E01000897,2011 super output areas - lower layer,298,Age 25 to 29,0.0
13200,2011,E01000897,2011 super output areas - lower layer,298,Age 30 to 44,0.0
13201,2011,E01000897,2011 super output areas - lower layer,298,Age 45 to 59,0.0
13202,2011,E01000897,2011 super output areas - lower layer,298,Age 60 to 64,0.0
13203,2011,E01000897,2011 super output areas - lower layer,298,Age 65 to 74,0.0
13204,2011,E01000897,2011 super output areas - lower layer,298,Age 75 to 84,0.0
13205,2011,E01000897,2011 super output areas - lower layer,298,Age 85 to 89,0.0
13206,2011,E01000897,2011 super output areas - lower layer,298,Age 90 and over,0.0
13207,2011,E01000897,2011 super output areas - lower layer,298,Mean Age,
13208,2011,E01000897,2011 super output areas - lower layer,298,Median Age,0.5
13209,2011,E01000897,2011 super output areas - lower layer,298,All usual residents,0.0
13210,2011,E01000897,2011 super output areas - lower layer,298,Age 0 to 4,0.0
13211,2011,E01000897,2011 super output areas - lower layer,298,Age 5 to 7,0.0
13212,2011,E01000897,2011 super output areas - lower layer,298,Age 8 to 9,0.0
13213,2011,E01000897,2011 super output areas - lower layer,298,Age 10 to 14,0.0
13214,2011,E01000897,2011 super output areas - lower layer,298,Age 15,0.0
13215,2011,E01000897,2011 super output areas - lower layer,298,Age 16 to 17,0.0
13216,2011,E01000897,2011 super output areas - lower layer,298,Age 18 to 19,0.0
13217,2011,E01000897,2011 super output areas - lower layer,298,Age 20 to 24,0.0
13218,2011,E01000897,2011 super output areas - lower layer,298,Age 25 to 29,0.0
13219,2011,E01000897,2011 super output areas - lower layer,298,Age 30 to 44,0.0
13220,2011,E01000897,2011 super output areas - lower layer,298,Age 45 to 59,0.0
13221,2011,E01000897,2011 super output areas - lower layer,298,Age 60 to 64,0.0
13222,2011,E01000897,2011 super output areas - lower layer,298,Age 65 to 74,0.0
13223,2011,E01000897,2011 super output areas - lower layer,298,Age 75 to 84,0.0
13224,2011,E01000897,2011 super output areas - lower layer,298,Age 85 to 89,0.0
13225,2011,E01000897,2011 super output areas - lower layer,298,Age 90 and over,0.0
13226,2011,E01000897,2011 super output areas - lower layer,298,Mean Age,
13227,2011,E01000897,2011 super output areas - lower layer,298,Median Age,0.5
13228,2011,E01000897,2011 super output areas - lower layer,298,All usual residents,0.0
13229,2011,E01000897,2011 super output areas - lower layer,298,Age 0 to 4,0.0
13230,2011,E01000897,2011 super output areas - lower layer,298,Age 5 to 7,0.0
13231,2011,E01000897,2011 super output areas - lower layer,298,Age 8 to 9,0.0
13232,2011,E01000897,2011 super output areas - lower layer,298,Age 10 to 14,0.0
13233,2011,E01000897,2011 super output areas - lower layer,298,Age 15,0.0
13234,2011,E01000897,2011 super output areas - lower layer,298,Age 16 to 17,0.0
13235,2011,E01000897,2011 super output areas - lower layer,298,Age 18 to 19,0.0
13236,2011,E01000897,2011 super output areas - lower layer,298,Age 20 to 24,0.0
13237,2011,E01000897,2011 super output areas - lower layer,298,Age 25 to 29,0.0
13238,2011,E01000897,2011 super output areas - lower layer,298,Age 30 to 44,0.0
13239,2011,E01000897,2011 super output areas - lower layer,298,Age 45 to 59,0.0
13240,2011,E01000897,2011 super output areas - lower layer,298,Age 60 to 64,0.0
13241,2011,E01000897,2011 super output areas - lower layer,298,Age 65 to 74,0.0
13242,2011,E01000897,2011 super output areas - lower layer,298,Age 75 to 84,0.0
13243,2011,E01000897,2011 super output areas - lower layer,298,Age 85 to 89,0.0
13244,2011,E01000897,2011 super output areas - lower layer,298,Age 90 and over,0.0
13245,2011,E01000897,2011 super output areas - lower layer,298,Mean Age,
13246,2011,E01000897,2011 super output areas - lower layer,298,Median Age,0.5
13247,2011,E01000897,2011 super output areas - lower layer,298,All usual residents,0.0
13248,2011,E01000897,2011 super output areas - lower layer,298,Age 0 to 4,0.0
13249,2011,E01000897,2011 super output areas - lower layer,298,Age 5 to 7,0.0
13250,2011,E01000897,2011 super output areas - lower layer,298,Age 8 to 9,0.0
13251,2011,E01000897,2011 super output areas - lower layer,298,Age 10 to 14,0.0
13252,2011,E01000897,2011 super output areas - lower layer,298,Age 15,0.0
13253,2011,E01000897,2011 super output areas - lower layer,298,Age 16 to 17,0.0
13254,2011,E01000897,2011 super output areas - lower layer,298,Age 18 to 19,0.0
13255,2011,E01000897,2011 super output areas - lower layer,298,Age 20 to 24,0.0
13256,2011,E01000897,2011 super output areas - lower layer,298,Age 25 to 29,0.0
13257,2011,E01000897,2011 super output areas - lower layer,298,Age 30 to 44,0.0
13258,2011,E01000897,2011 super output areas - lower layer,298,Age 45 to 59,0.0
13259,2011,E01000897,2011 super output areas - lower layer,298,Age 60 to 64,0.0
13260,2011,E01000897,2011 super output areas - lower layer,298,Age 65 to 74,0.0
13261,2011,E01000897,2011 super output areas - lower layer,298,Age 75 to 84,0.0
13262,2011,E01000897,2011 super output areas - lower layer,298,Age 85 to 89,0.0
13263,2011,E01000897,2011 super output areas - lower layer,298,Age 90 and over,0.0
13264,2011,E01000897,2011 super output areas - lower layer,298,Mean Age,
13265,2011,E01000897,2011 super output areas - lower layer,298,Median Age,0.5
13266,2011,E01000897,2011 super output areas - lower layer,298,All usual residents,0.0
13267,2011,E01000897,2011 super output areas - lower layer,298,Age 0 to 4,0.0
13268,2011,E01000897,2011 super output areas - lower layer,298,Age 5 to 7,0.0
13269,2011,E01000897,2011 super output areas - lower layer,298,Age 8 to 9,0.0
13270,2011,E01000897,2011 super output areas - lower layer,298,Age 10 to 14,0.0
13271,2011,E01000897,2011 super output areas - lower layer,298,Age 15,0.0
13272,2011,E01000897,2011 super output areas - lower layer,298,Age 16 to 17,0.0
13273,2011,E01000897,2011 super output areas - lower layer,298,Age 18 to 19,0.0
13274,2011,E01000897,2011 super output areas - lower layer,298,Age 20 to 24,0.0
13275,2011,E01000897,2011 super output areas - lower layer,298,Age 25 to 29,0.0
13276,2011,E01000897,2011 super output areas - lower layer,298,Age 30 to 44,0.0
13277,2011,E01000897,2011 super output areas - lower layer,298,Age 45 to 59,0.0
13278,2011,E01000897,2011 super output areas - lower layer,298,Age 60 to 64,0.0
13279,2011,E01000897,2011 super output areas - lower layer,298,Age 65 to 74,0.0
13280,2011,E01000897,2011 super output areas - lower layer,298,Age 75 to 84,0.0
13281,2011,E01000897,2011 super output areas - lower layer,298,Age 85 to 89,0.0
13282,2011,E01000897,2011 super output areas - lower layer,298,Age 90 and over,0.0
13283,2011,E01000897,2011 super output areas - lower layer,298,Mean Age,
13284,2011,E01000897,2011 super output areas - lower layer,298,Median Age,0.5
13285,2011,E01000897,2011 super output areas - lower layer,298,All usual residents,0.0
13286,2011,E01000897,2011 super output areas - lower layer,298,Age 0 to 4,0.0
13287,2011,E01000897,2011 super output areas - lower layer,298,Age 5 to 7,0.0
13288,2011,E01000897,2011 super output areas - lower layer,298,Age 8 to 9,0.0
13289,2011,E01000897,2011 super output areas - lower layer,298,Age 10 to 14,0.0
13290,2011,E01000897,2011 super output areas - lower layer,298,Age 15,0.0
13291,2011,E01000897,2011 super output areas - lower layer,298,Age 16 to 17,0.0
13292,2011,E01000897,2011 super output areas - lower layer,298,Age 18 to 19,0.0
13293,2011,E01000897,2011 super output areas - lower layer,298,Age 20 to 24,0.0
13294,2011,E01000897,2011 super output areas - lower layer,298,Age 25 to 29,0.0
13295,2011,E01000897,2011 super output areas - lower layer,298,Age 30 to 44,0.0
13296,2011,E01000897,2011 super output areas - lower layer,298,Age 45 to 59,0.0
13297,2011,E01000897,2011 super output areas - lower layer,298,Age 60 to 64,0.0
13298,2011,E01000897,2011 super output areas - lower layer,298,Age 65 to 74,0.0
13299,2011,E01000897,2011 super output areas - lower layer,298,Age 75 to 84,0.0
13300,2011,E01000897,2011 super output areas - lower layer,298,Age 85 to 89,0.0
13301,2011,E01000897,2011 super output areas - lower layer,298,Age 90 and over,0.0
13302,2011,E01000897,2011 super output areas - lower layer,298,Mean Age,
13303,2011,E01000897,2011 super output areas - lower layer,298,Median Age,0.5
13304,2011,E01000897,2011 super output areas - lower layer,298,All usual residents,0.0
13305,2011,E01000897,2011 super output areas - lower layer,298,Age 0 to 4,0.0
13306,2011,E01000897,2011 super output areas - lower layer,298,Age 5 to 7,0.0
13307,2011,E01000897,2011 super output areas - lower layer,298,Age 8 to 9,0.0
13308,2011,E01000897,2011 super output areas - lower layer,298,Age 10 to 14,0.0
13309,2011,E01000897,2011 super output areas - lower layer,298,Age 15,0.0
13310,2011,E01000897,2011 super output areas - lower layer,298,Age 16 to 17,0.0
13311,2011,E01000897,2011 super output areas - lower layer,298,Age 18 to 19,0.0
13312,2011,E01000897,2011 super output areas - lower layer,298,Age 20 to 24,0.0
13313,2011,E01000897,2011 super output areas - lower layer,298,Age 25 to 29,0.0
13314,2011,E01000897,2011 super output areas - lower layer,298,Age 30 to 44,0.0
13315,2011,E01000897,2011 super output areas - lower layer,298,Age 45 to 59,0.0
13316,2011,E01000897,2011 super output areas - lower layer,298,Age 60 to 64,0.0
13317,2011,E01000897,2011 super output areas - lower layer,298,Age 65 to 74,0.0
13318,2011,E01000897,2011 super output areas - lower layer,298,Age 75 to 84,0.0
13319,2011,E01000897,2011 super output areas - lower layer,298,Age 85 to 89,0.0
13320,2011,E01000897,2011 super output areas - lower layer,298,Age 90 and over,0.0
13321,2011,E01000897,2011 super output areas - lower layer,298,Mean Age,
13322,2011,E01000897,2011 super output areas - lower layer,298,Median Age,0.5
13323,2011,E01000897,2011 super output areas - lower layer,298,All usual residents,0.0
13324,2011,E01000897,2011 super output areas - lower layer,298,Age 0 to 4,0.0
13325,2011,E01000897,2011 super output areas - lower layer,298,Age 5 to 7,0.0
13326,2011,E01000897,2011 super output areas - lower layer,298,Age 8 to 9,0.0
13327,2011,E01000897,2011 super output areas - lower layer,298,Age 10 to 14,0.0
13328,2011,E01000897,2011 super output areas - lower layer,298,Age 15,0.0
13329,2011,E01000897,2011 super output areas - lower layer,298,Age 16 to 17,0.0
13330,2011,E01000897,2011 super output areas - lower layer,298,Age 18 to 19,0.0
13331,2011,E01000897,2011 super output areas - lower layer,298,Age 20 to 24,0.0
13332,2011,E01000897,2011 super output areas - lower layer,298,Age 25 to 29,0.0
13333,2011,E01000897,2011 super output areas - lower layer,298,Age 30 to 44,0.0
13334,2011,E01000897,2011 super output areas - lower layer,298,Age 45 to 59,0.0
13335,2011,E01000897,2011 super output areas - lower layer,298,Age 60 to 64,0.0
13336,2011,E01000897,2011 super output areas - lower layer,298,Age 65 to 74,0.0
13337,2011,E01000897,2011 super output areas - lower layer,298,Age 75 to 84,0.0
13338,2011,E01000897,2011 super output areas - lower layer,298,Age 85 to 89,0.0
13339,2011,E01000897,2011 super output areas - lower layer,298,Age 90 and over,0.0
13340,2011,E01000897,2011 super output areas - lower layer,298,Mean Age,
13341,2011,E01000897,2011 super output areas - lower layer,298,Median Age,0.5
13342,2011,E01000898,2011 super output areas - lower layer,298,All usual residents,1729.0
13343,2011,E01000898,2011 super output areas - lower layer,298,Age 0 to 4,116.0
13344,2011,E01000898,2011 super output areas - lower layer,298,Age 5 to 7,49.0
13345,2011,E01000898,2011 super output areas - lower layer,298,Age 8 to 9,22.0
13346,2011,E01000898,2011 super output areas - lower layer,298,Age 10 to 14,60.0
13347,2011,E01000898,2011 super output areas - lower layer,298,Age 15,10.0
13348,2011,E01000898,2011 super output areas - lower layer,298,Age 16 to 17,14.0
13349,2011,E01000898,2011 super output areas - lower layer,298,Age 18 to 19,18.0
13350,2011,E01000898,2011 super output areas - lower layer,298,Age 20 to 24,116.0
13351,2011,E01000898,2011 super output areas - lower layer,298,Age 25 to 29,215.0
13352,2011,E01000898,2011 super output areas - lower layer,298,Age 30 to 44,603.0
13353,2011,E01000898,2011 super output areas - lower layer,298,Age 45 to 59,230.0
13354,2011,E01000898,2011 super output areas - lower layer,298,Age 60 to 64,76.0
13355,2011,E01000898,2011 super output areas - lower layer,298,Age 65 to 74,105.0
13356,2011,E01000898,2011 super output areas - lower layer,298,Age 75 to 84,64.0
13357,2011,E01000898,2011 super output areas - lower layer,298,Age 85 to 89,18.0
13358,2011,E01000898,2011 super output areas - lower layer,298,Age 90 and over,13.0
13359,2011,E01000898,2011 super output areas - lower layer,298,Mean Age,36.8
13360,2011,E01000898,2011 super output areas - lower layer,298,Median Age,34.0
13361,2011,E01000898,2011 super output areas - lower layer,298,All usual residents,0.0
13362,2011,E01000898,2011 super output areas - lower layer,298,Age 0 to 4,0.0
13363,2011,E01000898,2011 super output areas - lower layer,298,Age 5 to 7,0.0
13364,2011,E01000898,2011 super output areas - lower layer,298,Age 8 to 9,0.0
13365,2011,E01000898,2011 super output areas - lower layer,298,Age 10 to 14,0.0
13366,2011,E01000898,2011 super output areas - lower layer,298,Age 15,0.0
13367,2011,E01000898,2011 super output areas - lower layer,298,Age 16 to 17,0.0
13368,2011,E01000898,2011 super output areas - lower layer,298,Age 18 to 19,0.0
13369,2011,E01000898,2011 super output areas - lower layer,298,Age 20 to 24,0.0
13370,2011,E01000898,2011 super output areas - lower layer,298,Age 25 to 29,0.0
13371,2011,E01000898,2011 super output areas - lower layer,298,Age 30 to 44,0.0
13372,2011,E01000898,2011 super output areas - lower layer,298,Age 45 to 59,0.0
13373,2011,E01000898,2011 super output areas - lower layer,298,Age 60 to 64,0.0
13374,2011,E01000898,2011 super output areas - lower layer,298,Age 65 to 74,0.0
13375,2011,E01000898,2011 super output areas - lower layer,298,Age 75 to 84,0.0
13376,2011,E01000898,2011 super output areas - lower layer,298,Age 85 to 89,0.0
13377,2011,E01000898,2011 super output areas - lower layer,298,Age 90 and over,0.0
13378,2011,E01000898,2011 super output areas - lower layer,298,Mean Age,
13379,2011,E01000898,2011 super output areas - lower layer,298,Median Age,0.5
13380,2011,E01000898,2011 super output areas - lower layer,298,All usual residents,0.0
13381,2011,E01000898,2011 super output areas - lower layer,298,Age 0 to 4,0.0
13382,2011,E01000898,2011 super output areas - lower layer,298,Age 5 to 7,0.0
13383,2011,E01000898,2011 super output areas - lower layer,298,Age 8 to 9,0.0
13384,2011,E01000898,2011 super output areas - lower layer,298,Age 10 to 14,0.0
13385,2011,E01000898,2011 super output areas - lower layer,298,Age 15,0.0
13386,2011,E01000898,2011 super output areas - lower layer,298,Age 16 to 17,0.0
13387,2011,E01000898,2011 super output areas - lower layer,298,Age 18 to 19,0.0
13388,2011,E01000898,2011 super output areas - lower layer,298,Age 20 to 24,0.0
13389,2011,E01000898,2011 super output areas - lower layer,298,Age 25 to 29,0.0
13390,2011,E01000898,2011 super output areas - lower layer,298,Age 30 to 44,0.0
13391,2011,E01000898,2011 super output areas - lower layer,298,Age 45 to 59,0.0
13392,2011,E01000898,2011 super output areas - lower layer,298,Age 60 to 64,0.0
13393,2011,E01000898,2011 super output areas - lower layer,298,Age 65 to 74,0.0
13394,2011,E01000898,2011 super output areas - lower layer,298,Age 75 to 84,0.0
13395,2011,E01000898,2011 super output areas - lower layer,298,Age 85 to 89,0.0
13396,2011,E01000898,2011 super output areas - lower layer,298,Age 90 and over,0.0
13397,2011,E01000898,2011 super output areas - lower layer,298,Mean Age,
13398,2011,E01000898,2011 super output areas - lower layer,298,Median Age,0.5
13399,2011,E01000898,2011 super output areas - lower layer,298,All usual residents,0.0
13400,2011,E01000898,2011 super output areas - lower layer,298,Age 0 to 4,0.0
13401,2011,E01000898,2011 super output areas - lower layer,298,Age 5 to 7,0.0
13402,2011,E01000898,2011 super output areas - lower layer,298,Age 8 to 9,0.0
13403,2011,E01000898,2011 super output areas - lower layer,298,Age 10 to 14,0.0
13404,2011,E01000898,2011 super output areas - lower layer,298,Age 15,0.0
13405,2011,E01000898,2011 super output areas - lower layer,298,Age 16 to 17,0.0
13406,2011,E01000898,2011 super output areas - lower layer,298,Age 18 to 19,0.0
13407,2011,E01000898,2011 super output areas - lower layer,298,Age 20 to 24,0.0
13408,2011,E01000898,2011 super output areas - lower layer,298,Age 25 to 29,0.0
13409,2011,E01000898,2011 super output areas - lower layer,298,Age 30 to 44,0.0
13410,2011,E01000898,2011 super output areas - lower layer,298,Age 45 to 59,0.0
13411,2011,E01000898,2011 super output areas - lower layer,298,Age 60 to 64,0.0
13412,2011,E01000898,2011 super output areas - lower layer,298,Age 65 to 74,0.0
13413,2011,E01000898,2011 super output areas - lower layer,298,Age 75 to 84,0.0
13414,2011,E01000898,2011 super output areas - lower layer,298,Age 85 to 89,0.0
13415,2011,E01000898,2011 super output areas - lower layer,298,Age 90 and over,0.0
13416,2011,E01000898,2011 super output areas - lower layer,298,Mean Age,
13417,2011,E01000898,2011 super output areas - lower layer,298,Median Age,0.5
13418,2011,E01000898,2011 super output areas - lower layer,298,All usual residents,0.0
13419,2011,E01000898,2011 super output areas - lower layer,298,Age 0 to 4,0.0
13420,2011,E01000898,2011 super output areas - lower layer,298,Age 5 to 7,0.0
13421,2011,E01000898,2011 super output areas - lower layer,298,Age 8 to 9,0.0
13422,2011,E01000898,2011 super output areas - lower layer,298,Age 10 to 14,0.0
13423,2011,E01000898,2011 super output areas - lower layer,298,Age 15,0.0
13424,2011,E01000898,2011 super output areas - lower layer,298,Age 16 to 17,0.0
13425,2011,E01000898,2011 super output areas - lower layer,298,Age 18 to 19,0.0
13426,2011,E01000898,2011 super output areas - lower layer,298,Age 20 to 24,0.0
13427,2011,E01000898,2011 super output areas - lower layer,298,Age 25 to 29,0.0
13428,2011,E01000898,2011 super output areas - lower layer,298,Age 30 to 44,0.0
13429,2011,E01000898,2011 super output areas - lower layer,298,Age 45 to 59,0.0
13430,2011,E01000898,2011 super output areas - lower layer,298,Age 60 to 64,0.0
13431,2011,E01000898,2011 super output areas - lower layer,298,Age 65 to 74,0.0
13432,2011,E01000898,2011 super output areas - lower layer,298,Age 75 to 84,0.0
13433,2011,E01000898,2011 super output areas - lower layer,298,Age 85 to 89,0.0
13434,2011,E01000898,2011 super output areas - lower layer,298,Age 90 and over,0.0
13435,2011,E01000898,2011 super output areas - lower layer,298,Mean Age,
13436,2011,E01000898,2011 super output areas - lower layer,298,Median Age,0.5
13437,2011,E01000898,2011 super output areas - lower layer,298,All usual residents,0.0
13438,2011,E01000898,2011 super output areas - lower layer,298,Age 0 to 4,0.0
13439,2011,E01000898,2011 super output areas - lower layer,298,Age 5 to 7,0.0
13440,2011,E01000898,2011 super output areas - lower layer,298,Age 8 to 9,0.0
13441,2011,E01000898,2011 super output areas - lower layer,298,Age 10 to 14,0.0
13442,2011,E01000898,2011 super output areas - lower layer,298,Age 15,0.0
13443,2011,E01000898,2011 super output areas - lower layer,298,Age 16 to 17,0.0
13444,2011,E01000898,2011 super output areas - lower layer,298,Age 18 to 19,0.0
13445,2011,E01000898,2011 super output areas - lower layer,298,Age 20 to 24,0.0
13446,2011,E01000898,2011 super output areas - lower layer,298,Age 25 to 29,0.0
13447,2011,E01000898,2011 super output areas - lower layer,298,Age 30 to 44,0.0
13448,2011,E01000898,2011 super output areas - lower layer,298,Age 45 to 59,0.0
13449,2011,E01000898,2011 super output areas - lower layer,298,Age 60 to 64,0.0
13450,2011,E01000898,2011 super output areas - lower layer,298,Age 65 to 74,0.0
13451,2011,E01000898,2011 super output areas - lower layer,298,Age 75 to 84,0.0
13452,2011,E01000898,2011 super output areas - lower layer,298,Age 85 to 89,0.0
13453,2011,E01000898,2011 super output areas - lower layer,298,Age 90 and over,0.0
13454,2011,E01000898,2011 super output areas - lower layer,298,Mean Age,
13455,2011,E01000898,2011 super output areas - lower layer,298,Median Age,0.5
13456,2011,E01000898,2011 super output areas - lower layer,298,All usual residents,0.0
13457,2011,E01000898,2011 super output areas - lower layer,298,Age 0 to 4,0.0
13458,2011,E01000898,2011 super output areas - lower layer,298,Age 5 to 7,0.0
13459,2011,E01000898,2011 super output areas - lower layer,298,Age 8 to 9,0.0
13460,2011,E01000898,2011 super output areas - lower layer,298,Age 10 to 14,0.0
13461,2011,E01000898,2011 super output areas - lower layer,298,Age 15,0.0
13462,2011,E01000898,2011 super output areas - lower layer,298,Age 16 to 17,0.0
13463,2011,E01000898,2011 super output areas - lower layer,298,Age 18 to 19,0.0
13464,2011,E01000898,2011 super output areas - lower layer,298,Age 20 to 24,0.0
13465,2011,E01000898,2011 super output areas - lower layer,298,Age 25 to 29,0.0
13466,2011,E01000898,2011 super output areas - lower layer,298,Age 30 to 44,0.0
13467,2011,E01000898,2011 super output areas - lower layer,298,Age 45 to 59,0.0
13468,2011,E01000898,2011 super output areas - lower layer,298,Age 60 to 64,0.0
13469,2011,E01000898,2011 super output areas - lower layer,298,Age 65 to 74,0.0
13470,2011,E01000898,2011 super output areas - lower layer,298,Age 75 to 84,0.0
13471,2011,E01000898,2011 super output areas - lower layer,298,Age 85 to 89,0.0
13472,2011,E01000898,2011 super output areas - lower layer,298,Age 90 and over,0.0
13473,2011,E01000898,2011 super output areas - lower layer,298,Mean Age,
13474,2011,E01000898,2011 super output areas - lower layer,298,Median Age,0.5
13475,2011,E01000898,2011 super output areas - lower layer,298,All usual residents,0.0
13476,2011,E01000898,2011 super output areas - lower layer,298,Age 0 to 4,0.0
13477,2011,E01000898,2011 super output areas - lower layer,298,Age 5 to 7,0.0
13478,2011,E01000898,2011 super output areas - lower layer,298,Age 8 to 9,0.0
13479,2011,E01000898,2011 super output areas - lower layer,298,Age 10 to 14,0.0
13480,2011,E01000898,2011 super output areas - lower layer,298,Age 15,0.0
13481,2011,E01000898,2011 super output areas - lower layer,298,Age 16 to 17,0.0
13482,2011,E01000898,2011 super output areas - lower layer,298,Age 18 to 19,0.0
13483,2011,E01000898,2011 super output areas - lower layer,298,Age 20 to 24,0.0
13484,2011,E01000898,2011 super output areas - lower layer,298,Age 25 to 29,0.0
13485,2011,E01000898,2011 super output areas - lower layer,298,Age 30 to 44,0.0
13486,2011,E01000898,2011 super output areas - lower layer,298,Age 45 to 59,0.0
13487,2011,E01000898,2011 super output areas - lower layer,298,Age 60 to 64,0.0
13488,2011,E01000898,2011 super output areas - lower layer,298,Age 65 to 74,0.0
13489,2011,E01000898,2011 super output areas - lower layer,298,Age 75 to 84,0.0
13490,2011,E01000898,2011 super output areas - lower layer,298,Age 85 to 89,0.0
13491,2011,E01000898,2011 super output areas - lower layer,298,Age 90 and over,0.0
13492,2011,E01000898,2011 super output areas - lower layer,298,Mean Age,
13493,2011,E01000898,2011 super output areas - lower layer,298,Median Age,0.5
13494,2011,E01000898,2011 super output areas - lower layer,298,All usual residents,0.0
13495,2011,E01000898,2011 super output areas - lower layer,298,Age 0 to 4,0.0
13496,2011,E01000898,2011 super output areas - lower layer,298,Age 5 to 7,0.0
13497,2011,E01000898,2011 super output areas - lower layer,298,Age 8 to 9,0.0
13498,2011,E01000898,2011 super output areas - lower layer,298,Age 10 to 14,0.0
13499,2011,E01000898,2011 super output areas - lower layer,298,Age 15,0.0
13500,2011,E01000898,2011 super output areas - lower layer,298,Age 16 to 17,0.0
13501,2011,E01000898,2011 super output areas - lower layer,298,Age 18 to 19,0.0
13502,2011,E01000898,2011 super output areas - lower layer,298,Age 20 to 24,0.0
13503,2011,E01000898,2011 super output areas - lower layer,298,Age 25 to 29,0.0
13504,2011,E01000898,2011 super output areas - lower layer,298,Age 30 to 44,0.0
13505,2011,E01000898,2011 super output areas - lower layer,298,Age 45 to 59,0.0
13506,2011,E01000898,2011 super output areas - lower layer,298,Age 60 to 64,0.0
13507,2011,E01000898,2011 super output areas - lower layer,298,Age 65 to 74,0.0
13508,2011,E01000898,2011 super output areas - lower layer,298,Age 75 to 84,0.0
13509,2011,E01000898,2011 super output areas - lower layer,298,Age 85 to 89,0.0
13510,2011,E01000898,2011 super output areas - lower layer,298,Age 90 and over,0.0
13511,2011,E01000898,2011 super output areas - lower layer,298,Mean Age,
13512,2011,E01000898,2011 super output areas - lower layer,298,Median Age,0.5
13513,2011,E01000898,2011 super output areas - lower layer,298,All usual residents,0.0
13514,2011,E01000898,2011 super output areas - lower layer,298,Age 0 to 4,0.0
13515,2011,E01000898,2011 super output areas - lower layer,298,Age 5 to 7,0.0
13516,2011,E01000898,2011 super output areas - lower layer,298,Age 8 to 9,0.0
13517,2011,E01000898,2011 super output areas - lower layer,298,Age 10 to 14,0.0
13518,2011,E01000898,2011 super output areas - lower layer,298,Age 15,0.0
13519,2011,E01000898,2011 super output areas - lower layer,298,Age 16 to 17,0.0
13520,2011,E01000898,2011 super output areas - lower layer,298,Age 18 to 19,0.0
13521,2011,E01000898,2011 super output areas - lower layer,298,Age 20 to 24,0.0
13522,2011,E01000898,2011 super output areas - lower layer,298,Age 25 to 29,0.0
13523,2011,E01000898,2011 super output areas - lower layer,298,Age 30 to 44,0.0
13524,2011,E01000898,2011 super output areas - lower layer,298,Age 45 to 59,0.0
13525,2011,E01000898,2011 super output areas - lower layer,298,Age 60 to 64,0.0
13526,2011,E01000898,2011 super output areas - lower layer,298,Age 65 to 74,0.0
13527,2011,E01000898,2011 super output areas - lower layer,298,Age 75 to 84,0.0
13528,2011,E01000898,2011 super output areas - lower layer,298,Age 85 to 89,0.0
13529,2011,E01000898,2011 super output areas - lower layer,298,Age 90 and over,0.0
13530,2011,E01000898,2011 super output areas - lower layer,298,Mean Age,
13531,2011,E01000898,2011 super output areas - lower layer,298,Median Age,0.5
13532,2011,E01000898,2011 super output areas - lower layer,298,All usual residents,0.0
13533,2011,E01000898,2011 super output areas - lower layer,298,Age 0 to 4,0.0
13534,2011,E01000898,2011 super output areas - lower layer,298,Age 5 to 7,0.0
13535,2011,E01000898,2011 super output areas - lower layer,298,Age 8 to 9,0.0
13536,2011,E01000898,2011 super output areas - lower layer,298,Age 10 to 14,0.0
13537,2011,E01000898,2011 super output areas - lower layer,298,Age 15,0.0
13538,2011,E01000898,2011 super output areas - lower layer,298,Age 16 to 17,0.0
13539,2011,E01000898,2011 super output areas - lower layer,298,Age 18 to 19,0.0
13540,2011,E01000898,2011 super output areas - lower layer,298,Age 20 to 24,0.0
13541,2011,E01000898,2011 super output areas - lower layer,298,Age 25 to 29,0.0
13542,2011,E01000898,2011 super output areas - lower layer,298,Age 30 to 44,0.0
13543,2011,E01000898,2011 super output areas - lower layer,298,Age 45 to 59,0.0
13544,2011,E01000898,2011 super output areas - lower layer,298,Age 60 to 64,0.0
13545,2011,E01000898,2011 super output areas - lower layer,298,Age 65 to 74,0.0
13546,2011,E01000898,2011 super output areas - lower layer,298,Age 75 to 84,0.0
13547,2011,E01000898,2011 super output areas - lower layer,298,Age 85 to 89,0.0
13548,2011,E01000898,2011 super output areas - lower layer,298,Age 90 and over,0.0
13549,2011,E01000898,2011 super output areas - lower layer,298,Mean Age,
13550,2011,E01000898,2011 super output areas - lower layer,298,Median Age,0.5
13551,2011,E01000898,2011 super output areas - lower layer,298,All usual residents,0.0
13552,2011,E01000898,2011 super output areas - lower layer,298,Age 0 to 4,0.0
13553,2011,E01000898,2011 super output areas - lower layer,298,Age 5 to 7,0.0
13554,2011,E01000898,2011 super output areas - lower layer,298,Age 8 to 9,0.0
13555,2011,E01000898,2011 super output areas - lower layer,298,Age 10 to 14,0.0
13556,2011,E01000898,2011 super output areas - lower layer,298,Age 15,0.0
13557,2011,E01000898,2011 super output areas - lower layer,298,Age 16 to 17,0.0
13558,2011,E01000898,2011 super output areas - lower layer,298,Age 18 to 19,0.0
13559,2011,E01000898,2011 super output areas - lower layer,298,Age 20 to 24,0.0
13560,2011,E01000898,2011 super output areas - lower layer,298,Age 25 to 29,0.0
13561,2011,E01000898,2011 super output areas - lower layer,298,Age 30 to 44,0.0
13562,2011,E01000898,2011 super output areas - lower layer,298,Age 45 to 59,0.0
13563,2011,E01000898,2011 super output areas - lower layer,298,Age 60 to 64,0.0
13564,2011,E01000898,2011 super output areas - lower layer,298,Age 65 to 74,0.0
13565,2011,E01000898,2011 super output areas - lower layer,298,Age 75 to 84,0.0
13566,2011,E01000898,2011 super output areas - lower layer,298,Age 85 to 89,0.0
13567,2011,E01000898,2011 super output areas - lower layer,298,Age 90 and over,0.0
13568,2011,E01000898,2011 super output areas - lower layer,298,Mean Age,
13569,2011,E01000898,2011 super output areas - lower layer,298,Median Age,0.5
13570,2011,E01000898,2011 super output areas - lower layer,298,All usual residents,0.0
13571,2011,E01000898,2011 super output areas - lower layer,298,Age 0 to 4,0.0
13572,2011,E01000898,2011 super output areas - lower layer,298,Age 5 to 7,0.0
13573,2011,E01000898,2011 super output areas - lower layer,298,Age 8 to 9,0.0
13574,2011,E01000898,2011 super output areas - lower layer,298,Age 10 to 14,0.0
13575,2011,E01000898,2011 super output areas - lower layer,298,Age 15,0.0
13576,2011,E01000898,2011 super output areas - lower layer,298,Age 16 to 17,0.0
13577,2011,E01000898,2011 super output areas - lower layer,298,Age 18 to 19,0.0
13578,2011,E01000898,2011 super output areas - lower layer,298,Age 20 to 24,0.0
13579,2011,E01000898,2011 super output areas - lower layer,298,Age 25 to 29,0.0
13580,2011,E01000898,2011 super output areas - lower layer,298,Age 30 to 44,0.0
13581,2011,E01000898,2011 super output areas - lower layer,298,Age 45 to 59,0.0
13582,2011,E01000898,2011 super output areas - lower layer,298,Age 60 to 64,0.0
13583,2011,E01000898,2011 super output areas - lower layer,298,Age 65 to 74,0.0
13584,2011,E01000898,2011 super output areas - lower layer,298,Age 75 to 84,0.0
13585,2011,E01000898,2011 super output areas - lower layer,298,Age 85 to 89,0.0
13586,2011,E01000898,2011 super output areas - lower layer,298,Age 90 and over,0.0
13587,2011,E01000898,2011 super output areas - lower layer,298,Mean Age,
13588,2011,E01000898,2011 super output areas - lower layer,298,Median Age,0.5
13589,2011,E01000866,2011 super output areas - lower layer,298,All usual residents,2030.0
13590,2011,E01000866,2011 super output areas - lower layer,298,Age 0 to 4,115.0
13591,2011,E01000866,2011 super output areas - lower layer,298,Age 5 to 7,51.0
13592,2011,E01000866,2011 super output areas - lower layer,298,Age 8 to 9,47.0
13593,2011,E01000866,2011 super output areas - lower layer,298,Age 10 to 14,83.0
13594,2011,E01000866,2011 super output areas - lower layer,298,Age 15,17.0
13595,2011,E01000866,2011 super output areas - lower layer,298,Age 16 to 17,38.0
13596,2011,E01000866,2011 super output areas - lower layer,298,Age 18 to 19,44.0
13597,2011,E01000866,2011 super output areas - lower layer,298,Age 20 to 24,179.0
13598,2011,E01000866,2011 super output areas - lower layer,298,Age 25 to 29,269.0
13599,2011,E01000866,2011 super output areas - lower layer,298,Age 30 to 44,499.0
13600,2011,E01000866,2011 super output areas - lower layer,298,Age 45 to 59,377.0
13601,2011,E01000866,2011 super output areas - lower layer,298,Age 60 to 64,71.0
13602,2011,E01000866,2011 super output areas - lower layer,298,Age 65 to 74,129.0
13603,2011,E01000866,2011 super output areas - lower layer,298,Age 75 to 84,83.0
13604,2011,E01000866,2011 super output areas - lower layer,298,Age 85 to 89,18.0
13605,2011,E01000866,2011 super output areas - lower layer,298,Age 90 and over,10.0
13606,2011,E01000866,2011 super output areas - lower layer,298,Mean Age,36.8
13607,2011,E01000866,2011 super output areas - lower layer,298,Median Age,34.0
13608,2011,E01000866,2011 super output areas - lower layer,298,All usual residents,0.0
13609,2011,E01000866,2011 super output areas - lower layer,298,Age 0 to 4,0.0
13610,2011,E01000866,2011 super output areas - lower layer,298,Age 5 to 7,0.0
13611,2011,E01000866,2011 super output areas - lower layer,298,Age 8 to 9,0.0
13612,2011,E01000866,2011 super output areas - lower layer,298,Age 10 to 14,0.0
13613,2011,E01000866,2011 super output areas - lower layer,298,Age 15,0.0
13614,2011,E01000866,2011 super output areas - lower layer,298,Age 16 to 17,0.0
13615,2011,E01000866,2011 super output areas - lower layer,298,Age 18 to 19,0.0
13616,2011,E01000866,2011 super output areas - lower layer,298,Age 20 to 24,0.0
13617,2011,E01000866,2011 super output areas - lower layer,298,Age 25 to 29,0.0
13618,2011,E01000866,2011 super output areas - lower layer,298,Age 30 to 44,0.0
13619,2011,E01000866,2011 super output areas - lower layer,298,Age 45 to 59,0.0
13620,2011,E01000866,2011 super output areas - lower layer,298,Age 60 to 64,0.0
13621,2011,E01000866,2011 super output areas - lower layer,298,Age 65 to 74,0.0
13622,2011,E01000866,2011 super output areas - lower layer,298,Age 75 to 84,0.0
13623,2011,E01000866,2011 super output areas - lower layer,298,Age 85 to 89,0.0
13624,2011,E01000866,2011 super output areas - lower layer,298,Age 90 and over,0.0
13625,2011,E01000866,2011 super output areas - lower layer,298,Mean Age,
13626,2011,E01000866,2011 super output areas - lower layer,298,Median Age,0.5
13627,2011,E01000866,2011 super output areas - lower layer,298,All usual residents,0.0
13628,2011,E01000866,2011 super output areas - lower layer,298,Age 0 to 4,0.0
13629,2011,E01000866,2011 super output areas - lower layer,298,Age 5 to 7,0.0
13630,2011,E01000866,2011 super output areas - lower layer,298,Age 8 to 9,0.0
13631,2011,E01000866,2011 super output areas - lower layer,298,Age 10 to 14,0.0
13632,2011,E01000866,2011 super output areas - lower layer,298,Age 15,0.0
13633,2011,E01000866,2011 super output areas - lower layer,298,Age 16 to 17,0.0
13634,2011,E01000866,2011 super output areas - lower layer,298,Age 18 to 19,0.0
13635,2011,E01000866,2011 super output areas - lower layer,298,Age 20 to 24,0.0
13636,2011,E01000866,2011 super output areas - lower layer,298,Age 25 to 29,0.0
13637,2011,E01000866,2011 super output areas - lower layer,298,Age 30 to 44,0.0
13638,2011,E01000866,2011 super output areas - lower layer,298,Age 45 to 59,0.0
13639,2011,E01000866,2011 super output areas - lower layer,298,Age 60 to 64,0.0
13640,2011,E01000866,2011 super output areas - lower layer,298,Age 65 to 74,0.0
13641,2011,E01000866,2011 super output areas - lower layer,298,Age 75 to 84,0.0
13642,2011,E01000866,2011 super output areas - lower layer,298,Age 85 to 89,0.0
13643,2011,E01000866,2011 super output areas - lower layer,298,Age 90 and over,0.0
13644,2011,E01000866,2011 super output areas - lower layer,298,Mean Age,
13645,2011,E01000866,2011 super output areas - lower layer,298,Median Age,0.5
13646,2011,E01000866,2011 super output areas - lower layer,298,All usual residents,0.0
13647,2011,E01000866,2011 super output areas - lower layer,298,Age 0 to 4,0.0
13648,2011,E01000866,2011 super output areas - lower layer,298,Age 5 to 7,0.0
13649,2011,E01000866,2011 super output areas - lower layer,298,Age 8 to 9,0.0
13650,2011,E01000866,2011 super output areas - lower layer,298,Age 10 to 14,0.0
13651,2011,E01000866,2011 super output areas - lower layer,298,Age 15,0.0
13652,2011,E01000866,2011 super output areas - lower layer,298,Age 16 to 17,0.0
13653,2011,E01000866,2011 super output areas - lower layer,298,Age 18 to 19,0.0
13654,2011,E01000866,2011 super output areas - lower layer,298,Age 20 to 24,0.0
13655,2011,E01000866,2011 super output areas - lower layer,298,Age 25 to 29,0.0
13656,2011,E01000866,2011 super output areas - lower layer,298,Age 30 to 44,0.0
13657,2011,E01000866,2011 super output areas - lower layer,298,Age 45 to 59,0.0
13658,2011,E01000866,2011 super output areas - lower layer,298,Age 60 to 64,0.0
13659,2011,E01000866,2011 super output areas - lower layer,298,Age 65 to 74,0.0
13660,2011,E01000866,2011 super output areas - lower layer,298,Age 75 to 84,0.0
13661,2011,E01000866,2011 super output areas - lower layer,298,Age 85 to 89,0.0
13662,2011,E01000866,2011 super output areas - lower layer,298,Age 90 and over,0.0
13663,2011,E01000866,2011 super output areas - lower layer,298,Mean Age,
13664,2011,E01000866,2011 super output areas - lower layer,298,Median Age,0.5
13665,2011,E01000866,2011 super output areas - lower layer,298,All usual residents,0.0
13666,2011,E01000866,2011 super output areas - lower layer,298,Age 0 to 4,0.0
13667,2011,E01000866,2011 super output areas - lower layer,298,Age 5 to 7,0.0
13668,2011,E01000866,2011 super output areas - lower layer,298,Age 8 to 9,0.0
13669,2011,E01000866,2011 super output areas - lower layer,298,Age 10 to 14,0.0
13670,2011,E01000866,2011 super output areas - lower layer,298,Age 15,0.0
13671,2011,E01000866,2011 super output areas - lower layer,298,Age 16 to 17,0.0
13672,2011,E01000866,2011 super output areas - lower layer,298,Age 18 to 19,0.0
13673,2011,E01000866,2011 super output areas - lower layer,298,Age 20 to 24,0.0
13674,2011,E01000866,2011 super output areas - lower layer,298,Age 25 to 29,0.0
13675,2011,E01000866,2011 super output areas - lower layer,298,Age 30 to 44,0.0
13676,2011,E01000866,2011 super output areas - lower layer,298,Age 45 to 59,0.0
13677,2011,E01000866,2011 super output areas - lower layer,298,Age 60 to 64,0.0
13678,2011,E01000866,2011 super output areas - lower layer,298,Age 65 to 74,0.0
13679,2011,E01000866,2011 super output areas - lower layer,298,Age 75 to 84,0.0
13680,2011,E01000866,2011 super output areas - lower layer,298,Age 85 to 89,0.0
13681,2011,E01000866,2011 super output areas - lower layer,298,Age 90 and over,0.0
13682,2011,E01000866,2011 super output areas - lower layer,298,Mean Age,
13683,2011,E01000866,2011 super output areas - lower layer,298,Median Age,0.5
13684,2011,E01000866,2011 super output areas - lower layer,298,All usual residents,0.0
13685,2011,E01000866,2011 super output areas - lower layer,298,Age 0 to 4,0.0
13686,2011,E01000866,2011 super output areas - lower layer,298,Age 5 to 7,0.0
13687,2011,E01000866,2011 super output areas - lower layer,298,Age 8 to 9,0.0
13688,2011,E01000866,2011 super output areas - lower layer,298,Age 10 to 14,0.0
13689,2011,E01000866,2011 super output areas - lower layer,298,Age 15,0.0
13690,2011,E01000866,2011 super output areas - lower layer,298,Age 16 to 17,0.0
13691,2011,E01000866,2011 super output areas - lower layer,298,Age 18 to 19,0.0
13692,2011,E01000866,2011 super output areas - lower layer,298,Age 20 to 24,0.0
13693,2011,E01000866,2011 super output areas - lower layer,298,Age 25 to 29,0.0
13694,2011,E01000866,2011 super output areas - lower layer,298,Age 30 to 44,0.0
13695,2011,E01000866,2011 super output areas - lower layer,298,Age 45 to 59,0.0
13696,2011,E01000866,2011 super output areas - lower layer,298,Age 60 to 64,0.0
13697,2011,E01000866,2011 super output areas - lower layer,298,Age 65 to 74,0.0
13698,2011,E01000866,2011 super output areas - lower layer,298,Age 75 to 84,0.0
13699,2011,E01000866,2011 super output areas - lower layer,298,Age 85 to 89,0.0
13700,2011,E01000866,2011 super output areas - lower layer,298,Age 90 and over,0.0
13701,2011,E01000866,2011 super output areas - lower layer,298,Mean Age,
13702,2011,E01000866,2011 super output areas - lower layer,298,Median Age,0.5
13703,2011,E01000866,2011 super output areas - lower layer,298,All usual residents,0.0
13704,2011,E01000866,2011 super output areas - lower layer,298,Age 0 to 4,0.0
13705,2011,E01000866,2011 super output areas - lower layer,298,Age 5 to 7,0.0
13706,2011,E01000866,2011 super output areas - lower layer,298,Age 8 to 9,0.0
13707,2011,E01000866,2011 super output areas - lower layer,298,Age 10 to 14,0.0
13708,2011,E01000866,2011 super output areas - lower layer,298,Age 15,0.0
13709,2011,E01000866,2011 super output areas - lower layer,298,Age 16 to 17,0.0
13710,2011,E01000866,2011 super output areas - lower layer,298,Age 18 to 19,0.0
13711,2011,E01000866,2011 super output areas - lower layer,298,Age 20 to 24,0.0
13712,2011,E01000866,2011 super output areas - lower layer,298,Age 25 to 29,0.0
13713,2011,E01000866,2011 super output areas - lower layer,298,Age 30 to 44,0.0
13714,2011,E01000866,2011 super output areas - lower layer,298,Age 45 to 59,0.0
13715,2011,E01000866,2011 super output areas - lower layer,298,Age 60 to 64,0.0
13716,2011,E01000866,2011 super output areas - lower layer,298,Age 65 to 74,0.0
13717,2011,E01000866,2011 super output areas - lower layer,298,Age 75 to 84,0.0
13718,2011,E01000866,2011 super output areas - lower layer,298,Age 85 to 89,0.0
13719,2011,E01000866,2011 super output areas - lower layer,298,Age 90 and over,0.0
13720,2011,E01000866,2011 super output areas - lower layer,298,Mean Age,
13721,2011,E01000866,2011 super output areas - lower layer,298,Median Age,0.5
13722,2011,E01000866,2011 super output areas - lower layer,298,All usual residents,0.0
13723,2011,E01000866,2011 super output areas - lower layer,298,Age 0 to 4,0.0
13724,2011,E01000866,2011 super output areas - lower layer,298,Age 5 to 7,0.0
13725,2011,E01000866,2011 super output areas - lower layer,298,Age 8 to 9,0.0
13726,2011,E01000866,2011 super output areas - lower layer,298,Age 10 to 14,0.0
13727,2011,E01000866,2011 super output areas - lower layer,298,Age 15,0.0
13728,2011,E01000866,2011 super output areas - lower layer,298,Age 16 to 17,0.0
13729,2011,E01000866,2011 super output areas - lower layer,298,Age 18 to 19,0.0
13730,2011,E01000866,2011 super output areas - lower layer,298,Age 20 to 24,0.0
13731,2011,E01000866,2011 super output areas - lower layer,298,Age 25 to 29,0.0
13732,2011,E01000866,2011 super output areas - lower layer,298,Age 30 to 44,0.0
13733,2011,E01000866,2011 super output areas - lower layer,298,Age 45 to 59,0.0
13734,2011,E01000866,2011 super output areas - lower layer,298,Age 60 to 64,0.0
13735,2011,E01000866,2011 super output areas - lower layer,298,Age 65 to 74,0.0
13736,2011,E01000866,2011 super output areas - lower layer,298,Age 75 to 84,0.0
13737,2011,E01000866,2011 super output areas - lower layer,298,Age 85 to 89,0.0
13738,2011,E01000866,2011 super output areas - lower layer,298,Age 90 and over,0.0
13739,2011,E01000866,2011 super output areas - lower layer,298,Mean Age,
13740,2011,E01000866,2011 super output areas - lower layer,298,Median Age,0.5
13741,2011,E01000866,2011 super output areas - lower layer,298,All usual residents,0.0
13742,2011,E01000866,2011 super output areas - lower layer,298,Age 0 to 4,0.0
13743,2011,E01000866,2011 super output areas - lower layer,298,Age 5 to 7,0.0
13744,2011,E01000866,2011 super output areas - lower layer,298,Age 8 to 9,0.0
13745,2011,E01000866,2011 super output areas - lower layer,298,Age 10 to 14,0.0
13746,2011,E01000866,2011 super output areas - lower layer,298,Age 15,0.0
13747,2011,E01000866,2011 super output areas - lower layer,298,Age 16 to 17,0.0
13748,2011,E01000866,2011 super output areas - lower layer,298,Age 18 to 19,0.0
13749,2011,E01000866,2011 super output areas - lower layer,298,Age 20 to 24,0.0
13750,2011,E01000866,2011 super output areas - lower layer,298,Age 25 to 29,0.0
13751,2011,E01000866,2011 super output areas - lower layer,298,Age 30 to 44,0.0
13752,2011,E01000866,2011 super output areas - lower layer,298,Age 45 to 59,0.0
13753,2011,E01000866,2011 super output areas - lower layer,298,Age 60 to 64,0.0
13754,2011,E01000866,2011 super output areas - lower layer,298,Age 65 to 74,0.0
13755,2011,E01000866,2011 super output areas - lower layer,298,Age 75 to 84,0.0
13756,2011,E01000866,2011 super output areas - lower layer,298,Age 85 to 89,0.0
13757,2011,E01000866,2011 super output areas - lower layer,298,Age 90 and over,0.0
13758,2011,E01000866,2011 super output areas - lower layer,298,Mean Age,
13759,2011,E01000866,2011 super output areas - lower layer,298,Median Age,0.5
13760,2011,E01000866,2011 super output areas - lower layer,298,All usual residents,0.0
13761,2011,E01000866,2011 super output areas - lower layer,298,Age 0 to 4,0.0
13762,2011,E01000866,2011 super output areas - lower layer,298,Age 5 to 7,0.0
13763,2011,E01000866,2011 super output areas - lower layer,298,Age 8 to 9,0.0
13764,2011,E01000866,2011 super output areas - lower layer,298,Age 10 to 14,0.0
13765,2011,E01000866,2011 super output areas - lower layer,298,Age 15,0.0
13766,2011,E01000866,2011 super output areas - lower layer,298,Age 16 to 17,0.0
13767,2011,E01000866,2011 super output areas - lower layer,298,Age 18 to 19,0.0
13768,2011,E01000866,2011 super output areas - lower layer,298,Age 20 to 24,0.0
13769,2011,E01000866,2011 super output areas - lower layer,298,Age 25 to 29,0.0
13770,2011,E01000866,2011 super output areas - lower layer,298,Age 30 to 44,0.0
13771,2011,E01000866,2011 super output areas - lower layer,298,Age 45 to 59,0.0
13772,2011,E01000866,2011 super output areas - lower layer,298,Age 60 to 64,0.0
13773,2011,E01000866,2011 super output areas - lower layer,298,Age 65 to 74,0.0
13774,2011,E01000866,2011 super output areas - lower layer,298,Age 75 to 84,0.0
13775,2011,E01000866,2011 super output areas - lower layer,298,Age 85 to 89,0.0
13776,2011,E01000866,2011 super output areas - lower layer,298,Age 90 and over,0.0
13777,2011,E01000866,2011 super output areas - lower layer,298,Mean Age,
13778,2011,E01000866,2011 super output areas - lower layer,298,Median Age,0.5
13779,2011,E01000866,2011 super output areas - lower layer,298,All usual residents,0.0
13780,2011,E01000866,2011 super output areas - lower layer,298,Age 0 to 4,0.0
13781,2011,E01000866,2011 super output areas - lower layer,298,Age 5 to 7,0.0
13782,2011,E01000866,2011 super output areas - lower layer,298,Age 8 to 9,0.0
13783,2011,E01000866,2011 super output areas - lower layer,298,Age 10 to 14,0.0
13784,2011,E01000866,2011 super output areas - lower layer,298,Age 15,0.0
13785,2011,E01000866,2011 super output areas - lower layer,298,Age 16 to 17,0.0
13786,2011,E01000866,2011 super output areas - lower layer,298,Age 18 to 19,0.0
13787,2011,E01000866,2011 super output areas - lower layer,298,Age 20 to 24,0.0
13788,2011,E01000866,2011 super output areas - lower layer,298,Age 25 to 29,0.0
13789,2011,E01000866,2011 super output areas - lower layer,298,Age 30 to 44,0.0
13790,2011,E01000866,2011 super output areas - lower layer,298,Age 45 to 59,0.0
13791,2011,E01000866,2011 super output areas - lower layer,298,Age 60 to 64,0.0
13792,2011,E01000866,2011 super output areas - lower layer,298,Age 65 to 74,0.0
13793,2011,E01000866,2011 super output areas - lower layer,298,Age 75 to 84,0.0
13794,2011,E01000866,2011 super output areas - lower layer,298,Age 85 to 89,0.0
13795,2011,E01000866,2011 super output areas - lower layer,298,Age 90 and over,0.0
13796,2011,E01000866,2011 super output areas - lower layer,298,Mean Age,
13797,2011,E01000866,2011 super output areas - lower layer,298,Median Age,0.5
13798,2011,E01000866,2011 super output areas - lower layer,298,All usual residents,0.0
13799,2011,E01000866,2011 super output areas - lower layer,298,Age 0 to 4,0.0
13800,2011,E01000866,2011 super output areas - lower layer,298,Age 5 to 7,0.0
13801,2011,E01000866,2011 super output areas - lower layer,298,Age 8 to 9,0.0
13802,2011,E01000866,2011 super output areas - lower layer,298,Age 10 to 14,0.0
13803,2011,E01000866,2011 super output areas - lower layer,298,Age 15,0.0
13804,2011,E01000866,2011 super output areas - lower layer,298,Age 16 to 17,0.0
13805,2011,E01000866,2011 super output areas - lower layer,298,Age 18 to 19,0.0
13806,2011,E01000866,2011 super output areas - lower layer,298,Age 20 to 24,0.0
13807,2011,E01000866,2011 super output areas - lower layer,298,Age 25 to 29,0.0
13808,2011,E01000866,2011 super output areas - lower layer,298,Age 30 to 44,0.0
13809,2011,E01000866,2011 super output areas - lower layer,298,Age 45 to 59,0.0
13810,2011,E01000866,2011 super output areas - lower layer,298,Age 60 to 64,0.0
13811,2011,E01000866,2011 super output areas - lower layer,298,Age 65 to 74,0.0
13812,2011,E01000866,2011 super output areas - lower layer,298,Age 75 to 84,0.0
13813,2011,E01000866,2011 super output areas - lower layer,298,Age 85 to 89,0.0
13814,2011,E01000866,2011 super output areas - lower layer,298,Age 90 and over,0.0
13815,2011,E01000866,2011 super output areas - lower layer,298,Mean Age,
13816,2011,E01000866,2011 super output areas - lower layer,298,Median Age,0.5
13817,2011,E01000866,2011 super output areas - lower layer,298,All usual residents,0.0
13818,2011,E01000866,2011 super output areas - lower layer,298,Age 0 to 4,0.0
13819,2011,E01000866,2011 super output areas - lower layer,298,Age 5 to 7,0.0
13820,2011,E01000866,2011 super output areas - lower layer,298,Age 8 to 9,0.0
13821,2011,E01000866,2011 super output areas - lower layer,298,Age 10 to 14,0.0
13822,2011,E01000866,2011 super output areas - lower layer,298,Age 15,0.0
13823,2011,E01000866,2011 super output areas - lower layer,298,Age 16 to 17,0.0
13824,2011,E01000866,2011 super output areas - lower layer,298,Age 18 to 19,0.0
13825,2011,E01000866,2011 super output areas - lower layer,298,Age 20 to 24,0.0
13826,2011,E01000866,2011 super output areas - lower layer,298,Age 25 to 29,0.0
13827,2011,E01000866,2011 super output areas - lower layer,298,Age 30 to 44,0.0
13828,2011,E01000866,2011 super output areas - lower layer,298,Age 45 to 59,0.0
13829,2011,E01000866,2011 super output areas - lower layer,298,Age 60 to 64,0.0
13830,2011,E01000866,2011 super output areas - lower layer,298,Age 65 to 74,0.0
13831,2011,E01000866,2011 super output areas - lower layer,298,Age 75 to 84,0.0
13832,2011,E01000866,2011 super output areas - lower layer,298,Age 85 to 89,0.0
13833,2011,E01000866,2011 super output areas - lower layer,298,Age 90 and over,0.0
13834,2011,E01000866,2011 super output areas - lower layer,298,Mean Age,
13835,2011,E01000866,2011 super output areas - lower layer,298,Median Age,0.5
13836,2011,E01000870,2011 super output areas - lower layer,298,All usual residents,1693.0
13837,2011,E01000870,2011 super output areas - lower layer,298,Age 0 to 4,87.0
13838,2011,E01000870,2011 super output areas - lower layer,298,Age 5 to 7,39.0
13839,2011,E01000870,2011 super output areas - lower layer,298,Age 8 to 9,27.0
13840,2011,E01000870,2011 super output areas - lower layer,298,Age 10 to 14,94.0
13841,2011,E01000870,2011 super output areas - lower layer,298,Age 15,22.0
13842,2011,E01000870,2011 super output areas - lower layer,298,Age 16 to 17,44.0
13843,2011,E01000870,2011 super output areas - lower layer,298,Age 18 to 19,28.0
13844,2011,E01000870,2011 super output areas - lower layer,298,Age 20 to 24,140.0
13845,2011,E01000870,2011 super output areas - lower layer,298,Age 25 to 29,221.0
13846,2011,E01000870,2011 super output areas - lower layer,298,Age 30 to 44,410.0
13847,2011,E01000870,2011 super output areas - lower layer,298,Age 45 to 59,342.0
13848,2011,E01000870,2011 super output areas - lower layer,298,Age 60 to 64,67.0
13849,2011,E01000870,2011 super output areas - lower layer,298,Age 65 to 74,105.0
13850,2011,E01000870,2011 super output areas - lower layer,298,Age 75 to 84,50.0
13851,2011,E01000870,2011 super output areas - lower layer,298,Age 85 to 89,11.0
13852,2011,E01000870,2011 super output areas - lower layer,298,Age 90 and over,6.0
13853,2011,E01000870,2011 super output areas - lower layer,298,Mean Age,36.4
13854,2011,E01000870,2011 super output areas - lower layer,298,Median Age,33.0
13855,2011,E01000870,2011 super output areas - lower layer,298,All usual residents,0.0
13856,2011,E01000870,2011 super output areas - lower layer,298,Age 0 to 4,0.0
13857,2011,E01000870,2011 super output areas - lower layer,298,Age 5 to 7,0.0
13858,2011,E01000870,2011 super output areas - lower layer,298,Age 8 to 9,0.0
13859,2011,E01000870,2011 super output areas - lower layer,298,Age 10 to 14,0.0
13860,2011,E01000870,2011 super output areas - lower layer,298,Age 15,0.0
13861,2011,E01000870,2011 super output areas - lower layer,298,Age 16 to 17,0.0
13862,2011,E01000870,2011 super output areas - lower layer,298,Age 18 to 19,0.0
13863,2011,E01000870,2011 super output areas - lower layer,298,Age 20 to 24,0.0
13864,2011,E01000870,2011 super output areas - lower layer,298,Age 25 to 29,0.0
13865,2011,E01000870,2011 super output areas - lower layer,298,Age 30 to 44,0.0
13866,2011,E01000870,2011 super output areas - lower layer,298,Age 45 to 59,0.0
13867,2011,E01000870,2011 super output areas - lower layer,298,Age 60 to 64,0.0
13868,2011,E01000870,2011 super output areas - lower layer,298,Age 65 to 74,0.0
13869,2011,E01000870,2011 super output areas - lower layer,298,Age 75 to 84,0.0
13870,2011,E01000870,2011 super output areas - lower layer,298,Age 85 to 89,0.0
13871,2011,E01000870,2011 super output areas - lower layer,298,Age 90 and over,0.0
13872,2011,E01000870,2011 super output areas - lower layer,298,Mean Age,
13873,2011,E01000870,2011 super output areas - lower layer,298,Median Age,0.5
13874,2011,E01000870,2011 super output areas - lower layer,298,All usual residents,0.0
13875,2011,E01000870,2011 super output areas - lower layer,298,Age 0 to 4,0.0
13876,2011,E01000870,2011 super output areas - lower layer,298,Age 5 to 7,0.0
13877,2011,E01000870,2011 super output areas - lower layer,298,Age 8 to 9,0.0
13878,2011,E01000870,2011 super output areas - lower layer,298,Age 10 to 14,0.0
13879,2011,E01000870,2011 super output areas - lower layer,298,Age 15,0.0
13880,2011,E01000870,2011 super output areas - lower layer,298,Age 16 to 17,0.0
13881,2011,E01000870,2011 super output areas - lower layer,298,Age 18 to 19,0.0
13882,2011,E01000870,2011 super output areas - lower layer,298,Age 20 to 24,0.0
13883,2011,E01000870,2011 super output areas - lower layer,298,Age 25 to 29,0.0
13884,2011,E01000870,2011 super output areas - lower layer,298,Age 30 to 44,0.0
13885,2011,E01000870,2011 super output areas - lower layer,298,Age 45 to 59,0.0
13886,2011,E01000870,2011 super output areas - lower layer,298,Age 60 to 64,0.0
13887,2011,E01000870,2011 super output areas - lower layer,298,Age 65 to 74,0.0
13888,2011,E01000870,2011 super output areas - lower layer,298,Age 75 to 84,0.0
13889,2011,E01000870,2011 super output areas - lower layer,298,Age 85 to 89,0.0
13890,2011,E01000870,2011 super output areas - lower layer,298,Age 90 and over,0.0
13891,2011,E01000870,2011 super output areas - lower layer,298,Mean Age,
13892,2011,E01000870,2011 super output areas - lower layer,298,Median Age,0.5
13893,2011,E01000870,2011 super output areas - lower layer,298,All usual residents,0.0
13894,2011,E01000870,2011 super output areas - lower layer,298,Age 0 to 4,0.0
13895,2011,E01000870,2011 super output areas - lower layer,298,Age 5 to 7,0.0
13896,2011,E01000870,2011 super output areas - lower layer,298,Age 8 to 9,0.0
13897,2011,E01000870,2011 super output areas - lower layer,298,Age 10 to 14,0.0
13898,2011,E01000870,2011 super output areas - lower layer,298,Age 15,0.0
13899,2011,E01000870,2011 super output areas - lower layer,298,Age 16 to 17,0.0
13900,2011,E01000870,2011 super output areas - lower layer,298,Age 18 to 19,0.0
13901,2011,E01000870,2011 super output areas - lower layer,298,Age 20 to 24,0.0
13902,2011,E01000870,2011 super output areas - lower layer,298,Age 25 to 29,0.0
13903,2011,E01000870,2011 super output areas - lower layer,298,Age 30 to 44,0.0
13904,2011,E01000870,2011 super output areas - lower layer,298,Age 45 to 59,0.0
13905,2011,E01000870,2011 super output areas - lower layer,298,Age 60 to 64,0.0
13906,2011,E01000870,2011 super output areas - lower layer,298,Age 65 to 74,0.0
13907,2011,E01000870,2011 super output areas - lower layer,298,Age 75 to 84,0.0
13908,2011,E01000870,2011 super output areas - lower layer,298,Age 85 to 89,0.0
13909,2011,E01000870,2011 super output areas - lower layer,298,Age 90 and over,0.0
13910,2011,E01000870,2011 super output areas - lower layer,298,Mean Age,
13911,2011,E01000870,2011 super output areas - lower layer,298,Median Age,0.5
13912,2011,E01000870,2011 super output areas - lower layer,298,All usual residents,0.0
13913,2011,E01000870,2011 super output areas - lower layer,298,Age 0 to 4,0.0
13914,2011,E01000870,2011 super output areas - lower layer,298,Age 5 to 7,0.0
13915,2011,E01000870,2011 super output areas - lower layer,298,Age 8 to 9,0.0
13916,2011,E01000870,2011 super output areas - lower layer,298,Age 10 to 14,0.0
13917,2011,E01000870,2011 super output areas - lower layer,298,Age 15,0.0
13918,2011,E01000870,2011 super output areas - lower layer,298,Age 16 to 17,0.0
13919,2011,E01000870,2011 super output areas - lower layer,298,Age 18 to 19,0.0
13920,2011,E01000870,2011 super output areas - lower layer,298,Age 20 to 24,0.0
13921,2011,E01000870,2011 super output areas - lower layer,298,Age 25 to 29,0.0
13922,2011,E01000870,2011 super output areas - lower layer,298,Age 30 to 44,0.0
13923,2011,E01000870,2011 super output areas - lower layer,298,Age 45 to 59,0.0
13924,2011,E01000870,2011 super output areas - lower layer,298,Age 60 to 64,0.0
13925,2011,E01000870,2011 super output areas - lower layer,298,Age 65 to 74,0.0
13926,2011,E01000870,2011 super output areas - lower layer,298,Age 75 to 84,0.0
13927,2011,E01000870,2011 super output areas - lower layer,298,Age 85 to 89,0.0
13928,2011,E01000870,2011 super output areas - lower layer,298,Age 90 and over,0.0
13929,2011,E01000870,2011 super output areas - lower layer,298,Mean Age,
13930,2011,E01000870,2011 super output areas - lower layer,298,Median Age,0.5
13931,2011,E01000870,2011 super output areas - lower layer,298,All usual residents,0.0
13932,2011,E01000870,2011 super output areas - lower layer,298,Age 0 to 4,0.0
13933,2011,E01000870,2011 super output areas - lower layer,298,Age 5 to 7,0.0
13934,2011,E01000870,2011 super output areas - lower layer,298,Age 8 to 9,0.0
13935,2011,E01000870,2011 super output areas - lower layer,298,Age 10 to 14,0.0
13936,2011,E01000870,2011 super output areas - lower layer,298,Age 15,0.0
13937,2011,E01000870,2011 super output areas - lower layer,298,Age 16 to 17,0.0
13938,2011,E01000870,2011 super output areas - lower layer,298,Age 18 to 19,0.0
13939,2011,E01000870,2011 super output areas - lower layer,298,Age 20 to 24,0.0
13940,2011,E01000870,2011 super output areas - lower layer,298,Age 25 to 29,0.0
13941,2011,E01000870,2011 super output areas - lower layer,298,Age 30 to 44,0.0
13942,2011,E01000870,2011 super output areas - lower layer,298,Age 45 to 59,0.0
13943,2011,E01000870,2011 super output areas - lower layer,298,Age 60 to 64,0.0
13944,2011,E01000870,2011 super output areas - lower layer,298,Age 65 to 74,0.0
13945,2011,E01000870,2011 super output areas - lower layer,298,Age 75 to 84,0.0
13946,2011,E01000870,2011 super output areas - lower layer,298,Age 85 to 89,0.0
13947,2011,E01000870,2011 super output areas - lower layer,298,Age 90 and over,0.0
13948,2011,E01000870,2011 super output areas - lower layer,298,Mean Age,
13949,2011,E01000870,2011 super output areas - lower layer,298,Median Age,0.5
13950,2011,E01000870,2011 super output areas - lower layer,298,All usual residents,0.0
13951,2011,E01000870,2011 super output areas - lower layer,298,Age 0 to 4,0.0
13952,2011,E01000870,2011 super output areas - lower layer,298,Age 5 to 7,0.0
13953,2011,E01000870,2011 super output areas - lower layer,298,Age 8 to 9,0.0
13954,2011,E01000870,2011 super output areas - lower layer,298,Age 10 to 14,0.0
13955,2011,E01000870,2011 super output areas - lower layer,298,Age 15,0.0
13956,2011,E01000870,2011 super output areas - lower layer,298,Age 16 to 17,0.0
13957,2011,E01000870,2011 super output areas - lower layer,298,Age 18 to 19,0.0
13958,2011,E01000870,2011 super output areas - lower layer,298,Age 20 to 24,0.0
13959,2011,E01000870,2011 super output areas - lower layer,298,Age 25 to 29,0.0
13960,2011,E01000870,2011 super output areas - lower layer,298,Age 30 to 44,0.0
13961,2011,E01000870,2011 super output areas - lower layer,298,Age 45 to 59,0.0
13962,2011,E01000870,2011 super output areas - lower layer,298,Age 60 to 64,0.0
13963,2011,E01000870,2011 super output areas - lower layer,298,Age 65 to 74,0.0
13964,2011,E01000870,2011 super output areas - lower layer,298,Age 75 to 84,0.0
13965,2011,E01000870,2011 super output areas - lower layer,298,Age 85 to 89,0.0
13966,2011,E01000870,2011 super output areas - lower layer,298,Age 90 and over,0.0
13967,2011,E01000870,2011 super output areas - lower layer,298,Mean Age,
13968,2011,E01000870,2011 super output areas - lower layer,298,Median Age,0.5
13969,2011,E01000870,2011 super output areas - lower layer,298,All usual residents,0.0
13970,2011,E01000870,2011 super output areas - lower layer,298,Age 0 to 4,0.0
13971,2011,E01000870,2011 super output areas - lower layer,298,Age 5 to 7,0.0
13972,2011,E01000870,2011 super output areas - lower layer,298,Age 8 to 9,0.0
13973,2011,E01000870,2011 super output areas - lower layer,298,Age 10 to 14,0.0
13974,2011,E01000870,2011 super output areas - lower layer,298,Age 15,0.0
13975,2011,E01000870,2011 super output areas - lower layer,298,Age 16 to 17,0.0
13976,2011,E01000870,2011 super output areas - lower layer,298,Age 18 to 19,0.0
13977,2011,E01000870,2011 super output areas - lower layer,298,Age 20 to 24,0.0
13978,2011,E01000870,2011 super output areas - lower layer,298,Age 25 to 29,0.0
13979,2011,E01000870,2011 super output areas - lower layer,298,Age 30 to 44,0.0
13980,2011,E01000870,2011 super output areas - lower layer,298,Age 45 to 59,0.0
13981,2011,E01000870,2011 super output areas - lower layer,298,Age 60 to 64,0.0
13982,2011,E01000870,2011 super output areas - lower layer,298,Age 65 to 74,0.0
13983,2011,E01000870,2011 super output areas - lower layer,298,Age 75 to 84,0.0
13984,2011,E01000870,2011 super output areas - lower layer,298,Age 85 to 89,0.0
13985,2011,E01000870,2011 super output areas - lower layer,298,Age 90 and over,0.0
13986,2011,E01000870,2011 super output areas - lower layer,298,Mean Age,
13987,2011,E01000870,2011 super output areas - lower layer,298,Median Age,0.5
13988,2011,E01000870,2011 super output areas - lower layer,298,All usual residents,0.0
13989,2011,E01000870,2011 super output areas - lower layer,298,Age 0 to 4,0.0
13990,2011,E01000870,2011 super output areas - lower layer,298,Age 5 to 7,0.0
13991,2011,E01000870,2011 super output areas - lower layer,298,Age 8 to 9,0.0
13992,2011,E01000870,2011 super output areas - lower layer,298,Age 10 to 14,0.0
13993,2011,E01000870,2011 super output areas - lower layer,298,Age 15,0.0
13994,2011,E01000870,2011 super output areas - lower layer,298,Age 16 to 17,0.0
13995,2011,E01000870,2011 super output areas - lower layer,298,Age 18 to 19,0.0
13996,2011,E01000870,2011 super output areas - lower layer,298,Age 20 to 24,0.0
13997,2011,E01000870,2011 super output areas - lower layer,298,Age 25 to 29,0.0
13998,2011,E01000870,2011 super output areas - lower layer,298,Age 30 to 44,0.0
13999,2011,E01000870,2011 super output areas - lower layer,298,Age 45 to 59,0.0
14000,2011,E01000870,2011 super output areas - lower layer,298,Age 60 to 64,0.0
14001,2011,E01000870,2011 super output areas - lower layer,298,Age 65 to 74,0.0
14002,2011,E01000870,2011 super output areas - lower layer,298,Age 75 to 84,0.0
14003,2011,E01000870,2011 super output areas - lower layer,298,Age 85 to 89,0.0
14004,2011,E01000870,2011 super output areas - lower layer,298,Age 90 and over,0.0
14005,2011,E01000870,2011 super output areas - lower layer,298,Mean Age,
14006,2011,E01000870,2011 super output areas - lower layer,298,Median Age,0.5
14007,2011,E01000870,2011 super output areas - lower layer,298,All usual residents,0.0
14008,2011,E01000870,2011 super output areas - lower layer,298,Age 0 to 4,0.0
14009,2011,E01000870,2011 super output areas - lower layer,298,Age 5 to 7,0.0
14010,2011,E01000870,2011 super output areas - lower layer,298,Age 8 to 9,0.0
14011,2011,E01000870,2011 super output areas - lower layer,298,Age 10 to 14,0.0
14012,2011,E01000870,2011 super output areas - lower layer,298,Age 15,0.0
14013,2011,E01000870,2011 super output areas - lower layer,298,Age 16 to 17,0.0
14014,2011,E01000870,2011 super output areas - lower layer,298,Age 18 to 19,0.0
14015,2011,E01000870,2011 super output areas - lower layer,298,Age 20 to 24,0.0
14016,2011,E01000870,2011 super output areas - lower layer,298,Age 25 to 29,0.0
14017,2011,E01000870,2011 super output areas - lower layer,298,Age 30 to 44,0.0
14018,2011,E01000870,2011 super output areas - lower layer,298,Age 45 to 59,0.0
14019,2011,E01000870,2011 super output areas - lower layer,298,Age 60 to 64,0.0
14020,2011,E01000870,2011 super output areas - lower layer,298,Age 65 to 74,0.0
14021,2011,E01000870,2011 super output areas - lower layer,298,Age 75 to 84,0.0
14022,2011,E01000870,2011 super output areas - lower layer,298,Age 85 to 89,0.0
14023,2011,E01000870,2011 super output areas - lower layer,298,Age 90 and over,0.0
14024,2011,E01000870,2011 super output areas - lower layer,298,Mean Age,
14025,2011,E01000870,2011 super output areas - lower layer,298,Median Age,0.5
14026,2011,E01000870,2011 super output areas - lower layer,298,All usual residents,0.0
14027,2011,E01000870,2011 super output areas - lower layer,298,Age 0 to 4,0.0
14028,2011,E01000870,2011 super output areas - lower layer,298,Age 5 to 7,0.0
14029,2011,E01000870,2011 super output areas - lower layer,298,Age 8 to 9,0.0
14030,2011,E01000870,2011 super output areas - lower layer,298,Age 10 to 14,0.0
14031,2011,E01000870,2011 super output areas - lower layer,298,Age 15,0.0
14032,2011,E01000870,2011 super output areas - lower layer,298,Age 16 to 17,0.0
14033,2011,E01000870,2011 super output areas - lower layer,298,Age 18 to 19,0.0
14034,2011,E01000870,2011 super output areas - lower layer,298,Age 20 to 24,0.0
14035,2011,E01000870,2011 super output areas - lower layer,298,Age 25 to 29,0.0
14036,2011,E01000870,2011 super output areas - lower layer,298,Age 30 to 44,0.0
14037,2011,E01000870,2011 super output areas - lower layer,298,Age 45 to 59,0.0
14038,2011,E01000870,2011 super output areas - lower layer,298,Age 60 to 64,0.0
14039,2011,E01000870,2011 super output areas - lower layer,298,Age 65 to 74,0.0
14040,2011,E01000870,2011 super output areas - lower layer,298,Age 75 to 84,0.0
14041,2011,E01000870,2011 super output areas - lower layer,298,Age 85 to 89,0.0
14042,2011,E01000870,2011 super output areas - lower layer,298,Age 90 and over,0.0
14043,2011,E01000870,2011 super output areas - lower layer,298,Mean Age,
14044,2011,E01000870,2011 super output areas - lower layer,298,Median Age,0.5
14045,2011,E01000870,2011 super output areas - lower layer,298,All usual residents,0.0
14046,2011,E01000870,2011 super output areas - lower layer,298,Age 0 to 4,0.0
14047,2011,E01000870,2011 super output areas - lower layer,298,Age 5 to 7,0.0
14048,2011,E01000870,2011 super output areas - lower layer,298,Age 8 to 9,0.0
14049,2011,E01000870,2011 super output areas - lower layer,298,Age 10 to 14,0.0
14050,2011,E01000870,2011 super output areas - lower layer,298,Age 15,0.0
14051,2011,E01000870,2011 super output areas - lower layer,298,Age 16 to 17,0.0
14052,2011,E01000870,2011 super output areas - lower layer,298,Age 18 to 19,0.0
14053,2011,E01000870,2011 super output areas - lower layer,298,Age 20 to 24,0.0
14054,2011,E01000870,2011 super output areas - lower layer,298,Age 25 to 29,0.0
14055,2011,E01000870,2011 super output areas - lower layer,298,Age 30 to 44,0.0
14056,2011,E01000870,2011 super output areas - lower layer,298,Age 45 to 59,0.0
14057,2011,E01000870,2011 super output areas - lower layer,298,Age 60 to 64,0.0
14058,2011,E01000870,2011 super output areas - lower layer,298,Age 65 to 74,0.0
14059,2011,E01000870,2011 super output areas - lower layer,298,Age 75 to 84,0.0
14060,2011,E01000870,2011 super output areas - lower layer,298,Age 85 to 89,0.0
14061,2011,E01000870,2011 super output areas - lower layer,298,Age 90 and over,0.0
14062,2011,E01000870,2011 super output areas - lower layer,298,Mean Age,
14063,2011,E01000870,2011 super output areas - lower layer,298,Median Age,0.5
14064,2011,E01000870,2011 super output areas - lower layer,298,All usual residents,0.0
14065,2011,E01000870,2011 super output areas - lower layer,298,Age 0 to 4,0.0
14066,2011,E01000870,2011 super output areas - lower layer,298,Age 5 to 7,0.0
14067,2011,E01000870,2011 super output areas - lower layer,298,Age 8 to 9,0.0
14068,2011,E01000870,2011 super output areas - lower layer,298,Age 10 to 14,0.0
14069,2011,E01000870,2011 super output areas - lower layer,298,Age 15,0.0
14070,2011,E01000870,2011 super output areas - lower layer,298,Age 16 to 17,0.0
14071,2011,E01000870,2011 super output areas - lower layer,298,Age 18 to 19,0.0
14072,2011,E01000870,2011 super output areas - lower layer,298,Age 20 to 24,0.0
14073,2011,E01000870,2011 super output areas - lower layer,298,Age 25 to 29,0.0
14074,2011,E01000870,2011 super output areas - lower layer,298,Age 30 to 44,0.0
14075,2011,E01000870,2011 super output areas - lower layer,298,Age 45 to 59,0.0
14076,2011,E01000870,2011 super output areas - lower layer,298,Age 60 to 64,0.0
14077,2011,E01000870,2011 super output areas - lower layer,298,Age 65 to 74,0.0
14078,2011,E01000870,2011 super output areas - lower layer,298,Age 75 to 84,0.0
14079,2011,E01000870,2011 super output areas - lower layer,298,Age 85 to 89,0.0
14080,2011,E01000870,2011 super output areas - lower layer,298,Age 90 and over,0.0
14081,2011,E01000870,2011 super output areas - lower layer,298,Mean Age,
14082,2011,E01000870,2011 super output areas - lower layer,298,Median Age,0.5
14083,2011,E01000924,2011 super output areas - lower layer,298,All usual residents,1637.0
14084,2011,E01000924,2011 super output areas - lower layer,298,Age 0 to 4,85.0
14085,2011,E01000924,2011 super output areas - lower layer,298,Age 5 to 7,29.0
14086,2011,E01000924,2011 super output areas - lower layer,298,Age 8 to 9,24.0
14087,2011,E01000924,2011 super output areas - lower layer,298,Age 10 to 14,54.0
14088,2011,E01000924,2011 super output areas - lower layer,298,Age 15,9.0
14089,2011,E01000924,2011 super output areas - lower layer,298,Age 16 to 17,31.0
14090,2011,E01000924,2011 super output areas - lower layer,298,Age 18 to 19,23.0
14091,2011,E01000924,2011 super output areas - lower layer,298,Age 20 to 24,120.0
14092,2011,E01000924,2011 super output areas - lower layer,298,Age 25 to 29,249.0
14093,2011,E01000924,2011 super output areas - lower layer,298,Age 30 to 44,523.0
14094,2011,E01000924,2011 super output areas - lower layer,298,Age 45 to 59,259.0
14095,2011,E01000924,2011 super output areas - lower layer,298,Age 60 to 64,73.0
14096,2011,E01000924,2011 super output areas - lower layer,298,Age 65 to 74,104.0
14097,2011,E01000924,2011 super output areas - lower layer,298,Age 75 to 84,42.0
14098,2011,E01000924,2011 super output areas - lower layer,298,Age 85 to 89,10.0
14099,2011,E01000924,2011 super output areas - lower layer,298,Age 90 and over,2.0
14100,2011,E01000924,2011 super output areas - lower layer,298,Mean Age,36.6
14101,2011,E01000924,2011 super output areas - lower layer,298,Median Age,34.0
14102,2011,E01000924,2011 super output areas - lower layer,298,All usual residents,0.0
14103,2011,E01000924,2011 super output areas - lower layer,298,Age 0 to 4,0.0
14104,2011,E01000924,2011 super output areas - lower layer,298,Age 5 to 7,0.0
14105,2011,E01000924,2011 super output areas - lower layer,298,Age 8 to 9,0.0
14106,2011,E01000924,2011 super output areas - lower layer,298,Age 10 to 14,0.0
14107,2011,E01000924,2011 super output areas - lower layer,298,Age 15,0.0
14108,2011,E01000924,2011 super output areas - lower layer,298,Age 16 to 17,0.0
14109,2011,E01000924,2011 super output areas - lower layer,298,Age 18 to 19,0.0
14110,2011,E01000924,2011 super output areas - lower layer,298,Age 20 to 24,0.0
14111,2011,E01000924,2011 super output areas - lower layer,298,Age 25 to 29,0.0
14112,2011,E01000924,2011 super output areas - lower layer,298,Age 30 to 44,0.0
14113,2011,E01000924,2011 super output areas - lower layer,298,Age 45 to 59,0.0
14114,2011,E01000924,2011 super output areas - lower layer,298,Age 60 to 64,0.0
14115,2011,E01000924,2011 super output areas - lower layer,298,Age 65 to 74,0.0
14116,2011,E01000924,2011 super output areas - lower layer,298,Age 75 to 84,0.0
14117,2011,E01000924,2011 super output areas - lower layer,298,Age 85 to 89,0.0
14118,2011,E01000924,2011 super output areas - lower layer,298,Age 90 and over,0.0
14119,2011,E01000924,2011 super output areas - lower layer,298,Mean Age,
14120,2011,E01000924,2011 super output areas - lower layer,298,Median Age,0.5
14121,2011,E01000924,2011 super output areas - lower layer,298,All usual residents,0.0
14122,2011,E01000924,2011 super output areas - lower layer,298,Age 0 to 4,0.0
14123,2011,E01000924,2011 super output areas - lower layer,298,Age 5 to 7,0.0
14124,2011,E01000924,2011 super output areas - lower layer,298,Age 8 to 9,0.0
14125,2011,E01000924,2011 super output areas - lower layer,298,Age 10 to 14,0.0
14126,2011,E01000924,2011 super output areas - lower layer,298,Age 15,0.0
14127,2011,E01000924,2011 super output areas - lower layer,298,Age 16 to 17,0.0
14128,2011,E01000924,2011 super output areas - lower layer,298,Age 18 to 19,0.0
14129,2011,E01000924,2011 super output areas - lower layer,298,Age 20 to 24,0.0
14130,2011,E01000924,2011 super output areas - lower layer,298,Age 25 to 29,0.0
14131,2011,E01000924,2011 super output areas - lower layer,298,Age 30 to 44,0.0
14132,2011,E01000924,2011 super output areas - lower layer,298,Age 45 to 59,0.0
14133,2011,E01000924,2011 super output areas - lower layer,298,Age 60 to 64,0.0
14134,2011,E01000924,2011 super output areas - lower layer,298,Age 65 to 74,0.0
14135,2011,E01000924,2011 super output areas - lower layer,298,Age 75 to 84,0.0
14136,2011,E01000924,2011 super output areas - lower layer,298,Age 85 to 89,0.0
14137,2011,E01000924,2011 super output areas - lower layer,298,Age 90 and over,0.0
14138,2011,E01000924,2011 super output areas - lower layer,298,Mean Age,
14139,2011,E01000924,2011 super output areas - lower layer,298,Median Age,0.5
14140,2011,E01000924,2011 super output areas - lower layer,298,All usual residents,0.0
14141,2011,E01000924,2011 super output areas - lower layer,298,Age 0 to 4,0.0
14142,2011,E01000924,2011 super output areas - lower layer,298,Age 5 to 7,0.0
14143,2011,E01000924,2011 super output areas - lower layer,298,Age 8 to 9,0.0
14144,2011,E01000924,2011 super output areas - lower layer,298,Age 10 to 14,0.0
14145,2011,E01000924,2011 super output areas - lower layer,298,Age 15,0.0
14146,2011,E01000924,2011 super output areas - lower layer,298,Age 16 to 17,0.0
14147,2011,E01000924,2011 super output areas - lower layer,298,Age 18 to 19,0.0
14148,2011,E01000924,2011 super output areas - lower layer,298,Age 20 to 24,0.0
14149,2011,E01000924,2011 super output areas - lower layer,298,Age 25 to 29,0.0
14150,2011,E01000924,2011 super output areas - lower layer,298,Age 30 to 44,0.0
14151,2011,E01000924,2011 super output areas - lower layer,298,Age 45 to 59,0.0
14152,2011,E01000924,2011 super output areas - lower layer,298,Age 60 to 64,0.0
14153,2011,E01000924,2011 super output areas - lower layer,298,Age 65 to 74,0.0
14154,2011,E01000924,2011 super output areas - lower layer,298,Age 75 to 84,0.0
14155,2011,E01000924,2011 super output areas - lower layer,298,Age 85 to 89,0.0
14156,2011,E01000924,2011 super output areas - lower layer,298,Age 90 and over,0.0
14157,2011,E01000924,2011 super output areas - lower layer,298,Mean Age,
14158,2011,E01000924,2011 super output areas - lower layer,298,Median Age,0.5
14159,2011,E01000924,2011 super output areas - lower layer,298,All usual residents,0.0
14160,2011,E01000924,2011 super output areas - lower layer,298,Age 0 to 4,0.0
14161,2011,E01000924,2011 super output areas - lower layer,298,Age 5 to 7,0.0
14162,2011,E01000924,2011 super output areas - lower layer,298,Age 8 to 9,0.0
14163,2011,E01000924,2011 super output areas - lower layer,298,Age 10 to 14,0.0
14164,2011,E01000924,2011 super output areas - lower layer,298,Age 15,0.0
14165,2011,E01000924,2011 super output areas - lower layer,298,Age 16 to 17,0.0
14166,2011,E01000924,2011 super output areas - lower layer,298,Age 18 to 19,0.0
14167,2011,E01000924,2011 super output areas - lower layer,298,Age 20 to 24,0.0
14168,2011,E01000924,2011 super output areas - lower layer,298,Age 25 to 29,0.0
14169,2011,E01000924,2011 super output areas - lower layer,298,Age 30 to 44,0.0
14170,2011,E01000924,2011 super output areas - lower layer,298,Age 45 to 59,0.0
14171,2011,E01000924,2011 super output areas - lower layer,298,Age 60 to 64,0.0
14172,2011,E01000924,2011 super output areas - lower layer,298,Age 65 to 74,0.0
14173,2011,E01000924,2011 super output areas - lower layer,298,Age 75 to 84,0.0
14174,2011,E01000924,2011 super output areas - lower layer,298,Age 85 to 89,0.0
14175,2011,E01000924,2011 super output areas - lower layer,298,Age 90 and over,0.0
14176,2011,E01000924,2011 super output areas - lower layer,298,Mean Age,
14177,2011,E01000924,2011 super output areas - lower layer,298,Median Age,0.5
14178,2011,E01000924,2011 super output areas - lower layer,298,All usual residents,0.0
14179,2011,E01000924,2011 super output areas - lower layer,298,Age 0 to 4,0.0
14180,2011,E01000924,2011 super output areas - lower layer,298,Age 5 to 7,0.0
14181,2011,E01000924,2011 super output areas - lower layer,298,Age 8 to 9,0.0
14182,2011,E01000924,2011 super output areas - lower layer,298,Age 10 to 14,0.0
14183,2011,E01000924,2011 super output areas - lower layer,298,Age 15,0.0
14184,2011,E01000924,2011 super output areas - lower layer,298,Age 16 to 17,0.0
14185,2011,E01000924,2011 super output areas - lower layer,298,Age 18 to 19,0.0
14186,2011,E01000924,2011 super output areas - lower layer,298,Age 20 to 24,0.0
14187,2011,E01000924,2011 super output areas - lower layer,298,Age 25 to 29,0.0
14188,2011,E01000924,2011 super output areas - lower layer,298,Age 30 to 44,0.0
14189,2011,E01000924,2011 super output areas - lower layer,298,Age 45 to 59,0.0
14190,2011,E01000924,2011 super output areas - lower layer,298,Age 60 to 64,0.0
14191,2011,E01000924,2011 super output areas - lower layer,298,Age 65 to 74,0.0
14192,2011,E01000924,2011 super output areas - lower layer,298,Age 75 to 84,0.0
14193,2011,E01000924,2011 super output areas - lower layer,298,Age 85 to 89,0.0
14194,2011,E01000924,2011 super output areas - lower layer,298,Age 90 and over,0.0
14195,2011,E01000924,2011 super output areas - lower layer,298,Mean Age,
14196,2011,E01000924,2011 super output areas - lower layer,298,Median Age,0.5
14197,2011,E01000924,2011 super output areas - lower layer,298,All usual residents,0.0
14198,2011,E01000924,2011 super output areas - lower layer,298,Age 0 to 4,0.0
14199,2011,E01000924,2011 super output areas - lower layer,298,Age 5 to 7,0.0
14200,2011,E01000924,2011 super output areas - lower layer,298,Age 8 to 9,0.0
14201,2011,E01000924,2011 super output areas - lower layer,298,Age 10 to 14,0.0
14202,2011,E01000924,2011 super output areas - lower layer,298,Age 15,0.0
14203,2011,E01000924,2011 super output areas - lower layer,298,Age 16 to 17,0.0
14204,2011,E01000924,2011 super output areas - lower layer,298,Age 18 to 19,0.0
14205,2011,E01000924,2011 super output areas - lower layer,298,Age 20 to 24,0.0
14206,2011,E01000924,2011 super output areas - lower layer,298,Age 25 to 29,0.0
14207,2011,E01000924,2011 super output areas - lower layer,298,Age 30 to 44,0.0
14208,2011,E01000924,2011 super output areas - lower layer,298,Age 45 to 59,0.0
14209,2011,E01000924,2011 super output areas - lower layer,298,Age 60 to 64,0.0
14210,2011,E01000924,2011 super output areas - lower layer,298,Age 65 to 74,0.0
14211,2011,E01000924,2011 super output areas - lower layer,298,Age 75 to 84,0.0
14212,2011,E01000924,2011 super output areas - lower layer,298,Age 85 to 89,0.0
14213,2011,E01000924,2011 super output areas - lower layer,298,Age 90 and over,0.0
14214,2011,E01000924,2011 super output areas - lower layer,298,Mean Age,
14215,2011,E01000924,2011 super output areas - lower layer,298,Median Age,0.5
14216,2011,E01000924,2011 super output areas - lower layer,298,All usual residents,0.0
14217,2011,E01000924,2011 super output areas - lower layer,298,Age 0 to 4,0.0
14218,2011,E01000924,2011 super output areas - lower layer,298,Age 5 to 7,0.0
14219,2011,E01000924,2011 super output areas - lower layer,298,Age 8 to 9,0.0
14220,2011,E01000924,2011 super output areas - lower layer,298,Age 10 to 14,0.0
14221,2011,E01000924,2011 super output areas - lower layer,298,Age 15,0.0
14222,2011,E01000924,2011 super output areas - lower layer,298,Age 16 to 17,0.0
14223,2011,E01000924,2011 super output areas - lower layer,298,Age 18 to 19,0.0
14224,2011,E01000924,2011 super output areas - lower layer,298,Age 20 to 24,0.0
14225,2011,E01000924,2011 super output areas - lower layer,298,Age 25 to 29,0.0
14226,2011,E01000924,2011 super output areas - lower layer,298,Age 30 to 44,0.0
14227,2011,E01000924,2011 super output areas - lower layer,298,Age 45 to 59,0.0
14228,2011,E01000924,2011 super output areas - lower layer,298,Age 60 to 64,0.0
14229,2011,E01000924,2011 super output areas - lower layer,298,Age 65 to 74,0.0
14230,2011,E01000924,2011 super output areas - lower layer,298,Age 75 to 84,0.0
14231,2011,E01000924,2011 super output areas - lower layer,298,Age 85 to 89,0.0
14232,2011,E01000924,2011 super output areas - lower layer,298,Age 90 and over,0.0
14233,2011,E01000924,2011 super output areas - lower layer,298,Mean Age,
14234,2011,E01000924,2011 super output areas - lower layer,298,Median Age,0.5
14235,2011,E01000924,2011 super output areas - lower layer,298,All usual residents,0.0
14236,2011,E01000924,2011 super output areas - lower layer,298,Age 0 to 4,0.0
14237,2011,E01000924,2011 super output areas - lower layer,298,Age 5 to 7,0.0
14238,2011,E01000924,2011 super output areas - lower layer,298,Age 8 to 9,0.0
14239,2011,E01000924,2011 super output areas - lower layer,298,Age 10 to 14,0.0
14240,2011,E01000924,2011 super output areas - lower layer,298,Age 15,0.0
14241,2011,E01000924,2011 super output areas - lower layer,298,Age 16 to 17,0.0
14242,2011,E01000924,2011 super output areas - lower layer,298,Age 18 to 19,0.0
14243,2011,E01000924,2011 super output areas - lower layer,298,Age 20 to 24,0.0
14244,2011,E01000924,2011 super output areas - lower layer,298,Age 25 to 29,0.0
14245,2011,E01000924,2011 super output areas - lower layer,298,Age 30 to 44,0.0
14246,2011,E01000924,2011 super output areas - lower layer,298,Age 45 to 59,0.0
14247,2011,E01000924,2011 super output areas - lower layer,298,Age 60 to 64,0.0
14248,2011,E01000924,2011 super output areas - lower layer,298,Age 65 to 74,0.0
14249,2011,E01000924,2011 super output areas - lower layer,298,Age 75 to 84,0.0
14250,2011,E01000924,2011 super output areas - lower layer,298,Age 85 to 89,0.0
14251,2011,E01000924,2011 super output areas - lower layer,298,Age 90 and over,0.0
14252,2011,E01000924,2011 super output areas - lower layer,298,Mean Age,
14253,2011,E01000924,2011 super output areas - lower layer,298,Median Age,0.5
14254,2011,E01000924,2011 super output areas - lower layer,298,All usual residents,0.0
14255,2011,E01000924,2011 super output areas - lower layer,298,Age 0 to 4,0.0
14256,2011,E01000924,2011 super output areas - lower layer,298,Age 5 to 7,0.0
14257,2011,E01000924,2011 super output areas - lower layer,298,Age 8 to 9,0.0
14258,2011,E01000924,2011 super output areas - lower layer,298,Age 10 to 14,0.0
14259,2011,E01000924,2011 super output areas - lower layer,298,Age 15,0.0
14260,2011,E01000924,2011 super output areas - lower layer,298,Age 16 to 17,0.0
14261,2011,E01000924,2011 super output areas - lower layer,298,Age 18 to 19,0.0
14262,2011,E01000924,2011 super output areas - lower layer,298,Age 20 to 24,0.0
14263,2011,E01000924,2011 super output areas - lower layer,298,Age 25 to 29,0.0
14264,2011,E01000924,2011 super output areas - lower layer,298,Age 30 to 44,0.0
14265,2011,E01000924,2011 super output areas - lower layer,298,Age 45 to 59,0.0
14266,2011,E01000924,2011 super output areas - lower layer,298,Age 60 to 64,0.0
14267,2011,E01000924,2011 super output areas - lower layer,298,Age 65 to 74,0.0
14268,2011,E01000924,2011 super output areas - lower layer,298,Age 75 to 84,0.0
14269,2011,E01000924,2011 super output areas - lower layer,298,Age 85 to 89,0.0
14270,2011,E01000924,2011 super output areas - lower layer,298,Age 90 and over,0.0
14271,2011,E01000924,2011 super output areas - lower layer,298,Mean Age,
14272,2011,E01000924,2011 super output areas - lower layer,298,Median Age,0.5
14273,2011,E01000924,2011 super output areas - lower layer,298,All usual residents,0.0
14274,2011,E01000924,2011 super output areas - lower layer,298,Age 0 to 4,0.0
14275,2011,E01000924,2011 super output areas - lower layer,298,Age 5 to 7,0.0
14276,2011,E01000924,2011 super output areas - lower layer,298,Age 8 to 9,0.0
14277,2011,E01000924,2011 super output areas - lower layer,298,Age 10 to 14,0.0
14278,2011,E01000924,2011 super output areas - lower layer,298,Age 15,0.0
14279,2011,E01000924,2011 super output areas - lower layer,298,Age 16 to 17,0.0
14280,2011,E01000924,2011 super output areas - lower layer,298,Age 18 to 19,0.0
14281,2011,E01000924,2011 super output areas - lower layer,298,Age 20 to 24,0.0
14282,2011,E01000924,2011 super output areas - lower layer,298,Age 25 to 29,0.0
14283,2011,E01000924,2011 super output areas - lower layer,298,Age 30 to 44,0.0
14284,2011,E01000924,2011 super output areas - lower layer,298,Age 45 to 59,0.0
14285,2011,E01000924,2011 super output areas - lower layer,298,Age 60 to 64,0.0
14286,2011,E01000924,2011 super output areas - lower layer,298,Age 65 to 74,0.0
14287,2011,E01000924,2011 super output areas - lower layer,298,Age 75 to 84,0.0
14288,2011,E01000924,2011 super output areas - lower layer,298,Age 85 to 89,0.0
14289,2011,E01000924,2011 super output areas - lower layer,298,Age 90 and over,0.0
14290,2011,E01000924,2011 super output areas - lower layer,298,Mean Age,
14291,2011,E01000924,2011 super output areas - lower layer,298,Median Age,0.5
14292,2011,E01000924,2011 super output areas - lower layer,298,All usual residents,0.0
14293,2011,E01000924,2011 super output areas - lower layer,298,Age 0 to 4,0.0
14294,2011,E01000924,2011 super output areas - lower layer,298,Age 5 to 7,0.0
14295,2011,E01000924,2011 super output areas - lower layer,298,Age 8 to 9,0.0
14296,2011,E01000924,2011 super output areas - lower layer,298,Age 10 to 14,0.0
14297,2011,E01000924,2011 super output areas - lower layer,298,Age 15,0.0
14298,2011,E01000924,2011 super output areas - lower layer,298,Age 16 to 17,0.0
14299,2011,E01000924,2011 super output areas - lower layer,298,Age 18 to 19,0.0
14300,2011,E01000924,2011 super output areas - lower layer,298,Age 20 to 24,0.0
14301,2011,E01000924,2011 super output areas - lower layer,298,Age 25 to 29,0.0
14302,2011,E01000924,2011 super output areas - lower layer,298,Age 30 to 44,0.0
14303,2011,E01000924,2011 super output areas - lower layer,298,Age 45 to 59,0.0
14304,2011,E01000924,2011 super output areas - lower layer,298,Age 60 to 64,0.0
14305,2011,E01000924,2011 super output areas - lower layer,298,Age 65 to 74,0.0
14306,2011,E01000924,2011 super output areas - lower layer,298,Age 75 to 84,0.0
14307,2011,E01000924,2011 super output areas - lower layer,298,Age 85 to 89,0.0
14308,2011,E01000924,2011 super output areas - lower layer,298,Age 90 and over,0.0
14309,2011,E01000924,2011 super output areas - lower layer,298,Mean Age,
14310,2011,E01000924,2011 super output areas - lower layer,298,Median Age,0.5
14311,2011,E01000924,2011 super output areas - lower layer,298,All usual residents,0.0
14312,2011,E01000924,2011 super output areas - lower layer,298,Age 0 to 4,0.0
14313,2011,E01000924,2011 super output areas - lower layer,298,Age 5 to 7,0.0
14314,2011,E01000924,2011 super output areas - lower layer,298,Age 8 to 9,0.0
14315,2011,E01000924,2011 super output areas - lower layer,298,Age 10 to 14,0.0
14316,2011,E01000924,2011 super output areas - lower layer,298,Age 15,0.0
14317,2011,E01000924,2011 super output areas - lower layer,298,Age 16 to 17,0.0
14318,2011,E01000924,2011 super output areas - lower layer,298,Age 18 to 19,0.0
14319,2011,E01000924,2011 super output areas - lower layer,298,Age 20 to 24,0.0
14320,2011,E01000924,2011 super output areas - lower layer,298,Age 25 to 29,0.0
14321,2011,E01000924,2011 super output areas - lower layer,298,Age 30 to 44,0.0
14322,2011,E01000924,2011 super output areas - lower layer,298,Age 45 to 59,0.0
14323,2011,E01000924,2011 super output areas - lower layer,298,Age 60 to 64,0.0
14324,2011,E01000924,2011 super output areas - lower layer,298,Age 65 to 74,0.0
14325,2011,E01000924,2011 super output areas - lower layer,298,Age 75 to 84,0.0
14326,2011,E01000924,2011 super output areas - lower layer,298,Age 85 to 89,0.0
14327,2011,E01000924,2011 super output areas - lower layer,298,Age 90 and over,0.0
14328,2011,E01000924,2011 super output areas - lower layer,298,Mean Age,
14329,2011,E01000924,2011 super output areas - lower layer,298,Median Age,0.5
14330,2011,E01000925,2011 super output areas - lower layer,298,All usual residents,1563.0
14331,2011,E01000925,2011 super output areas - lower layer,298,Age 0 to 4,115.0
14332,2011,E01000925,2011 super output areas - lower layer,298,Age 5 to 7,56.0
14333,2011,E01000925,2011 super output areas - lower layer,298,Age 8 to 9,63.0
14334,2011,E01000925,2011 super output areas - lower layer,298,Age 10 to 14,137.0
14335,2011,E01000925,2011 super output areas - lower layer,298,Age 15,19.0
14336,2011,E01000925,2011 super output areas - lower layer,298,Age 16 to 17,43.0
14337,2011,E01000925,2011 super output areas - lower layer,298,Age 18 to 19,49.0
14338,2011,E01000925,2011 super output areas - lower layer,298,Age 20 to 24,139.0
14339,2011,E01000925,2011 super output areas - lower layer,298,Age 25 to 29,127.0
14340,2011,E01000925,2011 super output areas - lower layer,298,Age 30 to 44,329.0
14341,2011,E01000925,2011 super output areas - lower layer,298,Age 45 to 59,245.0
14342,2011,E01000925,2011 super output areas - lower layer,298,Age 60 to 64,60.0
14343,2011,E01000925,2011 super output areas - lower layer,298,Age 65 to 74,92.0
14344,2011,E01000925,2011 super output areas - lower layer,298,Age 75 to 84,69.0
14345,2011,E01000925,2011 super output areas - lower layer,298,Age 85 to 89,15.0
14346,2011,E01000925,2011 super output areas - lower layer,298,Age 90 and over,5.0
14347,2011,E01000925,2011 super output areas - lower layer,298,Mean Age,34.1
14348,2011,E01000925,2011 super output areas - lower layer,298,Median Age,31.0
14349,2011,E01000925,2011 super output areas - lower layer,298,All usual residents,0.0
14350,2011,E01000925,2011 super output areas - lower layer,298,Age 0 to 4,0.0
14351,2011,E01000925,2011 super output areas - lower layer,298,Age 5 to 7,0.0
14352,2011,E01000925,2011 super output areas - lower layer,298,Age 8 to 9,0.0
14353,2011,E01000925,2011 super output areas - lower layer,298,Age 10 to 14,0.0
14354,2011,E01000925,2011 super output areas - lower layer,298,Age 15,0.0
14355,2011,E01000925,2011 super output areas - lower layer,298,Age 16 to 17,0.0
14356,2011,E01000925,2011 super output areas - lower layer,298,Age 18 to 19,0.0
14357,2011,E01000925,2011 super output areas - lower layer,298,Age 20 to 24,0.0
14358,2011,E01000925,2011 super output areas - lower layer,298,Age 25 to 29,0.0
14359,2011,E01000925,2011 super output areas - lower layer,298,Age 30 to 44,0.0
14360,2011,E01000925,2011 super output areas - lower layer,298,Age 45 to 59,0.0
14361,2011,E01000925,2011 super output areas - lower layer,298,Age 60 to 64,0.0
14362,2011,E01000925,2011 super output areas - lower layer,298,Age 65 to 74,0.0
14363,2011,E01000925,2011 super output areas - lower layer,298,Age 75 to 84,0.0
14364,2011,E01000925,2011 super output areas - lower layer,298,Age 85 to 89,0.0
14365,2011,E01000925,2011 super output areas - lower layer,298,Age 90 and over,0.0
14366,2011,E01000925,2011 super output areas - lower layer,298,Mean Age,
14367,2011,E01000925,2011 super output areas - lower layer,298,Median Age,0.5
14368,2011,E01000925,2011 super output areas - lower layer,298,All usual residents,0.0
14369,2011,E01000925,2011 super output areas - lower layer,298,Age 0 to 4,0.0
14370,2011,E01000925,2011 super output areas - lower layer,298,Age 5 to 7,0.0
14371,2011,E01000925,2011 super output areas - lower layer,298,Age 8 to 9,0.0
14372,2011,E01000925,2011 super output areas - lower layer,298,Age 10 to 14,0.0
14373,2011,E01000925,2011 super output areas - lower layer,298,Age 15,0.0
14374,2011,E01000925,2011 super output areas - lower layer,298,Age 16 to 17,0.0
14375,2011,E01000925,2011 super output areas - lower layer,298,Age 18 to 19,0.0
14376,2011,E01000925,2011 super output areas - lower layer,298,Age 20 to 24,0.0
14377,2011,E01000925,2011 super output areas - lower layer,298,Age 25 to 29,0.0
14378,2011,E01000925,2011 super output areas - lower layer,298,Age 30 to 44,0.0
14379,2011,E01000925,2011 super output areas - lower layer,298,Age 45 to 59,0.0
14380,2011,E01000925,2011 super output areas - lower layer,298,Age 60 to 64,0.0
14381,2011,E01000925,2011 super output areas - lower layer,298,Age 65 to 74,0.0
14382,2011,E01000925,2011 super output areas - lower layer,298,Age 75 to 84,0.0
14383,2011,E01000925,2011 super output areas - lower layer,298,Age 85 to 89,0.0
14384,2011,E01000925,2011 super output areas - lower layer,298,Age 90 and over,0.0
14385,2011,E01000925,2011 super output areas - lower layer,298,Mean Age,
14386,2011,E01000925,2011 super output areas - lower layer,298,Median Age,0.5
14387,2011,E01000925,2011 super output areas - lower layer,298,All usual residents,0.0
14388,2011,E01000925,2011 super output areas - lower layer,298,Age 0 to 4,0.0
14389,2011,E01000925,2011 super output areas - lower layer,298,Age 5 to 7,0.0
14390,2011,E01000925,2011 super output areas - lower layer,298,Age 8 to 9,0.0
14391,2011,E01000925,2011 super output areas - lower layer,298,Age 10 to 14,0.0
14392,2011,E01000925,2011 super output areas - lower layer,298,Age 15,0.0
14393,2011,E01000925,2011 super output areas - lower layer,298,Age 16 to 17,0.0
14394,2011,E01000925,2011 super output areas - lower layer,298,Age 18 to 19,0.0
14395,2011,E01000925,2011 super output areas - lower layer,298,Age 20 to 24,0.0
14396,2011,E01000925,2011 super output areas - lower layer,298,Age 25 to 29,0.0
14397,2011,E01000925,2011 super output areas - lower layer,298,Age 30 to 44,0.0
14398,2011,E01000925,2011 super output areas - lower layer,298,Age 45 to 59,0.0
14399,2011,E01000925,2011 super output areas - lower layer,298,Age 60 to 64,0.0
14400,2011,E01000925,2011 super output areas - lower layer,298,Age 65 to 74,0.0
14401,2011,E01000925,2011 super output areas - lower layer,298,Age 75 to 84,0.0
14402,2011,E01000925,2011 super output areas - lower layer,298,Age 85 to 89,0.0
14403,2011,E01000925,2011 super output areas - lower layer,298,Age 90 and over,0.0
14404,2011,E01000925,2011 super output areas - lower layer,298,Mean Age,
14405,2011,E01000925,2011 super output areas - lower layer,298,Median Age,0.5
14406,2011,E01000925,2011 super output areas - lower layer,298,All usual residents,0.0
14407,2011,E01000925,2011 super output areas - lower layer,298,Age 0 to 4,0.0
14408,2011,E01000925,2011 super output areas - lower layer,298,Age 5 to 7,0.0
14409,2011,E01000925,2011 super output areas - lower layer,298,Age 8 to 9,0.0
14410,2011,E01000925,2011 super output areas - lower layer,298,Age 10 to 14,0.0
14411,2011,E01000925,2011 super output areas - lower layer,298,Age 15,0.0
14412,2011,E01000925,2011 super output areas - lower layer,298,Age 16 to 17,0.0
14413,2011,E01000925,2011 super output areas - lower layer,298,Age 18 to 19,0.0
14414,2011,E01000925,2011 super output areas - lower layer,298,Age 20 to 24,0.0
14415,2011,E01000925,2011 super output areas - lower layer,298,Age 25 to 29,0.0
14416,2011,E01000925,2011 super output areas - lower layer,298,Age 30 to 44,0.0
14417,2011,E01000925,2011 super output areas - lower layer,298,Age 45 to 59,0.0
14418,2011,E01000925,2011 super output areas - lower layer,298,Age 60 to 64,0.0
14419,2011,E01000925,2011 super output areas - lower layer,298,Age 65 to 74,0.0
14420,2011,E01000925,2011 super output areas - lower layer,298,Age 75 to 84,0.0
14421,2011,E01000925,2011 super output areas - lower layer,298,Age 85 to 89,0.0
14422,2011,E01000925,2011 super output areas - lower layer,298,Age 90 and over,0.0
14423,2011,E01000925,2011 super output areas - lower layer,298,Mean Age,
14424,2011,E01000925,2011 super output areas - lower layer,298,Median Age,0.5
14425,2011,E01000925,2011 super output areas - lower layer,298,All usual residents,0.0
14426,2011,E01000925,2011 super output areas - lower layer,298,Age 0 to 4,0.0
14427,2011,E01000925,2011 super output areas - lower layer,298,Age 5 to 7,0.0
14428,2011,E01000925,2011 super output areas - lower layer,298,Age 8 to 9,0.0
14429,2011,E01000925,2011 super output areas - lower layer,298,Age 10 to 14,0.0
14430,2011,E01000925,2011 super output areas - lower layer,298,Age 15,0.0
14431,2011,E01000925,2011 super output areas - lower layer,298,Age 16 to 17,0.0
14432,2011,E01000925,2011 super output areas - lower layer,298,Age 18 to 19,0.0
14433,2011,E01000925,2011 super output areas - lower layer,298,Age 20 to 24,0.0
14434,2011,E01000925,2011 super output areas - lower layer,298,Age 25 to 29,0.0
14435,2011,E01000925,2011 super output areas - lower layer,298,Age 30 to 44,0.0
14436,2011,E01000925,2011 super output areas - lower layer,298,Age 45 to 59,0.0
14437,2011,E01000925,2011 super output areas - lower layer,298,Age 60 to 64,0.0
14438,2011,E01000925,2011 super output areas - lower layer,298,Age 65 to 74,0.0
14439,2011,E01000925,2011 super output areas - lower layer,298,Age 75 to 84,0.0
14440,2011,E01000925,2011 super output areas - lower layer,298,Age 85 to 89,0.0
14441,2011,E01000925,2011 super output areas - lower layer,298,Age 90 and over,0.0
14442,2011,E01000925,2011 super output areas - lower layer,298,Mean Age,
14443,2011,E01000925,2011 super output areas - lower layer,298,Median Age,0.5
14444,2011,E01000925,2011 super output areas - lower layer,298,All usual residents,0.0
14445,2011,E01000925,2011 super output areas - lower layer,298,Age 0 to 4,0.0
14446,2011,E01000925,2011 super output areas - lower layer,298,Age 5 to 7,0.0
14447,2011,E01000925,2011 super output areas - lower layer,298,Age 8 to 9,0.0
14448,2011,E01000925,2011 super output areas - lower layer,298,Age 10 to 14,0.0
14449,2011,E01000925,2011 super output areas - lower layer,298,Age 15,0.0
14450,2011,E01000925,2011 super output areas - lower layer,298,Age 16 to 17,0.0
14451,2011,E01000925,2011 super output areas - lower layer,298,Age 18 to 19,0.0
14452,2011,E01000925,2011 super output areas - lower layer,298,Age 20 to 24,0.0
14453,2011,E01000925,2011 super output areas - lower layer,298,Age 25 to 29,0.0
14454,2011,E01000925,2011 super output areas - lower layer,298,Age 30 to 44,0.0
14455,2011,E01000925,2011 super output areas - lower layer,298,Age 45 to 59,0.0
14456,2011,E01000925,2011 super output areas - lower layer,298,Age 60 to 64,0.0
14457,2011,E01000925,2011 super output areas - lower layer,298,Age 65 to 74,0.0
14458,2011,E01000925,2011 super output areas - lower layer,298,Age 75 to 84,0.0
14459,2011,E01000925,2011 super output areas - lower layer,298,Age 85 to 89,0.0
14460,2011,E01000925,2011 super output areas - lower layer,298,Age 90 and over,0.0
14461,2011,E01000925,2011 super output areas - lower layer,298,Mean Age,
14462,2011,E01000925,2011 super output areas - lower layer,298,Median Age,0.5
14463,2011,E01000925,2011 super output areas - lower layer,298,All usual residents,0.0
14464,2011,E01000925,2011 super output areas - lower layer,298,Age 0 to 4,0.0
14465,2011,E01000925,2011 super output areas - lower layer,298,Age 5 to 7,0.0
14466,2011,E01000925,2011 super output areas - lower layer,298,Age 8 to 9,0.0
14467,2011,E01000925,2011 super output areas - lower layer,298,Age 10 to 14,0.0
14468,2011,E01000925,2011 super output areas - lower layer,298,Age 15,0.0
14469,2011,E01000925,2011 super output areas - lower layer,298,Age 16 to 17,0.0
14470,2011,E01000925,2011 super output areas - lower layer,298,Age 18 to 19,0.0
14471,2011,E01000925,2011 super output areas - lower layer,298,Age 20 to 24,0.0
14472,2011,E01000925,2011 super output areas - lower layer,298,Age 25 to 29,0.0
14473,2011,E01000925,2011 super output areas - lower layer,298,Age 30 to 44,0.0
14474,2011,E01000925,2011 super output areas - lower layer,298,Age 45 to 59,0.0
14475,2011,E01000925,2011 super output areas - lower layer,298,Age 60 to 64,0.0
14476,2011,E01000925,2011 super output areas - lower layer,298,Age 65 to 74,0.0
14477,2011,E01000925,2011 super output areas - lower layer,298,Age 75 to 84,0.0
14478,2011,E01000925,2011 super output areas - lower layer,298,Age 85 to 89,0.0
14479,2011,E01000925,2011 super output areas - lower layer,298,Age 90 and over,0.0
14480,2011,E01000925,2011 super output areas - lower layer,298,Mean Age,
14481,2011,E01000925,2011 super output areas - lower layer,298,Median Age,0.5
14482,2011,E01000925,2011 super output areas - lower layer,298,All usual residents,0.0
14483,2011,E01000925,2011 super output areas - lower layer,298,Age 0 to 4,0.0
14484,2011,E01000925,2011 super output areas - lower layer,298,Age 5 to 7,0.0
14485,2011,E01000925,2011 super output areas - lower layer,298,Age 8 to 9,0.0
14486,2011,E01000925,2011 super output areas - lower layer,298,Age 10 to 14,0.0
14487,2011,E01000925,2011 super output areas - lower layer,298,Age 15,0.0
14488,2011,E01000925,2011 super output areas - lower layer,298,Age 16 to 17,0.0
14489,2011,E01000925,2011 super output areas - lower layer,298,Age 18 to 19,0.0
14490,2011,E01000925,2011 super output areas - lower layer,298,Age 20 to 24,0.0
14491,2011,E01000925,2011 super output areas - lower layer,298,Age 25 to 29,0.0
14492,2011,E01000925,2011 super output areas - lower layer,298,Age 30 to 44,0.0
14493,2011,E01000925,2011 super output areas - lower layer,298,Age 45 to 59,0.0
14494,2011,E01000925,2011 super output areas - lower layer,298,Age 60 to 64,0.0
14495,2011,E01000925,2011 super output areas - lower layer,298,Age 65 to 74,0.0
14496,2011,E01000925,2011 super output areas - lower layer,298,Age 75 to 84,0.0
14497,2011,E01000925,2011 super output areas - lower layer,298,Age 85 to 89,0.0
14498,2011,E01000925,2011 super output areas - lower layer,298,Age 90 and over,0.0
14499,2011,E01000925,2011 super output areas - lower layer,298,Mean Age,
14500,2011,E01000925,2011 super output areas - lower layer,298,Median Age,0.5
14501,2011,E01000925,2011 super output areas - lower layer,298,All usual residents,0.0
14502,2011,E01000925,2011 super output areas - lower layer,298,Age 0 to 4,0.0
14503,2011,E01000925,2011 super output areas - lower layer,298,Age 5 to 7,0.0
14504,2011,E01000925,2011 super output areas - lower layer,298,Age 8 to 9,0.0
14505,2011,E01000925,2011 super output areas - lower layer,298,Age 10 to 14,0.0
14506,2011,E01000925,2011 super output areas - lower layer,298,Age 15,0.0
14507,2011,E01000925,2011 super output areas - lower layer,298,Age 16 to 17,0.0
14508,2011,E01000925,2011 super output areas - lower layer,298,Age 18 to 19,0.0
14509,2011,E01000925,2011 super output areas - lower layer,298,Age 20 to 24,0.0
14510,2011,E01000925,2011 super output areas - lower layer,298,Age 25 to 29,0.0
14511,2011,E01000925,2011 super output areas - lower layer,298,Age 30 to 44,0.0
14512,2011,E01000925,2011 super output areas - lower layer,298,Age 45 to 59,0.0
14513,2011,E01000925,2011 super output areas - lower layer,298,Age 60 to 64,0.0
14514,2011,E01000925,2011 super output areas - lower layer,298,Age 65 to 74,0.0
14515,2011,E01000925,2011 super output areas - lower layer,298,Age 75 to 84,0.0
14516,2011,E01000925,2011 super output areas - lower layer,298,Age 85 to 89,0.0
14517,2011,E01000925,2011 super output areas - lower layer,298,Age 90 and over,0.0
14518,2011,E01000925,2011 super output areas - lower layer,298,Mean Age,
14519,2011,E01000925,2011 super output areas - lower layer,298,Median Age,0.5
14520,2011,E01000925,2011 super output areas - lower layer,298,All usual residents,0.0
14521,2011,E01000925,2011 super output areas - lower layer,298,Age 0 to 4,0.0
14522,2011,E01000925,2011 super output areas - lower layer,298,Age 5 to 7,0.0
14523,2011,E01000925,2011 super output areas - lower layer,298,Age 8 to 9,0.0
14524,2011,E01000925,2011 super output areas - lower layer,298,Age 10 to 14,0.0
14525,2011,E01000925,2011 super output areas - lower layer,298,Age 15,0.0
14526,2011,E01000925,2011 super output areas - lower layer,298,Age 16 to 17,0.0
14527,2011,E01000925,2011 super output areas - lower layer,298,Age 18 to 19,0.0
14528,2011,E01000925,2011 super output areas - lower layer,298,Age 20 to 24,0.0
14529,2011,E01000925,2011 super output areas - lower layer,298,Age 25 to 29,0.0
14530,2011,E01000925,2011 super output areas - lower layer,298,Age 30 to 44,0.0
14531,2011,E01000925,2011 super output areas - lower layer,298,Age 45 to 59,0.0
14532,2011,E01000925,2011 super output areas - lower layer,298,Age 60 to 64,0.0
14533,2011,E01000925,2011 super output areas - lower layer,298,Age 65 to 74,0.0
14534,2011,E01000925,2011 super output areas - lower layer,298,Age 75 to 84,0.0
14535,2011,E01000925,2011 super output areas - lower layer,298,Age 85 to 89,0.0
14536,2011,E01000925,2011 super output areas - lower layer,298,Age 90 and over,0.0
14537,2011,E01000925,2011 super output areas - lower layer,298,Mean Age,
14538,2011,E01000925,2011 super output areas - lower layer,298,Median Age,0.5
14539,2011,E01000925,2011 super output areas - lower layer,298,All usual residents,0.0
14540,2011,E01000925,2011 super output areas - lower layer,298,Age 0 to 4,0.0
14541,2011,E01000925,2011 super output areas - lower layer,298,Age 5 to 7,0.0
14542,2011,E01000925,2011 super output areas - lower layer,298,Age 8 to 9,0.0
14543,2011,E01000925,2011 super output areas - lower layer,298,Age 10 to 14,0.0
14544,2011,E01000925,2011 super output areas - lower layer,298,Age 15,0.0
14545,2011,E01000925,2011 super output areas - lower layer,298,Age 16 to 17,0.0
14546,2011,E01000925,2011 super output areas - lower layer,298,Age 18 to 19,0.0
14547,2011,E01000925,2011 super output areas - lower layer,298,Age 20 to 24,0.0
14548,2011,E01000925,2011 super output areas - lower layer,298,Age 25 to 29,0.0
14549,2011,E01000925,2011 super output areas - lower layer,298,Age 30 to 44,0.0
14550,2011,E01000925,2011 super output areas - lower layer,298,Age 45 to 59,0.0
14551,2011,E01000925,2011 super output areas - lower layer,298,Age 60 to 64,0.0
14552,2011,E01000925,2011 super output areas - lower layer,298,Age 65 to 74,0.0
14553,2011,E01000925,2011 super output areas - lower layer,298,Age 75 to 84,0.0
14554,2011,E01000925,2011 super output areas - lower layer,298,Age 85 to 89,0.0
14555,2011,E01000925,2011 super output areas - lower layer,298,Age 90 and over,0.0
14556,2011,E01000925,2011 super output areas - lower layer,298,Mean Age,
14557,2011,E01000925,2011 super output areas - lower layer,298,Median Age,0.5
14558,2011,E01000925,2011 super output areas - lower layer,298,All usual residents,0.0
14559,2011,E01000925,2011 super output areas - lower layer,298,Age 0 to 4,0.0
14560,2011,E01000925,2011 super output areas - lower layer,298,Age 5 to 7,0.0
14561,2011,E01000925,2011 super output areas - lower layer,298,Age 8 to 9,0.0
14562,2011,E01000925,2011 super output areas - lower layer,298,Age 10 to 14,0.0
14563,2011,E01000925,2011 super output areas - lower layer,298,Age 15,0.0
14564,2011,E01000925,2011 super output areas - lower layer,298,Age 16 to 17,0.0
14565,2011,E01000925,2011 super output areas - lower layer,298,Age 18 to 19,0.0
14566,2011,E01000925,2011 super output areas - lower layer,298,Age 20 to 24,0.0
14567,2011,E01000925,2011 super output areas - lower layer,298,Age 25 to 29,0.0
14568,2011,E01000925,2011 super output areas - lower layer,298,Age 30 to 44,0.0
14569,2011,E01000925,2011 super output areas - lower layer,298,Age 45 to 59,0.0
14570,2011,E01000925,2011 super output areas - lower layer,298,Age 60 to 64,0.0
14571,2011,E01000925,2011 super output areas - lower layer,298,Age 65 to 74,0.0
14572,2011,E01000925,2011 super output areas - lower layer,298,Age 75 to 84,0.0
14573,2011,E01000925,2011 super output areas - lower layer,298,Age 85 to 89,0.0
14574,2011,E01000925,2011 super output areas - lower layer,298,Age 90 and over,0.0
14575,2011,E01000925,2011 super output areas - lower layer,298,Mean Age,
14576,2011,E01000925,2011 super output areas - lower layer,298,Median Age,0.5
14577,2011,E01000926,2011 super output areas - lower layer,298,All usual residents,1791.0
14578,2011,E01000926,2011 super output areas - lower layer,298,Age 0 to 4,91.0
14579,2011,E01000926,2011 super output areas - lower layer,298,Age 5 to 7,39.0
14580,2011,E01000926,2011 super output areas - lower layer,298,Age 8 to 9,34.0
14581,2011,E01000926,2011 super output areas - lower layer,298,Age 10 to 14,69.0
14582,2011,E01000926,2011 super output areas - lower layer,298,Age 15,21.0
14583,2011,E01000926,2011 super output areas - lower layer,298,Age 16 to 17,23.0
14584,2011,E01000926,2011 super output areas - lower layer,298,Age 18 to 19,30.0
14585,2011,E01000926,2011 super output areas - lower layer,298,Age 20 to 24,182.0
14586,2011,E01000926,2011 super output areas - lower layer,298,Age 25 to 29,280.0
14587,2011,E01000926,2011 super output areas - lower layer,298,Age 30 to 44,673.0
14588,2011,E01000926,2011 super output areas - lower layer,298,Age 45 to 59,198.0
14589,2011,E01000926,2011 super output areas - lower layer,298,Age 60 to 64,40.0
14590,2011,E01000926,2011 super output areas - lower layer,298,Age 65 to 74,64.0
14591,2011,E01000926,2011 super output areas - lower layer,298,Age 75 to 84,33.0
14592,2011,E01000926,2011 super output areas - lower layer,298,Age 85 to 89,10.0
14593,2011,E01000926,2011 super output areas - lower layer,298,Age 90 and over,4.0
14594,2011,E01000926,2011 super output areas - lower layer,298,Mean Age,32.6
14595,2011,E01000926,2011 super output areas - lower layer,298,Median Age,30.0
14596,2011,E01000926,2011 super output areas - lower layer,298,All usual residents,0.0
14597,2011,E01000926,2011 super output areas - lower layer,298,Age 0 to 4,0.0
14598,2011,E01000926,2011 super output areas - lower layer,298,Age 5 to 7,0.0
14599,2011,E01000926,2011 super output areas - lower layer,298,Age 8 to 9,0.0
14600,2011,E01000926,2011 super output areas - lower layer,298,Age 10 to 14,0.0
14601,2011,E01000926,2011 super output areas - lower layer,298,Age 15,0.0
14602,2011,E01000926,2011 super output areas - lower layer,298,Age 16 to 17,0.0
14603,2011,E01000926,2011 super output areas - lower layer,298,Age 18 to 19,0.0
14604,2011,E01000926,2011 super output areas - lower layer,298,Age 20 to 24,0.0
14605,2011,E01000926,2011 super output areas - lower layer,298,Age 25 to 29,0.0
14606,2011,E01000926,2011 super output areas - lower layer,298,Age 30 to 44,0.0
14607,2011,E01000926,2011 super output areas - lower layer,298,Age 45 to 59,0.0
14608,2011,E01000926,2011 super output areas - lower layer,298,Age 60 to 64,0.0
14609,2011,E01000926,2011 super output areas - lower layer,298,Age 65 to 74,0.0
14610,2011,E01000926,2011 super output areas - lower layer,298,Age 75 to 84,0.0
14611,2011,E01000926,2011 super output areas - lower layer,298,Age 85 to 89,0.0
14612,2011,E01000926,2011 super output areas - lower layer,298,Age 90 and over,0.0
14613,2011,E01000926,2011 super output areas - lower layer,298,Mean Age,
14614,2011,E01000926,2011 super output areas - lower layer,298,Median Age,0.5
14615,2011,E01000926,2011 super output areas - lower layer,298,All usual residents,0.0
14616,2011,E01000926,2011 super output areas - lower layer,298,Age 0 to 4,0.0
14617,2011,E01000926,2011 super output areas - lower layer,298,Age 5 to 7,0.0
14618,2011,E01000926,2011 super output areas - lower layer,298,Age 8 to 9,0.0
14619,2011,E01000926,2011 super output areas - lower layer,298,Age 10 to 14,0.0
14620,2011,E01000926,2011 super output areas - lower layer,298,Age 15,0.0
14621,2011,E01000926,2011 super output areas - lower layer,298,Age 16 to 17,0.0
14622,2011,E01000926,2011 super output areas - lower layer,298,Age 18 to 19,0.0
14623,2011,E01000926,2011 super output areas - lower layer,298,Age 20 to 24,0.0
14624,2011,E01000926,2011 super output areas - lower layer,298,Age 25 to 29,0.0
14625,2011,E01000926,2011 super output areas - lower layer,298,Age 30 to 44,0.0
14626,2011,E01000926,2011 super output areas - lower layer,298,Age 45 to 59,0.0
14627,2011,E01000926,2011 super output areas - lower layer,298,Age 60 to 64,0.0
14628,2011,E01000926,2011 super output areas - lower layer,298,Age 65 to 74,0.0
14629,2011,E01000926,2011 super output areas - lower layer,298,Age 75 to 84,0.0
14630,2011,E01000926,2011 super output areas - lower layer,298,Age 85 to 89,0.0
14631,2011,E01000926,2011 super output areas - lower layer,298,Age 90 and over,0.0
14632,2011,E01000926,2011 super output areas - lower layer,298,Mean Age,
14633,2011,E01000926,2011 super output areas - lower layer,298,Median Age,0.5
14634,2011,E01000926,2011 super output areas - lower layer,298,All usual residents,0.0
14635,2011,E01000926,2011 super output areas - lower layer,298,Age 0 to 4,0.0
14636,2011,E01000926,2011 super output areas - lower layer,298,Age 5 to 7,0.0
14637,2011,E01000926,2011 super output areas - lower layer,298,Age 8 to 9,0.0
14638,2011,E01000926,2011 super output areas - lower layer,298,Age 10 to 14,0.0
14639,2011,E01000926,2011 super output areas - lower layer,298,Age 15,0.0
14640,2011,E01000926,2011 super output areas - lower layer,298,Age 16 to 17,0.0
14641,2011,E01000926,2011 super output areas - lower layer,298,Age 18 to 19,0.0
14642,2011,E01000926,2011 super output areas - lower layer,298,Age 20 to 24,0.0
14643,2011,E01000926,2011 super output areas - lower layer,298,Age 25 to 29,0.0
14644,2011,E01000926,2011 super output areas - lower layer,298,Age 30 to 44,0.0
14645,2011,E01000926,2011 super output areas - lower layer,298,Age 45 to 59,0.0
14646,2011,E01000926,2011 super output areas - lower layer,298,Age 60 to 64,0.0
14647,2011,E01000926,2011 super output areas - lower layer,298,Age 65 to 74,0.0
14648,2011,E01000926,2011 super output areas - lower layer,298,Age 75 to 84,0.0
14649,2011,E01000926,2011 super output areas - lower layer,298,Age 85 to 89,0.0
14650,2011,E01000926,2011 super output areas - lower layer,298,Age 90 and over,0.0
14651,2011,E01000926,2011 super output areas - lower layer,298,Mean Age,
14652,2011,E01000926,2011 super output areas - lower layer,298,Median Age,0.5
14653,2011,E01000926,2011 super output areas - lower layer,298,All usual residents,0.0
14654,2011,E01000926,2011 super output areas - lower layer,298,Age 0 to 4,0.0
14655,2011,E01000926,2011 super output areas - lower layer,298,Age 5 to 7,0.0
14656,2011,E01000926,2011 super output areas - lower layer,298,Age 8 to 9,0.0
14657,2011,E01000926,2011 super output areas - lower layer,298,Age 10 to 14,0.0
14658,2011,E01000926,2011 super output areas - lower layer,298,Age 15,0.0
14659,2011,E01000926,2011 super output areas - lower layer,298,Age 16 to 17,0.0
14660,2011,E01000926,2011 super output areas - lower layer,298,Age 18 to 19,0.0
14661,2011,E01000926,2011 super output areas - lower layer,298,Age 20 to 24,0.0
14662,2011,E01000926,2011 super output areas - lower layer,298,Age 25 to 29,0.0
14663,2011,E01000926,2011 super output areas - lower layer,298,Age 30 to 44,0.0
14664,2011,E01000926,2011 super output areas - lower layer,298,Age 45 to 59,0.0
14665,2011,E01000926,2011 super output areas - lower layer,298,Age 60 to 64,0.0
14666,2011,E01000926,2011 super output areas - lower layer,298,Age 65 to 74,0.0
14667,2011,E01000926,2011 super output areas - lower layer,298,Age 75 to 84,0.0
14668,2011,E01000926,2011 super output areas - lower layer,298,Age 85 to 89,0.0
14669,2011,E01000926,2011 super output areas - lower layer,298,Age 90 and over,0.0
14670,2011,E01000926,2011 super output areas - lower layer,298,Mean Age,
14671,2011,E01000926,2011 super output areas - lower layer,298,Median Age,0.5
14672,2011,E01000926,2011 super output areas - lower layer,298,All usual residents,0.0
14673,2011,E01000926,2011 super output areas - lower layer,298,Age 0 to 4,0.0
14674,2011,E01000926,2011 super output areas - lower layer,298,Age 5 to 7,0.0
14675,2011,E01000926,2011 super output areas - lower layer,298,Age 8 to 9,0.0
14676,2011,E01000926,2011 super output areas - lower layer,298,Age 10 to 14,0.0
14677,2011,E01000926,2011 super output areas - lower layer,298,Age 15,0.0
14678,2011,E01000926,2011 super output areas - lower layer,298,Age 16 to 17,0.0
14679,2011,E01000926,2011 super output areas - lower layer,298,Age 18 to 19,0.0
14680,2011,E01000926,2011 super output areas - lower layer,298,Age 20 to 24,0.0
14681,2011,E01000926,2011 super output areas - lower layer,298,Age 25 to 29,0.0
14682,2011,E01000926,2011 super output areas - lower layer,298,Age 30 to 44,0.0
14683,2011,E01000926,2011 super output areas - lower layer,298,Age 45 to 59,0.0
14684,2011,E01000926,2011 super output areas - lower layer,298,Age 60 to 64,0.0
14685,2011,E01000926,2011 super output areas - lower layer,298,Age 65 to 74,0.0
14686,2011,E01000926,2011 super output areas - lower layer,298,Age 75 to 84,0.0
14687,2011,E01000926,2011 super output areas - lower layer,298,Age 85 to 89,0.0
14688,2011,E01000926,2011 super output areas - lower layer,298,Age 90 and over,0.0
14689,2011,E01000926,2011 super output areas - lower layer,298,Mean Age,
14690,2011,E01000926,2011 super output areas - lower layer,298,Median Age,0.5
14691,2011,E01000926,2011 super output areas - lower layer,298,All usual residents,0.0
14692,2011,E01000926,2011 super output areas - lower layer,298,Age 0 to 4,0.0
14693,2011,E01000926,2011 super output areas - lower layer,298,Age 5 to 7,0.0
14694,2011,E01000926,2011 super output areas - lower layer,298,Age 8 to 9,0.0
14695,2011,E01000926,2011 super output areas - lower layer,298,Age 10 to 14,0.0
14696,2011,E01000926,2011 super output areas - lower layer,298,Age 15,0.0
14697,2011,E01000926,2011 super output areas - lower layer,298,Age 16 to 17,0.0
14698,2011,E01000926,2011 super output areas - lower layer,298,Age 18 to 19,0.0
14699,2011,E01000926,2011 super output areas - lower layer,298,Age 20 to 24,0.0
14700,2011,E01000926,2011 super output areas - lower layer,298,Age 25 to 29,0.0
14701,2011,E01000926,2011 super output areas - lower layer,298,Age 30 to 44,0.0
14702,2011,E01000926,2011 super output areas - lower layer,298,Age 45 to 59,0.0
14703,2011,E01000926,2011 super output areas - lower layer,298,Age 60 to 64,0.0
14704,2011,E01000926,2011 super output areas - lower layer,298,Age 65 to 74,0.0
14705,2011,E01000926,2011 super output areas - lower layer,298,Age 75 to 84,0.0
14706,2011,E01000926,2011 super output areas - lower layer,298,Age 85 to 89,0.0
14707,2011,E01000926,2011 super output areas - lower layer,298,Age 90 and over,0.0
14708,2011,E01000926,2011 super output areas - lower layer,298,Mean Age,
14709,2011,E01000926,2011 super output areas - lower layer,298,Median Age,0.5
14710,2011,E01000926,2011 super output areas - lower layer,298,All usual residents,0.0
14711,2011,E01000926,2011 super output areas - lower layer,298,Age 0 to 4,0.0
14712,2011,E01000926,2011 super output areas - lower layer,298,Age 5 to 7,0.0
14713,2011,E01000926,2011 super output areas - lower layer,298,Age 8 to 9,0.0
14714,2011,E01000926,2011 super output areas - lower layer,298,Age 10 to 14,0.0
14715,2011,E01000926,2011 super output areas - lower layer,298,Age 15,0.0
14716,2011,E01000926,2011 super output areas - lower layer,298,Age 16 to 17,0.0
14717,2011,E01000926,2011 super output areas - lower layer,298,Age 18 to 19,0.0
14718,2011,E01000926,2011 super output areas - lower layer,298,Age 20 to 24,0.0
14719,2011,E01000926,2011 super output areas - lower layer,298,Age 25 to 29,0.0
14720,2011,E01000926,2011 super output areas - lower layer,298,Age 30 to 44,0.0
14721,2011,E01000926,2011 super output areas - lower layer,298,Age 45 to 59,0.0
14722,2011,E01000926,2011 super output areas - lower layer,298,Age 60 to 64,0.0
14723,2011,E01000926,2011 super output areas - lower layer,298,Age 65 to 74,0.0
14724,2011,E01000926,2011 super output areas - lower layer,298,Age 75 to 84,0.0
14725,2011,E01000926,2011 super output areas - lower layer,298,Age 85 to 89,0.0
14726,2011,E01000926,2011 super output areas - lower layer,298,Age 90 and over,0.0
14727,2011,E01000926,2011 super output areas - lower layer,298,Mean Age,
14728,2011,E01000926,2011 super output areas - lower layer,298,Median Age,0.5
14729,2011,E01000926,2011 super output areas - lower layer,298,All usual residents,0.0
14730,2011,E01000926,2011 super output areas - lower layer,298,Age 0 to 4,0.0
14731,2011,E01000926,2011 super output areas - lower layer,298,Age 5 to 7,0.0
14732,2011,E01000926,2011 super output areas - lower layer,298,Age 8 to 9,0.0
14733,2011,E01000926,2011 super output areas - lower layer,298,Age 10 to 14,0.0
14734,2011,E01000926,2011 super output areas - lower layer,298,Age 15,0.0
14735,2011,E01000926,2011 super output areas - lower layer,298,Age 16 to 17,0.0
14736,2011,E01000926,2011 super output areas - lower layer,298,Age 18 to 19,0.0
14737,2011,E01000926,2011 super output areas - lower layer,298,Age 20 to 24,0.0
14738,2011,E01000926,2011 super output areas - lower layer,298,Age 25 to 29,0.0
14739,2011,E01000926,2011 super output areas - lower layer,298,Age 30 to 44,0.0
14740,2011,E01000926,2011 super output areas - lower layer,298,Age 45 to 59,0.0
14741,2011,E01000926,2011 super output areas - lower layer,298,Age 60 to 64,0.0
14742,2011,E01000926,2011 super output areas - lower layer,298,Age 65 to 74,0.0
14743,2011,E01000926,2011 super output areas - lower layer,298,Age 75 to 84,0.0
14744,2011,E01000926,2011 super output areas - lower layer,298,Age 85 to 89,0.0
14745,2011,E01000926,2011 super output areas - lower layer,298,Age 90 and over,0.0
14746,2011,E01000926,2011 super output areas - lower layer,298,Mean Age,
14747,2011,E01000926,2011 super output areas - lower layer,298,Median Age,0.5
14748,2011,E01000926,2011 super output areas - lower layer,298,All usual residents,0.0
14749,2011,E01000926,2011 super output areas - lower layer,298,Age 0 to 4,0.0
14750,2011,E01000926,2011 super output areas - lower layer,298,Age 5 to 7,0.0
14751,2011,E01000926,2011 super output areas - lower layer,298,Age 8 to 9,0.0
14752,2011,E01000926,2011 super output areas - lower layer,298,Age 10 to 14,0.0
14753,2011,E01000926,2011 super output areas - lower layer,298,Age 15,0.0
14754,2011,E01000926,2011 super output areas - lower layer,298,Age 16 to 17,0.0
14755,2011,E01000926,2011 super output areas - lower layer,298,Age 18 to 19,0.0
14756,2011,E01000926,2011 super output areas - lower layer,298,Age 20 to 24,0.0
14757,2011,E01000926,2011 super output areas - lower layer,298,Age 25 to 29,0.0
14758,2011,E01000926,2011 super output areas - lower layer,298,Age 30 to 44,0.0
14759,2011,E01000926,2011 super output areas - lower layer,298,Age 45 to 59,0.0
14760,2011,E01000926,2011 super output areas - lower layer,298,Age 60 to 64,0.0
14761,2011,E01000926,2011 super output areas - lower layer,298,Age 65 to 74,0.0
14762,2011,E01000926,2011 super output areas - lower layer,298,Age 75 to 84,0.0
14763,2011,E01000926,2011 super output areas - lower layer,298,Age 85 to 89,0.0
14764,2011,E01000926,2011 super output areas - lower layer,298,Age 90 and over,0.0
14765,2011,E01000926,2011 super output areas - lower layer,298,Mean Age,
14766,2011,E01000926,2011 super output areas - lower layer,298,Median Age,0.5
14767,2011,E01000926,2011 super output areas - lower layer,298,All usual residents,0.0
14768,2011,E01000926,2011 super output areas - lower layer,298,Age 0 to 4,0.0
14769,2011,E01000926,2011 super output areas - lower layer,298,Age 5 to 7,0.0
14770,2011,E01000926,2011 super output areas - lower layer,298,Age 8 to 9,0.0
14771,2011,E01000926,2011 super output areas - lower layer,298,Age 10 to 14,0.0
14772,2011,E01000926,2011 super output areas - lower layer,298,Age 15,0.0
14773,2011,E01000926,2011 super output areas - lower layer,298,Age 16 to 17,0.0
14774,2011,E01000926,2011 super output areas - lower layer,298,Age 18 to 19,0.0
14775,2011,E01000926,2011 super output areas - lower layer,298,Age 20 to 24,0.0
14776,2011,E01000926,2011 super output areas - lower layer,298,Age 25 to 29,0.0
14777,2011,E01000926,2011 super output areas - lower layer,298,Age 30 to 44,0.0
14778,2011,E01000926,2011 super output areas - lower layer,298,Age 45 to 59,0.0
14779,2011,E01000926,2011 super output areas - lower layer,298,Age 60 to 64,0.0
14780,2011,E01000926,2011 super output areas - lower layer,298,Age 65 to 74,0.0
14781,2011,E01000926,2011 super output areas - lower layer,298,Age 75 to 84,0.0
14782,2011,E01000926,2011 super output areas - lower layer,298,Age 85 to 89,0.0
14783,2011,E01000926,2011 super output areas - lower layer,298,Age 90 and over,0.0
14784,2011,E01000926,2011 super output areas - lower layer,298,Mean Age,
14785,2011,E01000926,2011 super output areas - lower layer,298,Median Age,0.5
14786,2011,E01000926,2011 super output areas - lower layer,298,All usual residents,0.0
14787,2011,E01000926,2011 super output areas - lower layer,298,Age 0 to 4,0.0
14788,2011,E01000926,2011 super output areas - lower layer,298,Age 5 to 7,0.0
14789,2011,E01000926,2011 super output areas - lower layer,298,Age 8 to 9,0.0
14790,2011,E01000926,2011 super output areas - lower layer,298,Age 10 to 14,0.0
14791,2011,E01000926,2011 super output areas - lower layer,298,Age 15,0.0
14792,2011,E01000926,2011 super output areas - lower layer,298,Age 16 to 17,0.0
14793,2011,E01000926,2011 super output areas - lower layer,298,Age 18 to 19,0.0
14794,2011,E01000926,2011 super output areas - lower layer,298,Age 20 to 24,0.0
14795,2011,E01000926,2011 super output areas - lower layer,298,Age 25 to 29,0.0
14796,2011,E01000926,2011 super output areas - lower layer,298,Age 30 to 44,0.0
14797,2011,E01000926,2011 super output areas - lower layer,298,Age 45 to 59,0.0
14798,2011,E01000926,2011 super output areas - lower layer,298,Age 60 to 64,0.0
14799,2011,E01000926,2011 super output areas - lower layer,298,Age 65 to 74,0.0
14800,2011,E01000926,2011 super output areas - lower layer,298,Age 75 to 84,0.0
14801,2011,E01000926,2011 super output areas - lower layer,298,Age 85 to 89,0.0
14802,2011,E01000926,2011 super output areas - lower layer,298,Age 90 and over,0.0
14803,2011,E01000926,2011 super output areas - lower layer,298,Mean Age,
14804,2011,E01000926,2011 super output areas - lower layer,298,Median Age,0.5
14805,2011,E01000926,2011 super output areas - lower layer,298,All usual residents,0.0
14806,2011,E01000926,2011 super output areas - lower layer,298,Age 0 to 4,0.0
14807,2011,E01000926,2011 super output areas - lower layer,298,Age 5 to 7,0.0
14808,2011,E01000926,2011 super output areas - lower layer,298,Age 8 to 9,0.0
14809,2011,E01000926,2011 super output areas - lower layer,298,Age 10 to 14,0.0
14810,2011,E01000926,2011 super output areas - lower layer,298,Age 15,0.0
14811,2011,E01000926,2011 super output areas - lower layer,298,Age 16 to 17,0.0
14812,2011,E01000926,2011 super output areas - lower layer,298,Age 18 to 19,0.0
14813,2011,E01000926,2011 super output areas - lower layer,298,Age 20 to 24,0.0
14814,2011,E01000926,2011 super output areas - lower layer,298,Age 25 to 29,0.0
14815,2011,E01000926,2011 super output areas - lower layer,298,Age 30 to 44,0.0
14816,2011,E01000926,2011 super output areas - lower layer,298,Age 45 to 59,0.0
14817,2011,E01000926,2011 super output areas - lower layer,298,Age 60 to 64,0.0
14818,2011,E01000926,2011 super output areas - lower layer,298,Age 65 to 74,0.0
14819,2011,E01000926,2011 super output areas - lower layer,298,Age 75 to 84,0.0
14820,2011,E01000926,2011 super output areas - lower layer,298,Age 85 to 89,0.0
14821,2011,E01000926,2011 super output areas - lower layer,298,Age 90 and over,0.0
14822,2011,E01000926,2011 super output areas - lower layer,298,Mean Age,
14823,2011,E01000926,2011 super output areas - lower layer,298,Median Age,0.5
14824,2011,E01000969,2011 super output areas - lower layer,298,All usual residents,2032.0
14825,2011,E01000969,2011 super output areas - lower layer,298,Age 0 to 4,120.0
14826,2011,E01000969,2011 super output areas - lower layer,298,Age 5 to 7,32.0
14827,2011,E01000969,2011 super output areas - lower layer,298,Age 8 to 9,21.0
14828,2011,E01000969,2011 super output areas - lower layer,298,Age 10 to 14,62.0
14829,2011,E01000969,2011 super output areas - lower layer,298,Age 15,6.0
14830,2011,E01000969,2011 super output areas - lower layer,298,Age 16 to 17,25.0
14831,2011,E01000969,2011 super output areas - lower layer,298,Age 18 to 19,12.0
14832,2011,E01000969,2011 super output areas - lower layer,298,Age 20 to 24,127.0
14833,2011,E01000969,2011 super output areas - lower layer,298,Age 25 to 29,372.0
14834,2011,E01000969,2011 super output areas - lower layer,298,Age 30 to 44,779.0
14835,2011,E01000969,2011 super output areas - lower layer,298,Age 45 to 59,237.0
14836,2011,E01000969,2011 super output areas - lower layer,298,Age 60 to 64,79.0
14837,2011,E01000969,2011 super output areas - lower layer,298,Age 65 to 74,89.0
14838,2011,E01000969,2011 super output areas - lower layer,298,Age 75 to 84,47.0
14839,2011,E01000969,2011 super output areas - lower layer,298,Age 85 to 89,15.0
14840,2011,E01000969,2011 super output areas - lower layer,298,Age 90 and over,9.0
14841,2011,E01000969,2011 super output areas - lower layer,298,Mean Age,35.0
14842,2011,E01000969,2011 super output areas - lower layer,298,Median Age,32.0
14843,2011,E01000969,2011 super output areas - lower layer,298,All usual residents,0.0
14844,2011,E01000969,2011 super output areas - lower layer,298,Age 0 to 4,0.0
14845,2011,E01000969,2011 super output areas - lower layer,298,Age 5 to 7,0.0
14846,2011,E01000969,2011 super output areas - lower layer,298,Age 8 to 9,0.0
14847,2011,E01000969,2011 super output areas - lower layer,298,Age 10 to 14,0.0
14848,2011,E01000969,2011 super output areas - lower layer,298,Age 15,0.0
14849,2011,E01000969,2011 super output areas - lower layer,298,Age 16 to 17,0.0
14850,2011,E01000969,2011 super output areas - lower layer,298,Age 18 to 19,0.0
14851,2011,E01000969,2011 super output areas - lower layer,298,Age 20 to 24,0.0
14852,2011,E01000969,2011 super output areas - lower layer,298,Age 25 to 29,0.0
14853,2011,E01000969,2011 super output areas - lower layer,298,Age 30 to 44,0.0
14854,2011,E01000969,2011 super output areas - lower layer,298,Age 45 to 59,0.0
14855,2011,E01000969,2011 super output areas - lower layer,298,Age 60 to 64,0.0
14856,2011,E01000969,2011 super output areas - lower layer,298,Age 65 to 74,0.0
14857,2011,E01000969,2011 super output areas - lower layer,298,Age 75 to 84,0.0
14858,2011,E01000969,2011 super output areas - lower layer,298,Age 85 to 89,0.0
14859,2011,E01000969,2011 super output areas - lower layer,298,Age 90 and over,0.0
14860,2011,E01000969,2011 super output areas - lower layer,298,Mean Age,
14861,2011,E01000969,2011 super output areas - lower layer,298,Median Age,0.5
14862,2011,E01000969,2011 super output areas - lower layer,298,All usual residents,0.0
14863,2011,E01000969,2011 super output areas - lower layer,298,Age 0 to 4,0.0
14864,2011,E01000969,2011 super output areas - lower layer,298,Age 5 to 7,0.0
14865,2011,E01000969,2011 super output areas - lower layer,298,Age 8 to 9,0.0
14866,2011,E01000969,2011 super output areas - lower layer,298,Age 10 to 14,0.0
14867,2011,E01000969,2011 super output areas - lower layer,298,Age 15,0.0
14868,2011,E01000969,2011 super output areas - lower layer,298,Age 16 to 17,0.0
14869,2011,E01000969,2011 super output areas - lower layer,298,Age 18 to 19,0.0
14870,2011,E01000969,2011 super output areas - lower layer,298,Age 20 to 24,0.0
14871,2011,E01000969,2011 super output areas - lower layer,298,Age 25 to 29,0.0
14872,2011,E01000969,2011 super output areas - lower layer,298,Age 30 to 44,0.0
14873,2011,E01000969,2011 super output areas - lower layer,298,Age 45 to 59,0.0
14874,2011,E01000969,2011 super output areas - lower layer,298,Age 60 to 64,0.0
14875,2011,E01000969,2011 super output areas - lower layer,298,Age 65 to 74,0.0
14876,2011,E01000969,2011 super output areas - lower layer,298,Age 75 to 84,0.0
14877,2011,E01000969,2011 super output areas - lower layer,298,Age 85 to 89,0.0
14878,2011,E01000969,2011 super output areas - lower layer,298,Age 90 and over,0.0
14879,2011,E01000969,2011 super output areas - lower layer,298,Mean Age,
14880,2011,E01000969,2011 super output areas - lower layer,298,Median Age,0.5
14881,2011,E01000969,2011 super output areas - lower layer,298,All usual residents,0.0
14882,2011,E01000969,2011 super output areas - lower layer,298,Age 0 to 4,0.0
14883,2011,E01000969,2011 super output areas - lower layer,298,Age 5 to 7,0.0
14884,2011,E01000969,2011 super output areas - lower layer,298,Age 8 to 9,0.0
14885,2011,E01000969,2011 super output areas - lower layer,298,Age 10 to 14,0.0
14886,2011,E01000969,2011 super output areas - lower layer,298,Age 15,0.0
14887,2011,E01000969,2011 super output areas - lower layer,298,Age 16 to 17,0.0
14888,2011,E01000969,2011 super output areas - lower layer,298,Age 18 to 19,0.0
14889,2011,E01000969,2011 super output areas - lower layer,298,Age 20 to 24,0.0
14890,2011,E01000969,2011 super output areas - lower layer,298,Age 25 to 29,0.0
14891,2011,E01000969,2011 super output areas - lower layer,298,Age 30 to 44,0.0
14892,2011,E01000969,2011 super output areas - lower layer,298,Age 45 to 59,0.0
14893,2011,E01000969,2011 super output areas - lower layer,298,Age 60 to 64,0.0
14894,2011,E01000969,2011 super output areas - lower layer,298,Age 65 to 74,0.0
14895,2011,E01000969,2011 super output areas - lower layer,298,Age 75 to 84,0.0
14896,2011,E01000969,2011 super output areas - lower layer,298,Age 85 to 89,0.0
14897,2011,E01000969,2011 super output areas - lower layer,298,Age 90 and over,0.0
14898,2011,E01000969,2011 super output areas - lower layer,298,Mean Age,
14899,2011,E01000969,2011 super output areas - lower layer,298,Median Age,0.5
14900,2011,E01000969,2011 super output areas - lower layer,298,All usual residents,0.0
14901,2011,E01000969,2011 super output areas - lower layer,298,Age 0 to 4,0.0
14902,2011,E01000969,2011 super output areas - lower layer,298,Age 5 to 7,0.0
14903,2011,E01000969,2011 super output areas - lower layer,298,Age 8 to 9,0.0
14904,2011,E01000969,2011 super output areas - lower layer,298,Age 10 to 14,0.0
14905,2011,E01000969,2011 super output areas - lower layer,298,Age 15,0.0
14906,2011,E01000969,2011 super output areas - lower layer,298,Age 16 to 17,0.0
14907,2011,E01000969,2011 super output areas - lower layer,298,Age 18 to 19,0.0
14908,2011,E01000969,2011 super output areas - lower layer,298,Age 20 to 24,0.0
14909,2011,E01000969,2011 super output areas - lower layer,298,Age 25 to 29,0.0
14910,2011,E01000969,2011 super output areas - lower layer,298,Age 30 to 44,0.0
14911,2011,E01000969,2011 super output areas - lower layer,298,Age 45 to 59,0.0
14912,2011,E01000969,2011 super output areas - lower layer,298,Age 60 to 64,0.0
14913,2011,E01000969,2011 super output areas - lower layer,298,Age 65 to 74,0.0
14914,2011,E01000969,2011 super output areas - lower layer,298,Age 75 to 84,0.0
14915,2011,E01000969,2011 super output areas - lower layer,298,Age 85 to 89,0.0
14916,2011,E01000969,2011 super output areas - lower layer,298,Age 90 and over,0.0
14917,2011,E01000969,2011 super output areas - lower layer,298,Mean Age,
14918,2011,E01000969,2011 super output areas - lower layer,298,Median Age,0.5
14919,2011,E01000969,2011 super output areas - lower layer,298,All usual residents,0.0
14920,2011,E01000969,2011 super output areas - lower layer,298,Age 0 to 4,0.0
14921,2011,E01000969,2011 super output areas - lower layer,298,Age 5 to 7,0.0
14922,2011,E01000969,2011 super output areas - lower layer,298,Age 8 to 9,0.0
14923,2011,E01000969,2011 super output areas - lower layer,298,Age 10 to 14,0.0
14924,2011,E01000969,2011 super output areas - lower layer,298,Age 15,0.0
14925,2011,E01000969,2011 super output areas - lower layer,298,Age 16 to 17,0.0
14926,2011,E01000969,2011 super output areas - lower layer,298,Age 18 to 19,0.0
14927,2011,E01000969,2011 super output areas - lower layer,298,Age 20 to 24,0.0
14928,2011,E01000969,2011 super output areas - lower layer,298,Age 25 to 29,0.0
14929,2011,E01000969,2011 super output areas - lower layer,298,Age 30 to 44,0.0
14930,2011,E01000969,2011 super output areas - lower layer,298,Age 45 to 59,0.0
14931,2011,E01000969,2011 super output areas - lower layer,298,Age 60 to 64,0.0
14932,2011,E01000969,2011 super output areas - lower layer,298,Age 65 to 74,0.0
14933,2011,E01000969,2011 super output areas - lower layer,298,Age 75 to 84,0.0
14934,2011,E01000969,2011 super output areas - lower layer,298,Age 85 to 89,0.0
14935,2011,E01000969,2011 super output areas - lower layer,298,Age 90 and over,0.0
14936,2011,E01000969,2011 super output areas - lower layer,298,Mean Age,
14937,2011,E01000969,2011 super output areas - lower layer,298,Median Age,0.5
14938,2011,E01000969,2011 super output areas - lower layer,298,All usual residents,0.0
14939,2011,E01000969,2011 super output areas - lower layer,298,Age 0 to 4,0.0
14940,2011,E01000969,2011 super output areas - lower layer,298,Age 5 to 7,0.0
14941,2011,E01000969,2011 super output areas - lower layer,298,Age 8 to 9,0.0
14942,2011,E01000969,2011 super output areas - lower layer,298,Age 10 to 14,0.0
14943,2011,E01000969,2011 super output areas - lower layer,298,Age 15,0.0
14944,2011,E01000969,2011 super output areas - lower layer,298,Age 16 to 17,0.0
14945,2011,E01000969,2011 super output areas - lower layer,298,Age 18 to 19,0.0
14946,2011,E01000969,2011 super output areas - lower layer,298,Age 20 to 24,0.0
14947,2011,E01000969,2011 super output areas - lower layer,298,Age 25 to 29,0.0
14948,2011,E01000969,2011 super output areas - lower layer,298,Age 30 to 44,0.0
14949,2011,E01000969,2011 super output areas - lower layer,298,Age 45 to 59,0.0
14950,2011,E01000969,2011 super output areas - lower layer,298,Age 60 to 64,0.0
14951,2011,E01000969,2011 super output areas - lower layer,298,Age 65 to 74,0.0
14952,2011,E01000969,2011 super output areas - lower layer,298,Age 75 to 84,0.0
14953,2011,E01000969,2011 super output areas - lower layer,298,Age 85 to 89,0.0
14954,2011,E01000969,2011 super output areas - lower layer,298,Age 90 and over,0.0
14955,2011,E01000969,2011 super output areas - lower layer,298,Mean Age,
14956,2011,E01000969,2011 super output areas - lower layer,298,Median Age,0.5
14957,2011,E01000969,2011 super output areas - lower layer,298,All usual residents,0.0
14958,2011,E01000969,2011 super output areas - lower layer,298,Age 0 to 4,0.0
14959,2011,E01000969,2011 super output areas - lower layer,298,Age 5 to 7,0.0
14960,2011,E01000969,2011 super output areas - lower layer,298,Age 8 to 9,0.0
14961,2011,E01000969,2011 super output areas - lower layer,298,Age 10 to 14,0.0
14962,2011,E01000969,2011 super output areas - lower layer,298,Age 15,0.0
14963,2011,E01000969,2011 super output areas - lower layer,298,Age 16 to 17,0.0
14964,2011,E01000969,2011 super output areas - lower layer,298,Age 18 to 19,0.0
14965,2011,E01000969,2011 super output areas - lower layer,298,Age 20 to 24,0.0
14966,2011,E01000969,2011 super output areas - lower layer,298,Age 25 to 29,0.0
14967,2011,E01000969,2011 super output areas - lower layer,298,Age 30 to 44,0.0
14968,2011,E01000969,2011 super output areas - lower layer,298,Age 45 to 59,0.0
14969,2011,E01000969,2011 super output areas - lower layer,298,Age 60 to 64,0.0
14970,2011,E01000969,2011 super output areas - lower layer,298,Age 65 to 74,0.0
14971,2011,E01000969,2011 super output areas - lower layer,298,Age 75 to 84,0.0
14972,2011,E01000969,2011 super output areas - lower layer,298,Age 85 to 89,0.0
14973,2011,E01000969,2011 super output areas - lower layer,298,Age 90 and over,0.0
14974,2011,E01000969,2011 super output areas - lower layer,298,Mean Age,
14975,2011,E01000969,2011 super output areas - lower layer,298,Median Age,0.5
14976,2011,E01000969,2011 super output areas - lower layer,298,All usual residents,0.0
14977,2011,E01000969,2011 super output areas - lower layer,298,Age 0 to 4,0.0
14978,2011,E01000969,2011 super output areas - lower layer,298,Age 5 to 7,0.0
14979,2011,E01000969,2011 super output areas - lower layer,298,Age 8 to 9,0.0
14980,2011,E01000969,2011 super output areas - lower layer,298,Age 10 to 14,0.0
14981,2011,E01000969,2011 super output areas - lower layer,298,Age 15,0.0
14982,2011,E01000969,2011 super output areas - lower layer,298,Age 16 to 17,0.0
14983,2011,E01000969,2011 super output areas - lower layer,298,Age 18 to 19,0.0
14984,2011,E01000969,2011 super output areas - lower layer,298,Age 20 to 24,0.0
14985,2011,E01000969,2011 super output areas - lower layer,298,Age 25 to 29,0.0
14986,2011,E01000969,2011 super output areas - lower layer,298,Age 30 to 44,0.0
14987,2011,E01000969,2011 super output areas - lower layer,298,Age 45 to 59,0.0
14988,2011,E01000969,2011 super output areas - lower layer,298,Age 60 to 64,0.0
14989,2011,E01000969,2011 super output areas - lower layer,298,Age 65 to 74,0.0
14990,2011,E01000969,2011 super output areas - lower layer,298,Age 75 to 84,0.0
14991,2011,E01000969,2011 super output areas - lower layer,298,Age 85 to 89,0.0
14992,2011,E01000969,2011 super output areas - lower layer,298,Age 90 and over,0.0
14993,2011,E01000969,2011 super output areas - lower layer,298,Mean Age,
14994,2011,E01000969,2011 super output areas - lower layer,298,Median Age,0.5
14995,2011,E01000969,2011 super output areas - lower layer,298,All usual residents,0.0
14996,2011,E01000969,2011 super output areas - lower layer,298,Age 0 to 4,0.0
14997,2011,E01000969,2011 super output areas - lower layer,298,Age 5 to 7,0.0
14998,2011,E01000969,2011 super output areas - lower layer,298,Age 8 to 9,0.0
14999,2011,E01000969,2011 super output areas - lower layer,298,Age 10 to 14,0.0
15000,2011,E01000969,2011 super output areas - lower layer,298,Age 15,0.0
15001,2011,E01000969,2011 super output areas - lower layer,298,Age 16 to 17,0.0
15002,2011,E01000969,2011 super output areas - lower layer,298,Age 18 to 19,0.0
15003,2011,E01000969,2011 super output areas - lower layer,298,Age 20 to 24,0.0
15004,2011,E01000969,2011 super output areas - lower layer,298,Age 25 to 29,0.0
15005,2011,E01000969,2011 super output areas - lower layer,298,Age 30 to 44,0.0
15006,2011,E01000969,2011 super output areas - lower layer,298,Age 45 to 59,0.0
15007,2011,E01000969,2011 super output areas - lower layer,298,Age 60 to 64,0.0
15008,2011,E01000969,2011 super output areas - lower layer,298,Age 65 to 74,0.0
15009,2011,E01000969,2011 super output areas - lower layer,298,Age 75 to 84,0.0
15010,2011,E01000969,2011 super output areas - lower layer,298,Age 85 to 89,0.0
15011,2011,E01000969,2011 super output areas - lower layer,298,Age 90 and over,0.0
15012,2011,E01000969,2011 super output areas - lower layer,298,Mean Age,
15013,2011,E01000969,2011 super output areas - lower layer,298,Median Age,0.5
15014,2011,E01000969,2011 super output areas - lower layer,298,All usual residents,0.0
15015,2011,E01000969,2011 super output areas - lower layer,298,Age 0 to 4,0.0
15016,2011,E01000969,2011 super output areas - lower layer,298,Age 5 to 7,0.0
15017,2011,E01000969,2011 super output areas - lower layer,298,Age 8 to 9,0.0
15018,2011,E01000969,2011 super output areas - lower layer,298,Age 10 to 14,0.0
15019,2011,E01000969,2011 super output areas - lower layer,298,Age 15,0.0
15020,2011,E01000969,2011 super output areas - lower layer,298,Age 16 to 17,0.0
15021,2011,E01000969,2011 super output areas - lower layer,298,Age 18 to 19,0.0
15022,2011,E01000969,2011 super output areas - lower layer,298,Age 20 to 24,0.0
15023,2011,E01000969,2011 super output areas - lower layer,298,Age 25 to 29,0.0
15024,2011,E01000969,2011 super output areas - lower layer,298,Age 30 to 44,0.0
15025,2011,E01000969,2011 super output areas - lower layer,298,Age 45 to 59,0.0
15026,2011,E01000969,2011 super output areas - lower layer,298,Age 60 to 64,0.0
15027,2011,E01000969,2011 super output areas - lower layer,298,Age 65 to 74,0.0
15028,2011,E01000969,2011 super output areas - lower layer,298,Age 75 to 84,0.0
15029,2011,E01000969,2011 super output areas - lower layer,298,Age 85 to 89,0.0
15030,2011,E01000969,2011 super output areas - lower layer,298,Age 90 and over,0.0
15031,2011,E01000969,2011 super output areas - lower layer,298,Mean Age,
15032,2011,E01000969,2011 super output areas - lower layer,298,Median Age,0.5
15033,2011,E01000969,2011 super output areas - lower layer,298,All usual residents,0.0
15034,2011,E01000969,2011 super output areas - lower layer,298,Age 0 to 4,0.0
15035,2011,E01000969,2011 super output areas - lower layer,298,Age 5 to 7,0.0
15036,2011,E01000969,2011 super output areas - lower layer,298,Age 8 to 9,0.0
15037,2011,E01000969,2011 super output areas - lower layer,298,Age 10 to 14,0.0
15038,2011,E01000969,2011 super output areas - lower layer,298,Age 15,0.0
15039,2011,E01000969,2011 super output areas - lower layer,298,Age 16 to 17,0.0
15040,2011,E01000969,2011 super output areas - lower layer,298,Age 18 to 19,0.0
15041,2011,E01000969,2011 super output areas - lower layer,298,Age 20 to 24,0.0
15042,2011,E01000969,2011 super output areas - lower layer,298,Age 25 to 29,0.0
15043,2011,E01000969,2011 super output areas - lower layer,298,Age 30 to 44,0.0
15044,2011,E01000969,2011 super output areas - lower layer,298,Age 45 to 59,0.0
15045,2011,E01000969,2011 super output areas - lower layer,298,Age 60 to 64,0.0
15046,2011,E01000969,2011 super output areas - lower layer,298,Age 65 to 74,0.0
15047,2011,E01000969,2011 super output areas - lower layer,298,Age 75 to 84,0.0
15048,2011,E01000969,2011 super output areas - lower layer,298,Age 85 to 89,0.0
15049,2011,E01000969,2011 super output areas - lower layer,298,Age 90 and over,0.0
15050,2011,E01000969,2011 super output areas - lower layer,298,Mean Age,
15051,2011,E01000969,2011 super output areas - lower layer,298,Median Age,0.5
15052,2011,E01000969,2011 super output areas - lower layer,298,All usual residents,0.0
15053,2011,E01000969,2011 super output areas - lower layer,298,Age 0 to 4,0.0
15054,2011,E01000969,2011 super output areas - lower layer,298,Age 5 to 7,0.0
15055,2011,E01000969,2011 super output areas - lower layer,298,Age 8 to 9,0.0
15056,2011,E01000969,2011 super output areas - lower layer,298,Age 10 to 14,0.0
15057,2011,E01000969,2011 super output areas - lower layer,298,Age 15,0.0
15058,2011,E01000969,2011 super output areas - lower layer,298,Age 16 to 17,0.0
15059,2011,E01000969,2011 super output areas - lower layer,298,Age 18 to 19,0.0
15060,2011,E01000969,2011 super output areas - lower layer,298,Age 20 to 24,0.0
15061,2011,E01000969,2011 super output areas - lower layer,298,Age 25 to 29,0.0
15062,2011,E01000969,2011 super output areas - lower layer,298,Age 30 to 44,0.0
15063,2011,E01000969,2011 super output areas - lower layer,298,Age 45 to 59,0.0
15064,2011,E01000969,2011 super output areas - lower layer,298,Age 60 to 64,0.0
15065,2011,E01000969,2011 super output areas - lower layer,298,Age 65 to 74,0.0
15066,2011,E01000969,2011 super output areas - lower layer,298,Age 75 to 84,0.0
15067,2011,E01000969,2011 super output areas - lower layer,298,Age 85 to 89,0.0
15068,2011,E01000969,2011 super output areas - lower layer,298,Age 90 and over,0.0
15069,2011,E01000969,2011 super output areas - lower layer,298,Mean Age,
15070,2011,E01000969,2011 super output areas - lower layer,298,Median Age,0.5
15071,2011,E01000970,2011 super output areas - lower layer,298,All usual residents,1444.0
15072,2011,E01000970,2011 super output areas - lower layer,298,Age 0 to 4,40.0
15073,2011,E01000970,2011 super output areas - lower layer,298,Age 5 to 7,16.0
15074,2011,E01000970,2011 super output areas - lower layer,298,Age 8 to 9,11.0
15075,2011,E01000970,2011 super output areas - lower layer,298,Age 10 to 14,12.0
15076,2011,E01000970,2011 super output areas - lower layer,298,Age 15,3.0
15077,2011,E01000970,2011 super output areas - lower layer,298,Age 16 to 17,6.0
15078,2011,E01000970,2011 super output areas - lower layer,298,Age 18 to 19,8.0
15079,2011,E01000970,2011 super output areas - lower layer,298,Age 20 to 24,98.0
15080,2011,E01000970,2011 super output areas - lower layer,298,Age 25 to 29,350.0
15081,2011,E01000970,2011 super output areas - lower layer,298,Age 30 to 44,622.0
15082,2011,E01000970,2011 super output areas - lower layer,298,Age 45 to 59,132.0
15083,2011,E01000970,2011 super output areas - lower layer,298,Age 60 to 64,45.0
15084,2011,E01000970,2011 super output areas - lower layer,298,Age 65 to 74,70.0
15085,2011,E01000970,2011 super output areas - lower layer,298,Age 75 to 84,19.0
15086,2011,E01000970,2011 super output areas - lower layer,298,Age 85 to 89,6.0
15087,2011,E01000970,2011 super output areas - lower layer,298,Age 90 and over,6.0
15088,2011,E01000970,2011 super output areas - lower layer,298,Mean Age,35.5
15089,2011,E01000970,2011 super output areas - lower layer,298,Median Age,32.0
15090,2011,E01000970,2011 super output areas - lower layer,298,All usual residents,0.0
15091,2011,E01000970,2011 super output areas - lower layer,298,Age 0 to 4,0.0
15092,2011,E01000970,2011 super output areas - lower layer,298,Age 5 to 7,0.0
15093,2011,E01000970,2011 super output areas - lower layer,298,Age 8 to 9,0.0
15094,2011,E01000970,2011 super output areas - lower layer,298,Age 10 to 14,0.0
15095,2011,E01000970,2011 super output areas - lower layer,298,Age 15,0.0
15096,2011,E01000970,2011 super output areas - lower layer,298,Age 16 to 17,0.0
15097,2011,E01000970,2011 super output areas - lower layer,298,Age 18 to 19,0.0
15098,2011,E01000970,2011 super output areas - lower layer,298,Age 20 to 24,0.0
15099,2011,E01000970,2011 super output areas - lower layer,298,Age 25 to 29,0.0
15100,2011,E01000970,2011 super output areas - lower layer,298,Age 30 to 44,0.0
15101,2011,E01000970,2011 super output areas - lower layer,298,Age 45 to 59,0.0
15102,2011,E01000970,2011 super output areas - lower layer,298,Age 60 to 64,0.0
15103,2011,E01000970,2011 super output areas - lower layer,298,Age 65 to 74,0.0
15104,2011,E01000970,2011 super output areas - lower layer,298,Age 75 to 84,0.0
15105,2011,E01000970,2011 super output areas - lower layer,298,Age 85 to 89,0.0
15106,2011,E01000970,2011 super output areas - lower layer,298,Age 90 and over,0.0
15107,2011,E01000970,2011 super output areas - lower layer,298,Mean Age,
15108,2011,E01000970,2011 super output areas - lower layer,298,Median Age,0.5
15109,2011,E01000970,2011 super output areas - lower layer,298,All usual residents,0.0
15110,2011,E01000970,2011 super output areas - lower layer,298,Age 0 to 4,0.0
15111,2011,E01000970,2011 super output areas - lower layer,298,Age 5 to 7,0.0
15112,2011,E01000970,2011 super output areas - lower layer,298,Age 8 to 9,0.0
15113,2011,E01000970,2011 super output areas - lower layer,298,Age 10 to 14,0.0
15114,2011,E01000970,2011 super output areas - lower layer,298,Age 15,0.0
15115,2011,E01000970,2011 super output areas - lower layer,298,Age 16 to 17,0.0
15116,2011,E01000970,2011 super output areas - lower layer,298,Age 18 to 19,0.0
15117,2011,E01000970,2011 super output areas - lower layer,298,Age 20 to 24,0.0
15118,2011,E01000970,2011 super output areas - lower layer,298,Age 25 to 29,0.0
15119,2011,E01000970,2011 super output areas - lower layer,298,Age 30 to 44,0.0
15120,2011,E01000970,2011 super output areas - lower layer,298,Age 45 to 59,0.0
15121,2011,E01000970,2011 super output areas - lower layer,298,Age 60 to 64,0.0
15122,2011,E01000970,2011 super output areas - lower layer,298,Age 65 to 74,0.0
15123,2011,E01000970,2011 super output areas - lower layer,298,Age 75 to 84,0.0
15124,2011,E01000970,2011 super output areas - lower layer,298,Age 85 to 89,0.0
15125,2011,E01000970,2011 super output areas - lower layer,298,Age 90 and over,0.0
15126,2011,E01000970,2011 super output areas - lower layer,298,Mean Age,
15127,2011,E01000970,2011 super output areas - lower layer,298,Median Age,0.5
15128,2011,E01000970,2011 super output areas - lower layer,298,All usual residents,0.0
15129,2011,E01000970,2011 super output areas - lower layer,298,Age 0 to 4,0.0
15130,2011,E01000970,2011 super output areas - lower layer,298,Age 5 to 7,0.0
15131,2011,E01000970,2011 super output areas - lower layer,298,Age 8 to 9,0.0
15132,2011,E01000970,2011 super output areas - lower layer,298,Age 10 to 14,0.0
15133,2011,E01000970,2011 super output areas - lower layer,298,Age 15,0.0
15134,2011,E01000970,2011 super output areas - lower layer,298,Age 16 to 17,0.0
15135,2011,E01000970,2011 super output areas - lower layer,298,Age 18 to 19,0.0
15136,2011,E01000970,2011 super output areas - lower layer,298,Age 20 to 24,0.0
15137,2011,E01000970,2011 super output areas - lower layer,298,Age 25 to 29,0.0
15138,2011,E01000970,2011 super output areas - lower layer,298,Age 30 to 44,0.0
15139,2011,E01000970,2011 super output areas - lower layer,298,Age 45 to 59,0.0
15140,2011,E01000970,2011 super output areas - lower layer,298,Age 60 to 64,0.0
15141,2011,E01000970,2011 super output areas - lower layer,298,Age 65 to 74,0.0
15142,2011,E01000970,2011 super output areas - lower layer,298,Age 75 to 84,0.0
15143,2011,E01000970,2011 super output areas - lower layer,298,Age 85 to 89,0.0
15144,2011,E01000970,2011 super output areas - lower layer,298,Age 90 and over,0.0
15145,2011,E01000970,2011 super output areas - lower layer,298,Mean Age,
15146,2011,E01000970,2011 super output areas - lower layer,298,Median Age,0.5
15147,2011,E01000970,2011 super output areas - lower layer,298,All usual residents,0.0
15148,2011,E01000970,2011 super output areas - lower layer,298,Age 0 to 4,0.0
15149,2011,E01000970,2011 super output areas - lower layer,298,Age 5 to 7,0.0
15150,2011,E01000970,2011 super output areas - lower layer,298,Age 8 to 9,0.0
15151,2011,E01000970,2011 super output areas - lower layer,298,Age 10 to 14,0.0
15152,2011,E01000970,2011 super output areas - lower layer,298,Age 15,0.0
15153,2011,E01000970,2011 super output areas - lower layer,298,Age 16 to 17,0.0
15154,2011,E01000970,2011 super output areas - lower layer,298,Age 18 to 19,0.0
15155,2011,E01000970,2011 super output areas - lower layer,298,Age 20 to 24,0.0
15156,2011,E01000970,2011 super output areas - lower layer,298,Age 25 to 29,0.0
15157,2011,E01000970,2011 super output areas - lower layer,298,Age 30 to 44,0.0
15158,2011,E01000970,2011 super output areas - lower layer,298,Age 45 to 59,0.0
15159,2011,E01000970,2011 super output areas - lower layer,298,Age 60 to 64,0.0
15160,2011,E01000970,2011 super output areas - lower layer,298,Age 65 to 74,0.0
15161,2011,E01000970,2011 super output areas - lower layer,298,Age 75 to 84,0.0
15162,2011,E01000970,2011 super output areas - lower layer,298,Age 85 to 89,0.0
15163,2011,E01000970,2011 super output areas - lower layer,298,Age 90 and over,0.0
15164,2011,E01000970,2011 super output areas - lower layer,298,Mean Age,
15165,2011,E01000970,2011 super output areas - lower layer,298,Median Age,0.5
15166,2011,E01000970,2011 super output areas - lower layer,298,All usual residents,0.0
15167,2011,E01000970,2011 super output areas - lower layer,298,Age 0 to 4,0.0
15168,2011,E01000970,2011 super output areas - lower layer,298,Age 5 to 7,0.0
15169,2011,E01000970,2011 super output areas - lower layer,298,Age 8 to 9,0.0
15170,2011,E01000970,2011 super output areas - lower layer,298,Age 10 to 14,0.0
15171,2011,E01000970,2011 super output areas - lower layer,298,Age 15,0.0
15172,2011,E01000970,2011 super output areas - lower layer,298,Age 16 to 17,0.0
15173,2011,E01000970,2011 super output areas - lower layer,298,Age 18 to 19,0.0
15174,2011,E01000970,2011 super output areas - lower layer,298,Age 20 to 24,0.0
15175,2011,E01000970,2011 super output areas - lower layer,298,Age 25 to 29,0.0
15176,2011,E01000970,2011 super output areas - lower layer,298,Age 30 to 44,0.0
15177,2011,E01000970,2011 super output areas - lower layer,298,Age 45 to 59,0.0
15178,2011,E01000970,2011 super output areas - lower layer,298,Age 60 to 64,0.0
15179,2011,E01000970,2011 super output areas - lower layer,298,Age 65 to 74,0.0
15180,2011,E01000970,2011 super output areas - lower layer,298,Age 75 to 84,0.0
15181,2011,E01000970,2011 super output areas - lower layer,298,Age 85 to 89,0.0
15182,2011,E01000970,2011 super output areas - lower layer,298,Age 90 and over,0.0
15183,2011,E01000970,2011 super output areas - lower layer,298,Mean Age,
15184,2011,E01000970,2011 super output areas - lower layer,298,Median Age,0.5
15185,2011,E01000970,2011 super output areas - lower layer,298,All usual residents,0.0
15186,2011,E01000970,2011 super output areas - lower layer,298,Age 0 to 4,0.0
15187,2011,E01000970,2011 super output areas - lower layer,298,Age 5 to 7,0.0
15188,2011,E01000970,2011 super output areas - lower layer,298,Age 8 to 9,0.0
15189,2011,E01000970,2011 super output areas - lower layer,298,Age 10 to 14,0.0
15190,2011,E01000970,2011 super output areas - lower layer,298,Age 15,0.0
15191,2011,E01000970,2011 super output areas - lower layer,298,Age 16 to 17,0.0
15192,2011,E01000970,2011 super output areas - lower layer,298,Age 18 to 19,0.0
15193,2011,E01000970,2011 super output areas - lower layer,298,Age 20 to 24,0.0
15194,2011,E01000970,2011 super output areas - lower layer,298,Age 25 to 29,0.0
15195,2011,E01000970,2011 super output areas - lower layer,298,Age 30 to 44,0.0
15196,2011,E01000970,2011 super output areas - lower layer,298,Age 45 to 59,0.0
15197,2011,E01000970,2011 super output areas - lower layer,298,Age 60 to 64,0.0
15198,2011,E01000970,2011 super output areas - lower layer,298,Age 65 to 74,0.0
15199,2011,E01000970,2011 super output areas - lower layer,298,Age 75 to 84,0.0
15200,2011,E01000970,2011 super output areas - lower layer,298,Age 85 to 89,0.0
15201,2011,E01000970,2011 super output areas - lower layer,298,Age 90 and over,0.0
15202,2011,E01000970,2011 super output areas - lower layer,298,Mean Age,
15203,2011,E01000970,2011 super output areas - lower layer,298,Median Age,0.5
15204,2011,E01000970,2011 super output areas - lower layer,298,All usual residents,0.0
15205,2011,E01000970,2011 super output areas - lower layer,298,Age 0 to 4,0.0
15206,2011,E01000970,2011 super output areas - lower layer,298,Age 5 to 7,0.0
15207,2011,E01000970,2011 super output areas - lower layer,298,Age 8 to 9,0.0
15208,2011,E01000970,2011 super output areas - lower layer,298,Age 10 to 14,0.0
15209,2011,E01000970,2011 super output areas - lower layer,298,Age 15,0.0
15210,2011,E01000970,2011 super output areas - lower layer,298,Age 16 to 17,0.0
15211,2011,E01000970,2011 super output areas - lower layer,298,Age 18 to 19,0.0
15212,2011,E01000970,2011 super output areas - lower layer,298,Age 20 to 24,0.0
15213,2011,E01000970,2011 super output areas - lower layer,298,Age 25 to 29,0.0
15214,2011,E01000970,2011 super output areas - lower layer,298,Age 30 to 44,0.0
15215,2011,E01000970,2011 super output areas - lower layer,298,Age 45 to 59,0.0
15216,2011,E01000970,2011 super output areas - lower layer,298,Age 60 to 64,0.0
15217,2011,E01000970,2011 super output areas - lower layer,298,Age 65 to 74,0.0
15218,2011,E01000970,2011 super output areas - lower layer,298,Age 75 to 84,0.0
15219,2011,E01000970,2011 super output areas - lower layer,298,Age 85 to 89,0.0
15220,2011,E01000970,2011 super output areas - lower layer,298,Age 90 and over,0.0
15221,2011,E01000970,2011 super output areas - lower layer,298,Mean Age,
15222,2011,E01000970,2011 super output areas - lower layer,298,Median Age,0.5
15223,2011,E01000970,2011 super output areas - lower layer,298,All usual residents,0.0
15224,2011,E01000970,2011 super output areas - lower layer,298,Age 0 to 4,0.0
15225,2011,E01000970,2011 super output areas - lower layer,298,Age 5 to 7,0.0
15226,2011,E01000970,2011 super output areas - lower layer,298,Age 8 to 9,0.0
15227,2011,E01000970,2011 super output areas - lower layer,298,Age 10 to 14,0.0
15228,2011,E01000970,2011 super output areas - lower layer,298,Age 15,0.0
15229,2011,E01000970,2011 super output areas - lower layer,298,Age 16 to 17,0.0
15230,2011,E01000970,2011 super output areas - lower layer,298,Age 18 to 19,0.0
15231,2011,E01000970,2011 super output areas - lower layer,298,Age 20 to 24,0.0
15232,2011,E01000970,2011 super output areas - lower layer,298,Age 25 to 29,0.0
15233,2011,E01000970,2011 super output areas - lower layer,298,Age 30 to 44,0.0
15234,2011,E01000970,2011 super output areas - lower layer,298,Age 45 to 59,0.0
15235,2011,E01000970,2011 super output areas - lower layer,298,Age 60 to 64,0.0
15236,2011,E01000970,2011 super output areas - lower layer,298,Age 65 to 74,0.0
15237,2011,E01000970,2011 super output areas - lower layer,298,Age 75 to 84,0.0
15238,2011,E01000970,2011 super output areas - lower layer,298,Age 85 to 89,0.0
15239,2011,E01000970,2011 super output areas - lower layer,298,Age 90 and over,0.0
15240,2011,E01000970,2011 super output areas - lower layer,298,Mean Age,
15241,2011,E01000970,2011 super output areas - lower layer,298,Median Age,0.5
15242,2011,E01000970,2011 super output areas - lower layer,298,All usual residents,0.0
15243,2011,E01000970,2011 super output areas - lower layer,298,Age 0 to 4,0.0
15244,2011,E01000970,2011 super output areas - lower layer,298,Age 5 to 7,0.0
15245,2011,E01000970,2011 super output areas - lower layer,298,Age 8 to 9,0.0
15246,2011,E01000970,2011 super output areas - lower layer,298,Age 10 to 14,0.0
15247,2011,E01000970,2011 super output areas - lower layer,298,Age 15,0.0
15248,2011,E01000970,2011 super output areas - lower layer,298,Age 16 to 17,0.0
15249,2011,E01000970,2011 super output areas - lower layer,298,Age 18 to 19,0.0
15250,2011,E01000970,2011 super output areas - lower layer,298,Age 20 to 24,0.0
15251,2011,E01000970,2011 super output areas - lower layer,298,Age 25 to 29,0.0
15252,2011,E01000970,2011 super output areas - lower layer,298,Age 30 to 44,0.0
15253,2011,E01000970,2011 super output areas - lower layer,298,Age 45 to 59,0.0
15254,2011,E01000970,2011 super output areas - lower layer,298,Age 60 to 64,0.0
15255,2011,E01000970,2011 super output areas - lower layer,298,Age 65 to 74,0.0
15256,2011,E01000970,2011 super output areas - lower layer,298,Age 75 to 84,0.0
15257,2011,E01000970,2011 super output areas - lower layer,298,Age 85 to 89,0.0
15258,2011,E01000970,2011 super output areas - lower layer,298,Age 90 and over,0.0
15259,2011,E01000970,2011 super output areas - lower layer,298,Mean Age,
15260,2011,E01000970,2011 super output areas - lower layer,298,Median Age,0.5
15261,2011,E01000970,2011 super output areas - lower layer,298,All usual residents,0.0
15262,2011,E01000970,2011 super output areas - lower layer,298,Age 0 to 4,0.0
15263,2011,E01000970,2011 super output areas - lower layer,298,Age 5 to 7,0.0
15264,2011,E01000970,2011 super output areas - lower layer,298,Age 8 to 9,0.0
15265,2011,E01000970,2011 super output areas - lower layer,298,Age 10 to 14,0.0
15266,2011,E01000970,2011 super output areas - lower layer,298,Age 15,0.0
15267,2011,E01000970,2011 super output areas - lower layer,298,Age 16 to 17,0.0
15268,2011,E01000970,2011 super output areas - lower layer,298,Age 18 to 19,0.0
15269,2011,E01000970,2011 super output areas - lower layer,298,Age 20 to 24,0.0
15270,2011,E01000970,2011 super output areas - lower layer,298,Age 25 to 29,0.0
15271,2011,E01000970,2011 super output areas - lower layer,298,Age 30 to 44,0.0
15272,2011,E01000970,2011 super output areas - lower layer,298,Age 45 to 59,0.0
15273,2011,E01000970,2011 super output areas - lower layer,298,Age 60 to 64,0.0
15274,2011,E01000970,2011 super output areas - lower layer,298,Age 65 to 74,0.0
15275,2011,E01000970,2011 super output areas - lower layer,298,Age 75 to 84,0.0
15276,2011,E01000970,2011 super output areas - lower layer,298,Age 85 to 89,0.0
15277,2011,E01000970,2011 super output areas - lower layer,298,Age 90 and over,0.0
15278,2011,E01000970,2011 super output areas - lower layer,298,Mean Age,
15279,2011,E01000970,2011 super output areas - lower layer,298,Median Age,0.5
15280,2011,E01000970,2011 super output areas - lower layer,298,All usual residents,0.0
15281,2011,E01000970,2011 super output areas - lower layer,298,Age 0 to 4,0.0
15282,2011,E01000970,2011 super output areas - lower layer,298,Age 5 to 7,0.0
15283,2011,E01000970,2011 super output areas - lower layer,298,Age 8 to 9,0.0
15284,2011,E01000970,2011 super output areas - lower layer,298,Age 10 to 14,0.0
15285,2011,E01000970,2011 super output areas - lower layer,298,Age 15,0.0
15286,2011,E01000970,2011 super output areas - lower layer,298,Age 16 to 17,0.0
15287,2011,E01000970,2011 super output areas - lower layer,298,Age 18 to 19,0.0
15288,2011,E01000970,2011 super output areas - lower layer,298,Age 20 to 24,0.0
15289,2011,E01000970,2011 super output areas - lower layer,298,Age 25 to 29,0.0
15290,2011,E01000970,2011 super output areas - lower layer,298,Age 30 to 44,0.0
15291,2011,E01000970,2011 super output areas - lower layer,298,Age 45 to 59,0.0
15292,2011,E01000970,2011 super output areas - lower layer,298,Age 60 to 64,0.0
15293,2011,E01000970,2011 super output areas - lower layer,298,Age 65 to 74,0.0
15294,2011,E01000970,2011 super output areas - lower layer,298,Age 75 to 84,0.0
15295,2011,E01000970,2011 super output areas - lower layer,298,Age 85 to 89,0.0
15296,2011,E01000970,2011 super output areas - lower layer,298,Age 90 and over,0.0
15297,2011,E01000970,2011 super output areas - lower layer,298,Mean Age,
15298,2011,E01000970,2011 super output areas - lower layer,298,Median Age,0.5
15299,2011,E01000970,2011 super output areas - lower layer,298,All usual residents,0.0
15300,2011,E01000970,2011 super output areas - lower layer,298,Age 0 to 4,0.0
15301,2011,E01000970,2011 super output areas - lower layer,298,Age 5 to 7,0.0
15302,2011,E01000970,2011 super output areas - lower layer,298,Age 8 to 9,0.0
15303,2011,E01000970,2011 super output areas - lower layer,298,Age 10 to 14,0.0
15304,2011,E01000970,2011 super output areas - lower layer,298,Age 15,0.0
15305,2011,E01000970,2011 super output areas - lower layer,298,Age 16 to 17,0.0
15306,2011,E01000970,2011 super output areas - lower layer,298,Age 18 to 19,0.0
15307,2011,E01000970,2011 super output areas - lower layer,298,Age 20 to 24,0.0
15308,2011,E01000970,2011 super output areas - lower layer,298,Age 25 to 29,0.0
15309,2011,E01000970,2011 super output areas - lower layer,298,Age 30 to 44,0.0
15310,2011,E01000970,2011 super output areas - lower layer,298,Age 45 to 59,0.0
15311,2011,E01000970,2011 super output areas - lower layer,298,Age 60 to 64,0.0
15312,2011,E01000970,2011 super output areas - lower layer,298,Age 65 to 74,0.0
15313,2011,E01000970,2011 super output areas - lower layer,298,Age 75 to 84,0.0
15314,2011,E01000970,2011 super output areas - lower layer,298,Age 85 to 89,0.0
15315,2011,E01000970,2011 super output areas - lower layer,298,Age 90 and over,0.0
15316,2011,E01000970,2011 super output areas - lower layer,298,Mean Age,
15317,2011,E01000970,2011 super output areas - lower layer,298,Median Age,0.5
15318,2011,E01000971,2011 super output areas - lower layer,298,All usual residents,1478.0
15319,2011,E01000971,2011 super output areas - lower layer,298,Age 0 to 4,126.0
15320,2011,E01000971,2011 super output areas - lower layer,298,Age 5 to 7,45.0
15321,2011,E01000971,2011 super output areas - lower layer,298,Age 8 to 9,24.0
15322,2011,E01000971,2011 super output areas - lower layer,298,Age 10 to 14,39.0
15323,2011,E01000971,2011 super output areas - lower layer,298,Age 15,7.0
15324,2011,E01000971,2011 super output areas - lower layer,298,Age 16 to 17,17.0
15325,2011,E01000971,2011 super output areas - lower layer,298,Age 18 to 19,11.0
15326,2011,E01000971,2011 super output areas - lower layer,298,Age 20 to 24,80.0
15327,2011,E01000971,2011 super output areas - lower layer,298,Age 25 to 29,193.0
15328,2011,E01000971,2011 super output areas - lower layer,298,Age 30 to 44,517.0
15329,2011,E01000971,2011 super output areas - lower layer,298,Age 45 to 59,208.0
15330,2011,E01000971,2011 super output areas - lower layer,298,Age 60 to 64,65.0
15331,2011,E01000971,2011 super output areas - lower layer,298,Age 65 to 74,86.0
15332,2011,E01000971,2011 super output areas - lower layer,298,Age 75 to 84,42.0
15333,2011,E01000971,2011 super output areas - lower layer,298,Age 85 to 89,14.0
15334,2011,E01000971,2011 super output areas - lower layer,298,Age 90 and over,4.0
15335,2011,E01000971,2011 super output areas - lower layer,298,Mean Age,35.9
15336,2011,E01000971,2011 super output areas - lower layer,298,Median Age,34.0
15337,2011,E01000971,2011 super output areas - lower layer,298,All usual residents,0.0
15338,2011,E01000971,2011 super output areas - lower layer,298,Age 0 to 4,0.0
15339,2011,E01000971,2011 super output areas - lower layer,298,Age 5 to 7,0.0
15340,2011,E01000971,2011 super output areas - lower layer,298,Age 8 to 9,0.0
15341,2011,E01000971,2011 super output areas - lower layer,298,Age 10 to 14,0.0
15342,2011,E01000971,2011 super output areas - lower layer,298,Age 15,0.0
15343,2011,E01000971,2011 super output areas - lower layer,298,Age 16 to 17,0.0
15344,2011,E01000971,2011 super output areas - lower layer,298,Age 18 to 19,0.0
15345,2011,E01000971,2011 super output areas - lower layer,298,Age 20 to 24,0.0
15346,2011,E01000971,2011 super output areas - lower layer,298,Age 25 to 29,0.0
15347,2011,E01000971,2011 super output areas - lower layer,298,Age 30 to 44,0.0
15348,2011,E01000971,2011 super output areas - lower layer,298,Age 45 to 59,0.0
15349,2011,E01000971,2011 super output areas - lower layer,298,Age 60 to 64,0.0
15350,2011,E01000971,2011 super output areas - lower layer,298,Age 65 to 74,0.0
15351,2011,E01000971,2011 super output areas - lower layer,298,Age 75 to 84,0.0
15352,2011,E01000971,2011 super output areas - lower layer,298,Age 85 to 89,0.0
15353,2011,E01000971,2011 super output areas - lower layer,298,Age 90 and over,0.0
15354,2011,E01000971,2011 super output areas - lower layer,298,Mean Age,
15355,2011,E01000971,2011 super output areas - lower layer,298,Median Age,0.5
15356,2011,E01000971,2011 super output areas - lower layer,298,All usual residents,0.0
15357,2011,E01000971,2011 super output areas - lower layer,298,Age 0 to 4,0.0
15358,2011,E01000971,2011 super output areas - lower layer,298,Age 5 to 7,0.0
15359,2011,E01000971,2011 super output areas - lower layer,298,Age 8 to 9,0.0
15360,2011,E01000971,2011 super output areas - lower layer,298,Age 10 to 14,0.0
15361,2011,E01000971,2011 super output areas - lower layer,298,Age 15,0.0
15362,2011,E01000971,2011 super output areas - lower layer,298,Age 16 to 17,0.0
15363,2011,E01000971,2011 super output areas - lower layer,298,Age 18 to 19,0.0
15364,2011,E01000971,2011 super output areas - lower layer,298,Age 20 to 24,0.0
15365,2011,E01000971,2011 super output areas - lower layer,298,Age 25 to 29,0.0
15366,2011,E01000971,2011 super output areas - lower layer,298,Age 30 to 44,0.0
15367,2011,E01000971,2011 super output areas - lower layer,298,Age 45 to 59,0.0
15368,2011,E01000971,2011 super output areas - lower layer,298,Age 60 to 64,0.0
15369,2011,E01000971,2011 super output areas - lower layer,298,Age 65 to 74,0.0
15370,2011,E01000971,2011 super output areas - lower layer,298,Age 75 to 84,0.0
15371,2011,E01000971,2011 super output areas - lower layer,298,Age 85 to 89,0.0
15372,2011,E01000971,2011 super output areas - lower layer,298,Age 90 and over,0.0
15373,2011,E01000971,2011 super output areas - lower layer,298,Mean Age,
15374,2011,E01000971,2011 super output areas - lower layer,298,Median Age,0.5
15375,2011,E01000971,2011 super output areas - lower layer,298,All usual residents,0.0
15376,2011,E01000971,2011 super output areas - lower layer,298,Age 0 to 4,0.0
15377,2011,E01000971,2011 super output areas - lower layer,298,Age 5 to 7,0.0
15378,2011,E01000971,2011 super output areas - lower layer,298,Age 8 to 9,0.0
15379,2011,E01000971,2011 super output areas - lower layer,298,Age 10 to 14,0.0
15380,2011,E01000971,2011 super output areas - lower layer,298,Age 15,0.0
15381,2011,E01000971,2011 super output areas - lower layer,298,Age 16 to 17,0.0
15382,2011,E01000971,2011 super output areas - lower layer,298,Age 18 to 19,0.0
15383,2011,E01000971,2011 super output areas - lower layer,298,Age 20 to 24,0.0
15384,2011,E01000971,2011 super output areas - lower layer,298,Age 25 to 29,0.0
15385,2011,E01000971,2011 super output areas - lower layer,298,Age 30 to 44,0.0
15386,2011,E01000971,2011 super output areas - lower layer,298,Age 45 to 59,0.0
15387,2011,E01000971,2011 super output areas - lower layer,298,Age 60 to 64,0.0
15388,2011,E01000971,2011 super output areas - lower layer,298,Age 65 to 74,0.0
15389,2011,E01000971,2011 super output areas - lower layer,298,Age 75 to 84,0.0
15390,2011,E01000971,2011 super output areas - lower layer,298,Age 85 to 89,0.0
15391,2011,E01000971,2011 super output areas - lower layer,298,Age 90 and over,0.0
15392,2011,E01000971,2011 super output areas - lower layer,298,Mean Age,
15393,2011,E01000971,2011 super output areas - lower layer,298,Median Age,0.5
15394,2011,E01000971,2011 super output areas - lower layer,298,All usual residents,0.0
15395,2011,E01000971,2011 super output areas - lower layer,298,Age 0 to 4,0.0
15396,2011,E01000971,2011 super output areas - lower layer,298,Age 5 to 7,0.0
15397,2011,E01000971,2011 super output areas - lower layer,298,Age 8 to 9,0.0
15398,2011,E01000971,2011 super output areas - lower layer,298,Age 10 to 14,0.0
15399,2011,E01000971,2011 super output areas - lower layer,298,Age 15,0.0
15400,2011,E01000971,2011 super output areas - lower layer,298,Age 16 to 17,0.0
15401,2011,E01000971,2011 super output areas - lower layer,298,Age 18 to 19,0.0
15402,2011,E01000971,2011 super output areas - lower layer,298,Age 20 to 24,0.0
15403,2011,E01000971,2011 super output areas - lower layer,298,Age 25 to 29,0.0
15404,2011,E01000971,2011 super output areas - lower layer,298,Age 30 to 44,0.0
15405,2011,E01000971,2011 super output areas - lower layer,298,Age 45 to 59,0.0
15406,2011,E01000971,2011 super output areas - lower layer,298,Age 60 to 64,0.0
15407,2011,E01000971,2011 super output areas - lower layer,298,Age 65 to 74,0.0
15408,2011,E01000971,2011 super output areas - lower layer,298,Age 75 to 84,0.0
15409,2011,E01000971,2011 super output areas - lower layer,298,Age 85 to 89,0.0
15410,2011,E01000971,2011 super output areas - lower layer,298,Age 90 and over,0.0
15411,2011,E01000971,2011 super output areas - lower layer,298,Mean Age,
15412,2011,E01000971,2011 super output areas - lower layer,298,Median Age,0.5
15413,2011,E01000971,2011 super output areas - lower layer,298,All usual residents,0.0
15414,2011,E01000971,2011 super output areas - lower layer,298,Age 0 to 4,0.0
15415,2011,E01000971,2011 super output areas - lower layer,298,Age 5 to 7,0.0
15416,2011,E01000971,2011 super output areas - lower layer,298,Age 8 to 9,0.0
15417,2011,E01000971,2011 super output areas - lower layer,298,Age 10 to 14,0.0
15418,2011,E01000971,2011 super output areas - lower layer,298,Age 15,0.0
15419,2011,E01000971,2011 super output areas - lower layer,298,Age 16 to 17,0.0
15420,2011,E01000971,2011 super output areas - lower layer,298,Age 18 to 19,0.0
15421,2011,E01000971,2011 super output areas - lower layer,298,Age 20 to 24,0.0
15422,2011,E01000971,2011 super output areas - lower layer,298,Age 25 to 29,0.0
15423,2011,E01000971,2011 super output areas - lower layer,298,Age 30 to 44,0.0
15424,2011,E01000971,2011 super output areas - lower layer,298,Age 45 to 59,0.0
15425,2011,E01000971,2011 super output areas - lower layer,298,Age 60 to 64,0.0
15426,2011,E01000971,2011 super output areas - lower layer,298,Age 65 to 74,0.0
15427,2011,E01000971,2011 super output areas - lower layer,298,Age 75 to 84,0.0
15428,2011,E01000971,2011 super output areas - lower layer,298,Age 85 to 89,0.0
15429,2011,E01000971,2011 super output areas - lower layer,298,Age 90 and over,0.0
15430,2011,E01000971,2011 super output areas - lower layer,298,Mean Age,
15431,2011,E01000971,2011 super output areas - lower layer,298,Median Age,0.5
15432,2011,E01000971,2011 super output areas - lower layer,298,All usual residents,0.0
15433,2011,E01000971,2011 super output areas - lower layer,298,Age 0 to 4,0.0
15434,2011,E01000971,2011 super output areas - lower layer,298,Age 5 to 7,0.0
15435,2011,E01000971,2011 super output areas - lower layer,298,Age 8 to 9,0.0
15436,2011,E01000971,2011 super output areas - lower layer,298,Age 10 to 14,0.0
15437,2011,E01000971,2011 super output areas - lower layer,298,Age 15,0.0
15438,2011,E01000971,2011 super output areas - lower layer,298,Age 16 to 17,0.0
15439,2011,E01000971,2011 super output areas - lower layer,298,Age 18 to 19,0.0
15440,2011,E01000971,2011 super output areas - lower layer,298,Age 20 to 24,0.0
15441,2011,E01000971,2011 super output areas - lower layer,298,Age 25 to 29,0.0
15442,2011,E01000971,2011 super output areas - lower layer,298,Age 30 to 44,0.0
15443,2011,E01000971,2011 super output areas - lower layer,298,Age 45 to 59,0.0
15444,2011,E01000971,2011 super output areas - lower layer,298,Age 60 to 64,0.0
15445,2011,E01000971,2011 super output areas - lower layer,298,Age 65 to 74,0.0
15446,2011,E01000971,2011 super output areas - lower layer,298,Age 75 to 84,0.0
15447,2011,E01000971,2011 super output areas - lower layer,298,Age 85 to 89,0.0
15448,2011,E01000971,2011 super output areas - lower layer,298,Age 90 and over,0.0
15449,2011,E01000971,2011 super output areas - lower layer,298,Mean Age,
15450,2011,E01000971,2011 super output areas - lower layer,298,Median Age,0.5
15451,2011,E01000971,2011 super output areas - lower layer,298,All usual residents,0.0
15452,2011,E01000971,2011 super output areas - lower layer,298,Age 0 to 4,0.0
15453,2011,E01000971,2011 super output areas - lower layer,298,Age 5 to 7,0.0
15454,2011,E01000971,2011 super output areas - lower layer,298,Age 8 to 9,0.0
15455,2011,E01000971,2011 super output areas - lower layer,298,Age 10 to 14,0.0
15456,2011,E01000971,2011 super output areas - lower layer,298,Age 15,0.0
15457,2011,E01000971,2011 super output areas - lower layer,298,Age 16 to 17,0.0
15458,2011,E01000971,2011 super output areas - lower layer,298,Age 18 to 19,0.0
15459,2011,E01000971,2011 super output areas - lower layer,298,Age 20 to 24,0.0
15460,2011,E01000971,2011 super output areas - lower layer,298,Age 25 to 29,0.0
15461,2011,E01000971,2011 super output areas - lower layer,298,Age 30 to 44,0.0
15462,2011,E01000971,2011 super output areas - lower layer,298,Age 45 to 59,0.0
15463,2011,E01000971,2011 super output areas - lower layer,298,Age 60 to 64,0.0
15464,2011,E01000971,2011 super output areas - lower layer,298,Age 65 to 74,0.0
15465,2011,E01000971,2011 super output areas - lower layer,298,Age 75 to 84,0.0
15466,2011,E01000971,2011 super output areas - lower layer,298,Age 85 to 89,0.0
15467,2011,E01000971,2011 super output areas - lower layer,298,Age 90 and over,0.0
15468,2011,E01000971,2011 super output areas - lower layer,298,Mean Age,
15469,2011,E01000971,2011 super output areas - lower layer,298,Median Age,0.5
15470,2011,E01000971,2011 super output areas - lower layer,298,All usual residents,0.0
15471,2011,E01000971,2011 super output areas - lower layer,298,Age 0 to 4,0.0
15472,2011,E01000971,2011 super output areas - lower layer,298,Age 5 to 7,0.0
15473,2011,E01000971,2011 super output areas - lower layer,298,Age 8 to 9,0.0
15474,2011,E01000971,2011 super output areas - lower layer,298,Age 10 to 14,0.0
15475,2011,E01000971,2011 super output areas - lower layer,298,Age 15,0.0
15476,2011,E01000971,2011 super output areas - lower layer,298,Age 16 to 17,0.0
15477,2011,E01000971,2011 super output areas - lower layer,298,Age 18 to 19,0.0
15478,2011,E01000971,2011 super output areas - lower layer,298,Age 20 to 24,0.0
15479,2011,E01000971,2011 super output areas - lower layer,298,Age 25 to 29,0.0
15480,2011,E01000971,2011 super output areas - lower layer,298,Age 30 to 44,0.0
15481,2011,E01000971,2011 super output areas - lower layer,298,Age 45 to 59,0.0
15482,2011,E01000971,2011 super output areas - lower layer,298,Age 60 to 64,0.0
15483,2011,E01000971,2011 super output areas - lower layer,298,Age 65 to 74,0.0
15484,2011,E01000971,2011 super output areas - lower layer,298,Age 75 to 84,0.0
15485,2011,E01000971,2011 super output areas - lower layer,298,Age 85 to 89,0.0
15486,2011,E01000971,2011 super output areas - lower layer,298,Age 90 and over,0.0
15487,2011,E01000971,2011 super output areas - lower layer,298,Mean Age,
15488,2011,E01000971,2011 super output areas - lower layer,298,Median Age,0.5
15489,2011,E01000971,2011 super output areas - lower layer,298,All usual residents,0.0
15490,2011,E01000971,2011 super output areas - lower layer,298,Age 0 to 4,0.0
15491,2011,E01000971,2011 super output areas - lower layer,298,Age 5 to 7,0.0
15492,2011,E01000971,2011 super output areas - lower layer,298,Age 8 to 9,0.0
15493,2011,E01000971,2011 super output areas - lower layer,298,Age 10 to 14,0.0
15494,2011,E01000971,2011 super output areas - lower layer,298,Age 15,0.0
15495,2011,E01000971,2011 super output areas - lower layer,298,Age 16 to 17,0.0
15496,2011,E01000971,2011 super output areas - lower layer,298,Age 18 to 19,0.0
15497,2011,E01000971,2011 super output areas - lower layer,298,Age 20 to 24,0.0
15498,2011,E01000971,2011 super output areas - lower layer,298,Age 25 to 29,0.0
15499,2011,E01000971,2011 super output areas - lower layer,298,Age 30 to 44,0.0
15500,2011,E01000971,2011 super output areas - lower layer,298,Age 45 to 59,0.0
15501,2011,E01000971,2011 super output areas - lower layer,298,Age 60 to 64,0.0
15502,2011,E01000971,2011 super output areas - lower layer,298,Age 65 to 74,0.0
15503,2011,E01000971,2011 super output areas - lower layer,298,Age 75 to 84,0.0
15504,2011,E01000971,2011 super output areas - lower layer,298,Age 85 to 89,0.0
15505,2011,E01000971,2011 super output areas - lower layer,298,Age 90 and over,0.0
15506,2011,E01000971,2011 super output areas - lower layer,298,Mean Age,
15507,2011,E01000971,2011 super output areas - lower layer,298,Median Age,0.5
15508,2011,E01000971,2011 super output areas - lower layer,298,All usual residents,0.0
15509,2011,E01000971,2011 super output areas - lower layer,298,Age 0 to 4,0.0
15510,2011,E01000971,2011 super output areas - lower layer,298,Age 5 to 7,0.0
15511,2011,E01000971,2011 super output areas - lower layer,298,Age 8 to 9,0.0
15512,2011,E01000971,2011 super output areas - lower layer,298,Age 10 to 14,0.0
15513,2011,E01000971,2011 super output areas - lower layer,298,Age 15,0.0
15514,2011,E01000971,2011 super output areas - lower layer,298,Age 16 to 17,0.0
15515,2011,E01000971,2011 super output areas - lower layer,298,Age 18 to 19,0.0
15516,2011,E01000971,2011 super output areas - lower layer,298,Age 20 to 24,0.0
15517,2011,E01000971,2011 super output areas - lower layer,298,Age 25 to 29,0.0
15518,2011,E01000971,2011 super output areas - lower layer,298,Age 30 to 44,0.0
15519,2011,E01000971,2011 super output areas - lower layer,298,Age 45 to 59,0.0
15520,2011,E01000971,2011 super output areas - lower layer,298,Age 60 to 64,0.0
15521,2011,E01000971,2011 super output areas - lower layer,298,Age 65 to 74,0.0
15522,2011,E01000971,2011 super output areas - lower layer,298,Age 75 to 84,0.0
15523,2011,E01000971,2011 super output areas - lower layer,298,Age 85 to 89,0.0
15524,2011,E01000971,2011 super output areas - lower layer,298,Age 90 and over,0.0
15525,2011,E01000971,2011 super output areas - lower layer,298,Mean Age,
15526,2011,E01000971,2011 super output areas - lower layer,298,Median Age,0.5
15527,2011,E01000971,2011 super output areas - lower layer,298,All usual residents,0.0
15528,2011,E01000971,2011 super output areas - lower layer,298,Age 0 to 4,0.0
15529,2011,E01000971,2011 super output areas - lower layer,298,Age 5 to 7,0.0
15530,2011,E01000971,2011 super output areas - lower layer,298,Age 8 to 9,0.0
15531,2011,E01000971,2011 super output areas - lower layer,298,Age 10 to 14,0.0
15532,2011,E01000971,2011 super output areas - lower layer,298,Age 15,0.0
15533,2011,E01000971,2011 super output areas - lower layer,298,Age 16 to 17,0.0
15534,2011,E01000971,2011 super output areas - lower layer,298,Age 18 to 19,0.0
15535,2011,E01000971,2011 super output areas - lower layer,298,Age 20 to 24,0.0
15536,2011,E01000971,2011 super output areas - lower layer,298,Age 25 to 29,0.0
15537,2011,E01000971,2011 super output areas - lower layer,298,Age 30 to 44,0.0
15538,2011,E01000971,2011 super output areas - lower layer,298,Age 45 to 59,0.0
15539,2011,E01000971,2011 super output areas - lower layer,298,Age 60 to 64,0.0
15540,2011,E01000971,2011 super output areas - lower layer,298,Age 65 to 74,0.0
15541,2011,E01000971,2011 super output areas - lower layer,298,Age 75 to 84,0.0
15542,2011,E01000971,2011 super output areas - lower layer,298,Age 85 to 89,0.0
15543,2011,E01000971,2011 super output areas - lower layer,298,Age 90 and over,0.0
15544,2011,E01000971,2011 super output areas - lower layer,298,Mean Age,
15545,2011,E01000971,2011 super output areas - lower layer,298,Median Age,0.5
15546,2011,E01000971,2011 super output areas - lower layer,298,All usual residents,0.0
15547,2011,E01000971,2011 super output areas - lower layer,298,Age 0 to 4,0.0
15548,2011,E01000971,2011 super output areas - lower layer,298,Age 5 to 7,0.0
15549,2011,E01000971,2011 super output areas - lower layer,298,Age 8 to 9,0.0
15550,2011,E01000971,2011 super output areas - lower layer,298,Age 10 to 14,0.0
15551,2011,E01000971,2011 super output areas - lower layer,298,Age 15,0.0
15552,2011,E01000971,2011 super output areas - lower layer,298,Age 16 to 17,0.0
15553,2011,E01000971,2011 super output areas - lower layer,298,Age 18 to 19,0.0
15554,2011,E01000971,2011 super output areas - lower layer,298,Age 20 to 24,0.0
15555,2011,E01000971,2011 super output areas - lower layer,298,Age 25 to 29,0.0
15556,2011,E01000971,2011 super output areas - lower layer,298,Age 30 to 44,0.0
15557,2011,E01000971,2011 super output areas - lower layer,298,Age 45 to 59,0.0
15558,2011,E01000971,2011 super output areas - lower layer,298,Age 60 to 64,0.0
15559,2011,E01000971,2011 super output areas - lower layer,298,Age 65 to 74,0.0
15560,2011,E01000971,2011 super output areas - lower layer,298,Age 75 to 84,0.0
15561,2011,E01000971,2011 super output areas - lower layer,298,Age 85 to 89,0.0
15562,2011,E01000971,2011 super output areas - lower layer,298,Age 90 and over,0.0
15563,2011,E01000971,2011 super output areas - lower layer,298,Mean Age,
15564,2011,E01000971,2011 super output areas - lower layer,298,Median Age,0.5
15565,2011,E01000972,2011 super output areas - lower layer,298,All usual residents,2009.0
15566,2011,E01000972,2011 super output areas - lower layer,298,Age 0 to 4,110.0
15567,2011,E01000972,2011 super output areas - lower layer,298,Age 5 to 7,62.0
15568,2011,E01000972,2011 super output areas - lower layer,298,Age 8 to 9,43.0
15569,2011,E01000972,2011 super output areas - lower layer,298,Age 10 to 14,95.0
15570,2011,E01000972,2011 super output areas - lower layer,298,Age 15,23.0
15571,2011,E01000972,2011 super output areas - lower layer,298,Age 16 to 17,43.0
15572,2011,E01000972,2011 super output areas - lower layer,298,Age 18 to 19,56.0
15573,2011,E01000972,2011 super output areas - lower layer,298,Age 20 to 24,158.0
15574,2011,E01000972,2011 super output areas - lower layer,298,Age 25 to 29,271.0
15575,2011,E01000972,2011 super output areas - lower layer,298,Age 30 to 44,570.0
15576,2011,E01000972,2011 super output areas - lower layer,298,Age 45 to 59,309.0
15577,2011,E01000972,2011 super output areas - lower layer,298,Age 60 to 64,82.0
15578,2011,E01000972,2011 super output areas - lower layer,298,Age 65 to 74,122.0
15579,2011,E01000972,2011 super output areas - lower layer,298,Age 75 to 84,51.0
15580,2011,E01000972,2011 super output areas - lower layer,298,Age 85 to 89,9.0
15581,2011,E01000972,2011 super output areas - lower layer,298,Age 90 and over,5.0
15582,2011,E01000972,2011 super output areas - lower layer,298,Mean Age,34.9
15583,2011,E01000972,2011 super output areas - lower layer,298,Median Age,32.0
15584,2011,E01000972,2011 super output areas - lower layer,298,All usual residents,0.0
15585,2011,E01000972,2011 super output areas - lower layer,298,Age 0 to 4,0.0
15586,2011,E01000972,2011 super output areas - lower layer,298,Age 5 to 7,0.0
15587,2011,E01000972,2011 super output areas - lower layer,298,Age 8 to 9,0.0
15588,2011,E01000972,2011 super output areas - lower layer,298,Age 10 to 14,0.0
15589,2011,E01000972,2011 super output areas - lower layer,298,Age 15,0.0
15590,2011,E01000972,2011 super output areas - lower layer,298,Age 16 to 17,0.0
15591,2011,E01000972,2011 super output areas - lower layer,298,Age 18 to 19,0.0
15592,2011,E01000972,2011 super output areas - lower layer,298,Age 20 to 24,0.0
15593,2011,E01000972,2011 super output areas - lower layer,298,Age 25 to 29,0.0
15594,2011,E01000972,2011 super output areas - lower layer,298,Age 30 to 44,0.0
15595,2011,E01000972,2011 super output areas - lower layer,298,Age 45 to 59,0.0
15596,2011,E01000972,2011 super output areas - lower layer,298,Age 60 to 64,0.0
15597,2011,E01000972,2011 super output areas - lower layer,298,Age 65 to 74,0.0
15598,2011,E01000972,2011 super output areas - lower layer,298,Age 75 to 84,0.0
15599,2011,E01000972,2011 super output areas - lower layer,298,Age 85 to 89,0.0
15600,2011,E01000972,2011 super output areas - lower layer,298,Age 90 and over,0.0
15601,2011,E01000972,2011 super output areas - lower layer,298,Mean Age,
15602,2011,E01000972,2011 super output areas - lower layer,298,Median Age,0.5
15603,2011,E01000972,2011 super output areas - lower layer,298,All usual residents,0.0
15604,2011,E01000972,2011 super output areas - lower layer,298,Age 0 to 4,0.0
15605,2011,E01000972,2011 super output areas - lower layer,298,Age 5 to 7,0.0
15606,2011,E01000972,2011 super output areas - lower layer,298,Age 8 to 9,0.0
15607,2011,E01000972,2011 super output areas - lower layer,298,Age 10 to 14,0.0
15608,2011,E01000972,2011 super output areas - lower layer,298,Age 15,0.0
15609,2011,E01000972,2011 super output areas - lower layer,298,Age 16 to 17,0.0
15610,2011,E01000972,2011 super output areas - lower layer,298,Age 18 to 19,0.0
15611,2011,E01000972,2011 super output areas - lower layer,298,Age 20 to 24,0.0
15612,2011,E01000972,2011 super output areas - lower layer,298,Age 25 to 29,0.0
15613,2011,E01000972,2011 super output areas - lower layer,298,Age 30 to 44,0.0
15614,2011,E01000972,2011 super output areas - lower layer,298,Age 45 to 59,0.0
15615,2011,E01000972,2011 super output areas - lower layer,298,Age 60 to 64,0.0
15616,2011,E01000972,2011 super output areas - lower layer,298,Age 65 to 74,0.0
15617,2011,E01000972,2011 super output areas - lower layer,298,Age 75 to 84,0.0
15618,2011,E01000972,2011 super output areas - lower layer,298,Age 85 to 89,0.0
15619,2011,E01000972,2011 super output areas - lower layer,298,Age 90 and over,0.0
15620,2011,E01000972,2011 super output areas - lower layer,298,Mean Age,
15621,2011,E01000972,2011 super output areas - lower layer,298,Median Age,0.5
15622,2011,E01000972,2011 super output areas - lower layer,298,All usual residents,0.0
15623,2011,E01000972,2011 super output areas - lower layer,298,Age 0 to 4,0.0
15624,2011,E01000972,2011 super output areas - lower layer,298,Age 5 to 7,0.0
15625,2011,E01000972,2011 super output areas - lower layer,298,Age 8 to 9,0.0
15626,2011,E01000972,2011 super output areas - lower layer,298,Age 10 to 14,0.0
15627,2011,E01000972,2011 super output areas - lower layer,298,Age 15,0.0
15628,2011,E01000972,2011 super output areas - lower layer,298,Age 16 to 17,0.0
15629,2011,E01000972,2011 super output areas - lower layer,298,Age 18 to 19,0.0
15630,2011,E01000972,2011 super output areas - lower layer,298,Age 20 to 24,0.0
15631,2011,E01000972,2011 super output areas - lower layer,298,Age 25 to 29,0.0
15632,2011,E01000972,2011 super output areas - lower layer,298,Age 30 to 44,0.0
15633,2011,E01000972,2011 super output areas - lower layer,298,Age 45 to 59,0.0
15634,2011,E01000972,2011 super output areas - lower layer,298,Age 60 to 64,0.0
15635,2011,E01000972,2011 super output areas - lower layer,298,Age 65 to 74,0.0
15636,2011,E01000972,2011 super output areas - lower layer,298,Age 75 to 84,0.0
15637,2011,E01000972,2011 super output areas - lower layer,298,Age 85 to 89,0.0
15638,2011,E01000972,2011 super output areas - lower layer,298,Age 90 and over,0.0
15639,2011,E01000972,2011 super output areas - lower layer,298,Mean Age,
15640,2011,E01000972,2011 super output areas - lower layer,298,Median Age,0.5
15641,2011,E01000972,2011 super output areas - lower layer,298,All usual residents,0.0
15642,2011,E01000972,2011 super output areas - lower layer,298,Age 0 to 4,0.0
15643,2011,E01000972,2011 super output areas - lower layer,298,Age 5 to 7,0.0
15644,2011,E01000972,2011 super output areas - lower layer,298,Age 8 to 9,0.0
15645,2011,E01000972,2011 super output areas - lower layer,298,Age 10 to 14,0.0
15646,2011,E01000972,2011 super output areas - lower layer,298,Age 15,0.0
15647,2011,E01000972,2011 super output areas - lower layer,298,Age 16 to 17,0.0
15648,2011,E01000972,2011 super output areas - lower layer,298,Age 18 to 19,0.0
15649,2011,E01000972,2011 super output areas - lower layer,298,Age 20 to 24,0.0
15650,2011,E01000972,2011 super output areas - lower layer,298,Age 25 to 29,0.0
15651,2011,E01000972,2011 super output areas - lower layer,298,Age 30 to 44,0.0
15652,2011,E01000972,2011 super output areas - lower layer,298,Age 45 to 59,0.0
15653,2011,E01000972,2011 super output areas - lower layer,298,Age 60 to 64,0.0
15654,2011,E01000972,2011 super output areas - lower layer,298,Age 65 to 74,0.0
15655,2011,E01000972,2011 super output areas - lower layer,298,Age 75 to 84,0.0
15656,2011,E01000972,2011 super output areas - lower layer,298,Age 85 to 89,0.0
15657,2011,E01000972,2011 super output areas - lower layer,298,Age 90 and over,0.0
15658,2011,E01000972,2011 super output areas - lower layer,298,Mean Age,
15659,2011,E01000972,2011 super output areas - lower layer,298,Median Age,0.5
15660,2011,E01000972,2011 super output areas - lower layer,298,All usual residents,0.0
15661,2011,E01000972,2011 super output areas - lower layer,298,Age 0 to 4,0.0
15662,2011,E01000972,2011 super output areas - lower layer,298,Age 5 to 7,0.0
15663,2011,E01000972,2011 super output areas - lower layer,298,Age 8 to 9,0.0
15664,2011,E01000972,2011 super output areas - lower layer,298,Age 10 to 14,0.0
15665,2011,E01000972,2011 super output areas - lower layer,298,Age 15,0.0
15666,2011,E01000972,2011 super output areas - lower layer,298,Age 16 to 17,0.0
15667,2011,E01000972,2011 super output areas - lower layer,298,Age 18 to 19,0.0
15668,2011,E01000972,2011 super output areas - lower layer,298,Age 20 to 24,0.0
15669,2011,E01000972,2011 super output areas - lower layer,298,Age 25 to 29,0.0
15670,2011,E01000972,2011 super output areas - lower layer,298,Age 30 to 44,0.0
15671,2011,E01000972,2011 super output areas - lower layer,298,Age 45 to 59,0.0
15672,2011,E01000972,2011 super output areas - lower layer,298,Age 60 to 64,0.0
15673,2011,E01000972,2011 super output areas - lower layer,298,Age 65 to 74,0.0
15674,2011,E01000972,2011 super output areas - lower layer,298,Age 75 to 84,0.0
15675,2011,E01000972,2011 super output areas - lower layer,298,Age 85 to 89,0.0
15676,2011,E01000972,2011 super output areas - lower layer,298,Age 90 and over,0.0
15677,2011,E01000972,2011 super output areas - lower layer,298,Mean Age,
15678,2011,E01000972,2011 super output areas - lower layer,298,Median Age,0.5
15679,2011,E01000972,2011 super output areas - lower layer,298,All usual residents,0.0
15680,2011,E01000972,2011 super output areas - lower layer,298,Age 0 to 4,0.0
15681,2011,E01000972,2011 super output areas - lower layer,298,Age 5 to 7,0.0
15682,2011,E01000972,2011 super output areas - lower layer,298,Age 8 to 9,0.0
15683,2011,E01000972,2011 super output areas - lower layer,298,Age 10 to 14,0.0
15684,2011,E01000972,2011 super output areas - lower layer,298,Age 15,0.0
15685,2011,E01000972,2011 super output areas - lower layer,298,Age 16 to 17,0.0
15686,2011,E01000972,2011 super output areas - lower layer,298,Age 18 to 19,0.0
15687,2011,E01000972,2011 super output areas - lower layer,298,Age 20 to 24,0.0
15688,2011,E01000972,2011 super output areas - lower layer,298,Age 25 to 29,0.0
15689,2011,E01000972,2011 super output areas - lower layer,298,Age 30 to 44,0.0
15690,2011,E01000972,2011 super output areas - lower layer,298,Age 45 to 59,0.0
15691,2011,E01000972,2011 super output areas - lower layer,298,Age 60 to 64,0.0
15692,2011,E01000972,2011 super output areas - lower layer,298,Age 65 to 74,0.0
15693,2011,E01000972,2011 super output areas - lower layer,298,Age 75 to 84,0.0
15694,2011,E01000972,2011 super output areas - lower layer,298,Age 85 to 89,0.0
15695,2011,E01000972,2011 super output areas - lower layer,298,Age 90 and over,0.0
15696,2011,E01000972,2011 super output areas - lower layer,298,Mean Age,
15697,2011,E01000972,2011 super output areas - lower layer,298,Median Age,0.5
15698,2011,E01000972,2011 super output areas - lower layer,298,All usual residents,0.0
15699,2011,E01000972,2011 super output areas - lower layer,298,Age 0 to 4,0.0
15700,2011,E01000972,2011 super output areas - lower layer,298,Age 5 to 7,0.0
15701,2011,E01000972,2011 super output areas - lower layer,298,Age 8 to 9,0.0
15702,2011,E01000972,2011 super output areas - lower layer,298,Age 10 to 14,0.0
15703,2011,E01000972,2011 super output areas - lower layer,298,Age 15,0.0
15704,2011,E01000972,2011 super output areas - lower layer,298,Age 16 to 17,0.0
15705,2011,E01000972,2011 super output areas - lower layer,298,Age 18 to 19,0.0
15706,2011,E01000972,2011 super output areas - lower layer,298,Age 20 to 24,0.0
15707,2011,E01000972,2011 super output areas - lower layer,298,Age 25 to 29,0.0
15708,2011,E01000972,2011 super output areas - lower layer,298,Age 30 to 44,0.0
15709,2011,E01000972,2011 super output areas - lower layer,298,Age 45 to 59,0.0
15710,2011,E01000972,2011 super output areas - lower layer,298,Age 60 to 64,0.0
15711,2011,E01000972,2011 super output areas - lower layer,298,Age 65 to 74,0.0
15712,2011,E01000972,2011 super output areas - lower layer,298,Age 75 to 84,0.0
15713,2011,E01000972,2011 super output areas - lower layer,298,Age 85 to 89,0.0
15714,2011,E01000972,2011 super output areas - lower layer,298,Age 90 and over,0.0
15715,2011,E01000972,2011 super output areas - lower layer,298,Mean Age,
15716,2011,E01000972,2011 super output areas - lower layer,298,Median Age,0.5
15717,2011,E01000972,2011 super output areas - lower layer,298,All usual residents,0.0
15718,2011,E01000972,2011 super output areas - lower layer,298,Age 0 to 4,0.0
15719,2011,E01000972,2011 super output areas - lower layer,298,Age 5 to 7,0.0
15720,2011,E01000972,2011 super output areas - lower layer,298,Age 8 to 9,0.0
15721,2011,E01000972,2011 super output areas - lower layer,298,Age 10 to 14,0.0
15722,2011,E01000972,2011 super output areas - lower layer,298,Age 15,0.0
15723,2011,E01000972,2011 super output areas - lower layer,298,Age 16 to 17,0.0
15724,2011,E01000972,2011 super output areas - lower layer,298,Age 18 to 19,0.0
15725,2011,E01000972,2011 super output areas - lower layer,298,Age 20 to 24,0.0
15726,2011,E01000972,2011 super output areas - lower layer,298,Age 25 to 29,0.0
15727,2011,E01000972,2011 super output areas - lower layer,298,Age 30 to 44,0.0
15728,2011,E01000972,2011 super output areas - lower layer,298,Age 45 to 59,0.0
15729,2011,E01000972,2011 super output areas - lower layer,298,Age 60 to 64,0.0
15730,2011,E01000972,2011 super output areas - lower layer,298,Age 65 to 74,0.0
15731,2011,E01000972,2011 super output areas - lower layer,298,Age 75 to 84,0.0
15732,2011,E01000972,2011 super output areas - lower layer,298,Age 85 to 89,0.0
15733,2011,E01000972,2011 super output areas - lower layer,298,Age 90 and over,0.0
15734,2011,E01000972,2011 super output areas - lower layer,298,Mean Age,
15735,2011,E01000972,2011 super output areas - lower layer,298,Median Age,0.5
15736,2011,E01000972,2011 super output areas - lower layer,298,All usual residents,0.0
15737,2011,E01000972,2011 super output areas - lower layer,298,Age 0 to 4,0.0
15738,2011,E01000972,2011 super output areas - lower layer,298,Age 5 to 7,0.0
15739,2011,E01000972,2011 super output areas - lower layer,298,Age 8 to 9,0.0
15740,2011,E01000972,2011 super output areas - lower layer,298,Age 10 to 14,0.0
15741,2011,E01000972,2011 super output areas - lower layer,298,Age 15,0.0
15742,2011,E01000972,2011 super output areas - lower layer,298,Age 16 to 17,0.0
15743,2011,E01000972,2011 super output areas - lower layer,298,Age 18 to 19,0.0
15744,2011,E01000972,2011 super output areas - lower layer,298,Age 20 to 24,0.0
15745,2011,E01000972,2011 super output areas - lower layer,298,Age 25 to 29,0.0
15746,2011,E01000972,2011 super output areas - lower layer,298,Age 30 to 44,0.0
15747,2011,E01000972,2011 super output areas - lower layer,298,Age 45 to 59,0.0
15748,2011,E01000972,2011 super output areas - lower layer,298,Age 60 to 64,0.0
15749,2011,E01000972,2011 super output areas - lower layer,298,Age 65 to 74,0.0
15750,2011,E01000972,2011 super output areas - lower layer,298,Age 75 to 84,0.0
15751,2011,E01000972,2011 super output areas - lower layer,298,Age 85 to 89,0.0
15752,2011,E01000972,2011 super output areas - lower layer,298,Age 90 and over,0.0
15753,2011,E01000972,2011 super output areas - lower layer,298,Mean Age,
15754,2011,E01000972,2011 super output areas - lower layer,298,Median Age,0.5
15755,2011,E01000972,2011 super output areas - lower layer,298,All usual residents,0.0
15756,2011,E01000972,2011 super output areas - lower layer,298,Age 0 to 4,0.0
15757,2011,E01000972,2011 super output areas - lower layer,298,Age 5 to 7,0.0
15758,2011,E01000972,2011 super output areas - lower layer,298,Age 8 to 9,0.0
15759,2011,E01000972,2011 super output areas - lower layer,298,Age 10 to 14,0.0
15760,2011,E01000972,2011 super output areas - lower layer,298,Age 15,0.0
15761,2011,E01000972,2011 super output areas - lower layer,298,Age 16 to 17,0.0
15762,2011,E01000972,2011 super output areas - lower layer,298,Age 18 to 19,0.0
15763,2011,E01000972,2011 super output areas - lower layer,298,Age 20 to 24,0.0
15764,2011,E01000972,2011 super output areas - lower layer,298,Age 25 to 29,0.0
15765,2011,E01000972,2011 super output areas - lower layer,298,Age 30 to 44,0.0
15766,2011,E01000972,2011 super output areas - lower layer,298,Age 45 to 59,0.0
15767,2011,E01000972,2011 super output areas - lower layer,298,Age 60 to 64,0.0
15768,2011,E01000972,2011 super output areas - lower layer,298,Age 65 to 74,0.0
15769,2011,E01000972,2011 super output areas - lower layer,298,Age 75 to 84,0.0
15770,2011,E01000972,2011 super output areas - lower layer,298,Age 85 to 89,0.0
15771,2011,E01000972,2011 super output areas - lower layer,298,Age 90 and over,0.0
15772,2011,E01000972,2011 super output areas - lower layer,298,Mean Age,
15773,2011,E01000972,2011 super output areas - lower layer,298,Median Age,0.5
15774,2011,E01000972,2011 super output areas - lower layer,298,All usual residents,0.0
15775,2011,E01000972,2011 super output areas - lower layer,298,Age 0 to 4,0.0
15776,2011,E01000972,2011 super output areas - lower layer,298,Age 5 to 7,0.0
15777,2011,E01000972,2011 super output areas - lower layer,298,Age 8 to 9,0.0
15778,2011,E01000972,2011 super output areas - lower layer,298,Age 10 to 14,0.0
15779,2011,E01000972,2011 super output areas - lower layer,298,Age 15,0.0
15780,2011,E01000972,2011 super output areas - lower layer,298,Age 16 to 17,0.0
15781,2011,E01000972,2011 super output areas - lower layer,298,Age 18 to 19,0.0
15782,2011,E01000972,2011 super output areas - lower layer,298,Age 20 to 24,0.0
15783,2011,E01000972,2011 super output areas - lower layer,298,Age 25 to 29,0.0
15784,2011,E01000972,2011 super output areas - lower layer,298,Age 30 to 44,0.0
15785,2011,E01000972,2011 super output areas - lower layer,298,Age 45 to 59,0.0
15786,2011,E01000972,2011 super output areas - lower layer,298,Age 60 to 64,0.0
15787,2011,E01000972,2011 super output areas - lower layer,298,Age 65 to 74,0.0
15788,2011,E01000972,2011 super output areas - lower layer,298,Age 75 to 84,0.0
15789,2011,E01000972,2011 super output areas - lower layer,298,Age 85 to 89,0.0
15790,2011,E01000972,2011 super output areas - lower layer,298,Age 90 and over,0.0
15791,2011,E01000972,2011 super output areas - lower layer,298,Mean Age,
15792,2011,E01000972,2011 super output areas - lower layer,298,Median Age,0.5
15793,2011,E01000972,2011 super output areas - lower layer,298,All usual residents,0.0
15794,2011,E01000972,2011 super output areas - lower layer,298,Age 0 to 4,0.0
15795,2011,E01000972,2011 super output areas - lower layer,298,Age 5 to 7,0.0
15796,2011,E01000972,2011 super output areas - lower layer,298,Age 8 to 9,0.0
15797,2011,E01000972,2011 super output areas - lower layer,298,Age 10 to 14,0.0
15798,2011,E01000972,2011 super output areas - lower layer,298,Age 15,0.0
15799,2011,E01000972,2011 super output areas - lower layer,298,Age 16 to 17,0.0
15800,2011,E01000972,2011 super output areas - lower layer,298,Age 18 to 19,0.0
15801,2011,E01000972,2011 super output areas - lower layer,298,Age 20 to 24,0.0
15802,2011,E01000972,2011 super output areas - lower layer,298,Age 25 to 29,0.0
15803,2011,E01000972,2011 super output areas - lower layer,298,Age 30 to 44,0.0
15804,2011,E01000972,2011 super output areas - lower layer,298,Age 45 to 59,0.0
15805,2011,E01000972,2011 super output areas - lower layer,298,Age 60 to 64,0.0
15806,2011,E01000972,2011 super output areas - lower layer,298,Age 65 to 74,0.0
15807,2011,E01000972,2011 super output areas - lower layer,298,Age 75 to 84,0.0
15808,2011,E01000972,2011 super output areas - lower layer,298,Age 85 to 89,0.0
15809,2011,E01000972,2011 super output areas - lower layer,298,Age 90 and over,0.0
15810,2011,E01000972,2011 super output areas - lower layer,298,Mean Age,
15811,2011,E01000972,2011 super output areas - lower layer,298,Median Age,0.5
15812,2011,E01000973,2011 super output areas - lower layer,298,All usual residents,1885.0
15813,2011,E01000973,2011 super output areas - lower layer,298,Age 0 to 4,90.0
15814,2011,E01000973,2011 super output areas - lower layer,298,Age 5 to 7,42.0
15815,2011,E01000973,2011 super output areas - lower layer,298,Age 8 to 9,24.0
15816,2011,E01000973,2011 super output areas - lower layer,298,Age 10 to 14,61.0
15817,2011,E01000973,2011 super output areas - lower layer,298,Age 15,14.0
15818,2011,E01000973,2011 super output areas - lower layer,298,Age 16 to 17,28.0
15819,2011,E01000973,2011 super output areas - lower layer,298,Age 18 to 19,36.0
15820,2011,E01000973,2011 super output areas - lower layer,298,Age 20 to 24,150.0
15821,2011,E01000973,2011 super output areas - lower layer,298,Age 25 to 29,408.0
15822,2011,E01000973,2011 super output areas - lower layer,298,Age 30 to 44,620.0
15823,2011,E01000973,2011 super output areas - lower layer,298,Age 45 to 59,222.0
15824,2011,E01000973,2011 super output areas - lower layer,298,Age 60 to 64,64.0
15825,2011,E01000973,2011 super output areas - lower layer,298,Age 65 to 74,85.0
15826,2011,E01000973,2011 super output areas - lower layer,298,Age 75 to 84,31.0
15827,2011,E01000973,2011 super output areas - lower layer,298,Age 85 to 89,5.0
15828,2011,E01000973,2011 super output areas - lower layer,298,Age 90 and over,5.0
15829,2011,E01000973,2011 super output areas - lower layer,298,Mean Age,33.6
15830,2011,E01000973,2011 super output areas - lower layer,298,Median Age,31.0
15831,2011,E01000973,2011 super output areas - lower layer,298,All usual residents,0.0
15832,2011,E01000973,2011 super output areas - lower layer,298,Age 0 to 4,0.0
15833,2011,E01000973,2011 super output areas - lower layer,298,Age 5 to 7,0.0
15834,2011,E01000973,2011 super output areas - lower layer,298,Age 8 to 9,0.0
15835,2011,E01000973,2011 super output areas - lower layer,298,Age 10 to 14,0.0
15836,2011,E01000973,2011 super output areas - lower layer,298,Age 15,0.0
15837,2011,E01000973,2011 super output areas - lower layer,298,Age 16 to 17,0.0
15838,2011,E01000973,2011 super output areas - lower layer,298,Age 18 to 19,0.0
15839,2011,E01000973,2011 super output areas - lower layer,298,Age 20 to 24,0.0
15840,2011,E01000973,2011 super output areas - lower layer,298,Age 25 to 29,0.0
15841,2011,E01000973,2011 super output areas - lower layer,298,Age 30 to 44,0.0
15842,2011,E01000973,2011 super output areas - lower layer,298,Age 45 to 59,0.0
15843,2011,E01000973,2011 super output areas - lower layer,298,Age 60 to 64,0.0
15844,2011,E01000973,2011 super output areas - lower layer,298,Age 65 to 74,0.0
15845,2011,E01000973,2011 super output areas - lower layer,298,Age 75 to 84,0.0
15846,2011,E01000973,2011 super output areas - lower layer,298,Age 85 to 89,0.0
15847,2011,E01000973,2011 super output areas - lower layer,298,Age 90 and over,0.0
15848,2011,E01000973,2011 super output areas - lower layer,298,Mean Age,
15849,2011,E01000973,2011 super output areas - lower layer,298,Median Age,0.5
15850,2011,E01000973,2011 super output areas - lower layer,298,All usual residents,0.0
15851,2011,E01000973,2011 super output areas - lower layer,298,Age 0 to 4,0.0
15852,2011,E01000973,2011 super output areas - lower layer,298,Age 5 to 7,0.0
15853,2011,E01000973,2011 super output areas - lower layer,298,Age 8 to 9,0.0
15854,2011,E01000973,2011 super output areas - lower layer,298,Age 10 to 14,0.0
15855,2011,E01000973,2011 super output areas - lower layer,298,Age 15,0.0
15856,2011,E01000973,2011 super output areas - lower layer,298,Age 16 to 17,0.0
15857,2011,E01000973,2011 super output areas - lower layer,298,Age 18 to 19,0.0
15858,2011,E01000973,2011 super output areas - lower layer,298,Age 20 to 24,0.0
15859,2011,E01000973,2011 super output areas - lower layer,298,Age 25 to 29,0.0
15860,2011,E01000973,2011 super output areas - lower layer,298,Age 30 to 44,0.0
15861,2011,E01000973,2011 super output areas - lower layer,298,Age 45 to 59,0.0
15862,2011,E01000973,2011 super output areas - lower layer,298,Age 60 to 64,0.0
15863,2011,E01000973,2011 super output areas - lower layer,298,Age 65 to 74,0.0
15864,2011,E01000973,2011 super output areas - lower layer,298,Age 75 to 84,0.0
15865,2011,E01000973,2011 super output areas - lower layer,298,Age 85 to 89,0.0
15866,2011,E01000973,2011 super output areas - lower layer,298,Age 90 and over,0.0
15867,2011,E01000973,2011 super output areas - lower layer,298,Mean Age,
15868,2011,E01000973,2011 super output areas - lower layer,298,Median Age,0.5
15869,2011,E01000973,2011 super output areas - lower layer,298,All usual residents,0.0
15870,2011,E01000973,2011 super output areas - lower layer,298,Age 0 to 4,0.0
15871,2011,E01000973,2011 super output areas - lower layer,298,Age 5 to 7,0.0
15872,2011,E01000973,2011 super output areas - lower layer,298,Age 8 to 9,0.0
15873,2011,E01000973,2011 super output areas - lower layer,298,Age 10 to 14,0.0
15874,2011,E01000973,2011 super output areas - lower layer,298,Age 15,0.0
15875,2011,E01000973,2011 super output areas - lower layer,298,Age 16 to 17,0.0
15876,2011,E01000973,2011 super output areas - lower layer,298,Age 18 to 19,0.0
15877,2011,E01000973,2011 super output areas - lower layer,298,Age 20 to 24,0.0
15878,2011,E01000973,2011 super output areas - lower layer,298,Age 25 to 29,0.0
15879,2011,E01000973,2011 super output areas - lower layer,298,Age 30 to 44,0.0
15880,2011,E01000973,2011 super output areas - lower layer,298,Age 45 to 59,0.0
15881,2011,E01000973,2011 super output areas - lower layer,298,Age 60 to 64,0.0
15882,2011,E01000973,2011 super output areas - lower layer,298,Age 65 to 74,0.0
15883,2011,E01000973,2011 super output areas - lower layer,298,Age 75 to 84,0.0
15884,2011,E01000973,2011 super output areas - lower layer,298,Age 85 to 89,0.0
15885,2011,E01000973,2011 super output areas - lower layer,298,Age 90 and over,0.0
15886,2011,E01000973,2011 super output areas - lower layer,298,Mean Age,
15887,2011,E01000973,2011 super output areas - lower layer,298,Median Age,0.5
15888,2011,E01000973,2011 super output areas - lower layer,298,All usual residents,0.0
15889,2011,E01000973,2011 super output areas - lower layer,298,Age 0 to 4,0.0
15890,2011,E01000973,2011 super output areas - lower layer,298,Age 5 to 7,0.0
15891,2011,E01000973,2011 super output areas - lower layer,298,Age 8 to 9,0.0
15892,2011,E01000973,2011 super output areas - lower layer,298,Age 10 to 14,0.0
15893,2011,E01000973,2011 super output areas - lower layer,298,Age 15,0.0
15894,2011,E01000973,2011 super output areas - lower layer,298,Age 16 to 17,0.0
15895,2011,E01000973,2011 super output areas - lower layer,298,Age 18 to 19,0.0
15896,2011,E01000973,2011 super output areas - lower layer,298,Age 20 to 24,0.0
15897,2011,E01000973,2011 super output areas - lower layer,298,Age 25 to 29,0.0
15898,2011,E01000973,2011 super output areas - lower layer,298,Age 30 to 44,0.0
15899,2011,E01000973,2011 super output areas - lower layer,298,Age 45 to 59,0.0
15900,2011,E01000973,2011 super output areas - lower layer,298,Age 60 to 64,0.0
15901,2011,E01000973,2011 super output areas - lower layer,298,Age 65 to 74,0.0
15902,2011,E01000973,2011 super output areas - lower layer,298,Age 75 to 84,0.0
15903,2011,E01000973,2011 super output areas - lower layer,298,Age 85 to 89,0.0
15904,2011,E01000973,2011 super output areas - lower layer,298,Age 90 and over,0.0
15905,2011,E01000973,2011 super output areas - lower layer,298,Mean Age,
15906,2011,E01000973,2011 super output areas - lower layer,298,Median Age,0.5
15907,2011,E01000973,2011 super output areas - lower layer,298,All usual residents,0.0
15908,2011,E01000973,2011 super output areas - lower layer,298,Age 0 to 4,0.0
15909,2011,E01000973,2011 super output areas - lower layer,298,Age 5 to 7,0.0
15910,2011,E01000973,2011 super output areas - lower layer,298,Age 8 to 9,0.0
15911,2011,E01000973,2011 super output areas - lower layer,298,Age 10 to 14,0.0
15912,2011,E01000973,2011 super output areas - lower layer,298,Age 15,0.0
15913,2011,E01000973,2011 super output areas - lower layer,298,Age 16 to 17,0.0
15914,2011,E01000973,2011 super output areas - lower layer,298,Age 18 to 19,0.0
15915,2011,E01000973,2011 super output areas - lower layer,298,Age 20 to 24,0.0
15916,2011,E01000973,2011 super output areas - lower layer,298,Age 25 to 29,0.0
15917,2011,E01000973,2011 super output areas - lower layer,298,Age 30 to 44,0.0
15918,2011,E01000973,2011 super output areas - lower layer,298,Age 45 to 59,0.0
15919,2011,E01000973,2011 super output areas - lower layer,298,Age 60 to 64,0.0
15920,2011,E01000973,2011 super output areas - lower layer,298,Age 65 to 74,0.0
15921,2011,E01000973,2011 super output areas - lower layer,298,Age 75 to 84,0.0
15922,2011,E01000973,2011 super output areas - lower layer,298,Age 85 to 89,0.0
15923,2011,E01000973,2011 super output areas - lower layer,298,Age 90 and over,0.0
15924,2011,E01000973,2011 super output areas - lower layer,298,Mean Age,
15925,2011,E01000973,2011 super output areas - lower layer,298,Median Age,0.5
15926,2011,E01000973,2011 super output areas - lower layer,298,All usual residents,0.0
15927,2011,E01000973,2011 super output areas - lower layer,298,Age 0 to 4,0.0
15928,2011,E01000973,2011 super output areas - lower layer,298,Age 5 to 7,0.0
15929,2011,E01000973,2011 super output areas - lower layer,298,Age 8 to 9,0.0
15930,2011,E01000973,2011 super output areas - lower layer,298,Age 10 to 14,0.0
15931,2011,E01000973,2011 super output areas - lower layer,298,Age 15,0.0
15932,2011,E01000973,2011 super output areas - lower layer,298,Age 16 to 17,0.0
15933,2011,E01000973,2011 super output areas - lower layer,298,Age 18 to 19,0.0
15934,2011,E01000973,2011 super output areas - lower layer,298,Age 20 to 24,0.0
15935,2011,E01000973,2011 super output areas - lower layer,298,Age 25 to 29,0.0
15936,2011,E01000973,2011 super output areas - lower layer,298,Age 30 to 44,0.0
15937,2011,E01000973,2011 super output areas - lower layer,298,Age 45 to 59,0.0
15938,2011,E01000973,2011 super output areas - lower layer,298,Age 60 to 64,0.0
15939,2011,E01000973,2011 super output areas - lower layer,298,Age 65 to 74,0.0
15940,2011,E01000973,2011 super output areas - lower layer,298,Age 75 to 84,0.0
15941,2011,E01000973,2011 super output areas - lower layer,298,Age 85 to 89,0.0
15942,2011,E01000973,2011 super output areas - lower layer,298,Age 90 and over,0.0
15943,2011,E01000973,2011 super output areas - lower layer,298,Mean Age,
15944,2011,E01000973,2011 super output areas - lower layer,298,Median Age,0.5
15945,2011,E01000973,2011 super output areas - lower layer,298,All usual residents,0.0
15946,2011,E01000973,2011 super output areas - lower layer,298,Age 0 to 4,0.0
15947,2011,E01000973,2011 super output areas - lower layer,298,Age 5 to 7,0.0
15948,2011,E01000973,2011 super output areas - lower layer,298,Age 8 to 9,0.0
15949,2011,E01000973,2011 super output areas - lower layer,298,Age 10 to 14,0.0
15950,2011,E01000973,2011 super output areas - lower layer,298,Age 15,0.0
15951,2011,E01000973,2011 super output areas - lower layer,298,Age 16 to 17,0.0
15952,2011,E01000973,2011 super output areas - lower layer,298,Age 18 to 19,0.0
15953,2011,E01000973,2011 super output areas - lower layer,298,Age 20 to 24,0.0
15954,2011,E01000973,2011 super output areas - lower layer,298,Age 25 to 29,0.0
15955,2011,E01000973,2011 super output areas - lower layer,298,Age 30 to 44,0.0
15956,2011,E01000973,2011 super output areas - lower layer,298,Age 45 to 59,0.0
15957,2011,E01000973,2011 super output areas - lower layer,298,Age 60 to 64,0.0
15958,2011,E01000973,2011 super output areas - lower layer,298,Age 65 to 74,0.0
15959,2011,E01000973,2011 super output areas - lower layer,298,Age 75 to 84,0.0
15960,2011,E01000973,2011 super output areas - lower layer,298,Age 85 to 89,0.0
15961,2011,E01000973,2011 super output areas - lower layer,298,Age 90 and over,0.0
15962,2011,E01000973,2011 super output areas - lower layer,298,Mean Age,
15963,2011,E01000973,2011 super output areas - lower layer,298,Median Age,0.5
15964,2011,E01000973,2011 super output areas - lower layer,298,All usual residents,0.0
15965,2011,E01000973,2011 super output areas - lower layer,298,Age 0 to 4,0.0
15966,2011,E01000973,2011 super output areas - lower layer,298,Age 5 to 7,0.0
15967,2011,E01000973,2011 super output areas - lower layer,298,Age 8 to 9,0.0
15968,2011,E01000973,2011 super output areas - lower layer,298,Age 10 to 14,0.0
15969,2011,E01000973,2011 super output areas - lower layer,298,Age 15,0.0
15970,2011,E01000973,2011 super output areas - lower layer,298,Age 16 to 17,0.0
15971,2011,E01000973,2011 super output areas - lower layer,298,Age 18 to 19,0.0
15972,2011,E01000973,2011 super output areas - lower layer,298,Age 20 to 24,0.0
15973,2011,E01000973,2011 super output areas - lower layer,298,Age 25 to 29,0.0
15974,2011,E01000973,2011 super output areas - lower layer,298,Age 30 to 44,0.0
15975,2011,E01000973,2011 super output areas - lower layer,298,Age 45 to 59,0.0
15976,2011,E01000973,2011 super output areas - lower layer,298,Age 60 to 64,0.0
15977,2011,E01000973,2011 super output areas - lower layer,298,Age 65 to 74,0.0
15978,2011,E01000973,2011 super output areas - lower layer,298,Age 75 to 84,0.0
15979,2011,E01000973,2011 super output areas - lower layer,298,Age 85 to 89,0.0
15980,2011,E01000973,2011 super output areas - lower layer,298,Age 90 and over,0.0
15981,2011,E01000973,2011 super output areas - lower layer,298,Mean Age,
15982,2011,E01000973,2011 super output areas - lower layer,298,Median Age,0.5
15983,2011,E01000973,2011 super output areas - lower layer,298,All usual residents,0.0
15984,2011,E01000973,2011 super output areas - lower layer,298,Age 0 to 4,0.0
15985,2011,E01000973,2011 super output areas - lower layer,298,Age 5 to 7,0.0
15986,2011,E01000973,2011 super output areas - lower layer,298,Age 8 to 9,0.0
15987,2011,E01000973,2011 super output areas - lower layer,298,Age 10 to 14,0.0
15988,2011,E01000973,2011 super output areas - lower layer,298,Age 15,0.0
15989,2011,E01000973,2011 super output areas - lower layer,298,Age 16 to 17,0.0
15990,2011,E01000973,2011 super output areas - lower layer,298,Age 18 to 19,0.0
15991,2011,E01000973,2011 super output areas - lower layer,298,Age 20 to 24,0.0
15992,2011,E01000973,2011 super output areas - lower layer,298,Age 25 to 29,0.0
15993,2011,E01000973,2011 super output areas - lower layer,298,Age 30 to 44,0.0
15994,2011,E01000973,2011 super output areas - lower layer,298,Age 45 to 59,0.0
15995,2011,E01000973,2011 super output areas - lower layer,298,Age 60 to 64,0.0
15996,2011,E01000973,2011 super output areas - lower layer,298,Age 65 to 74,0.0
15997,2011,E01000973,2011 super output areas - lower layer,298,Age 75 to 84,0.0
15998,2011,E01000973,2011 super output areas - lower layer,298,Age 85 to 89,0.0
15999,2011,E01000973,2011 super output areas - lower layer,298,Age 90 and over,0.0
16000,2011,E01000973,2011 super output areas - lower layer,298,Mean Age,
16001,2011,E01000973,2011 super output areas - lower layer,298,Median Age,0.5
16002,2011,E01000973,2011 super output areas - lower layer,298,All usual residents,0.0
16003,2011,E01000973,2011 super output areas - lower layer,298,Age 0 to 4,0.0
16004,2011,E01000973,2011 super output areas - lower layer,298,Age 5 to 7,0.0
16005,2011,E01000973,2011 super output areas - lower layer,298,Age 8 to 9,0.0
16006,2011,E01000973,2011 super output areas - lower layer,298,Age 10 to 14,0.0
16007,2011,E01000973,2011 super output areas - lower layer,298,Age 15,0.0
16008,2011,E01000973,2011 super output areas - lower layer,298,Age 16 to 17,0.0
16009,2011,E01000973,2011 super output areas - lower layer,298,Age 18 to 19,0.0
16010,2011,E01000973,2011 super output areas - lower layer,298,Age 20 to 24,0.0
16011,2011,E01000973,2011 super output areas - lower layer,298,Age 25 to 29,0.0
16012,2011,E01000973,2011 super output areas - lower layer,298,Age 30 to 44,0.0
16013,2011,E01000973,2011 super output areas - lower layer,298,Age 45 to 59,0.0
16014,2011,E01000973,2011 super output areas - lower layer,298,Age 60 to 64,0.0
16015,2011,E01000973,2011 super output areas - lower layer,298,Age 65 to 74,0.0
16016,2011,E01000973,2011 super output areas - lower layer,298,Age 75 to 84,0.0
16017,2011,E01000973,2011 super output areas - lower layer,298,Age 85 to 89,0.0
16018,2011,E01000973,2011 super output areas - lower layer,298,Age 90 and over,0.0
16019,2011,E01000973,2011 super output areas - lower layer,298,Mean Age,
16020,2011,E01000973,2011 super output areas - lower layer,298,Median Age,0.5
16021,2011,E01000973,2011 super output areas - lower layer,298,All usual residents,0.0
16022,2011,E01000973,2011 super output areas - lower layer,298,Age 0 to 4,0.0
16023,2011,E01000973,2011 super output areas - lower layer,298,Age 5 to 7,0.0
16024,2011,E01000973,2011 super output areas - lower layer,298,Age 8 to 9,0.0
16025,2011,E01000973,2011 super output areas - lower layer,298,Age 10 to 14,0.0
16026,2011,E01000973,2011 super output areas - lower layer,298,Age 15,0.0
16027,2011,E01000973,2011 super output areas - lower layer,298,Age 16 to 17,0.0
16028,2011,E01000973,2011 super output areas - lower layer,298,Age 18 to 19,0.0
16029,2011,E01000973,2011 super output areas - lower layer,298,Age 20 to 24,0.0
16030,2011,E01000973,2011 super output areas - lower layer,298,Age 25 to 29,0.0
16031,2011,E01000973,2011 super output areas - lower layer,298,Age 30 to 44,0.0
16032,2011,E01000973,2011 super output areas - lower layer,298,Age 45 to 59,0.0
16033,2011,E01000973,2011 super output areas - lower layer,298,Age 60 to 64,0.0
16034,2011,E01000973,2011 super output areas - lower layer,298,Age 65 to 74,0.0
16035,2011,E01000973,2011 super output areas - lower layer,298,Age 75 to 84,0.0
16036,2011,E01000973,2011 super output areas - lower layer,298,Age 85 to 89,0.0
16037,2011,E01000973,2011 super output areas - lower layer,298,Age 90 and over,0.0
16038,2011,E01000973,2011 super output areas - lower layer,298,Mean Age,
16039,2011,E01000973,2011 super output areas - lower layer,298,Median Age,0.5
16040,2011,E01000973,2011 super output areas - lower layer,298,All usual residents,0.0
16041,2011,E01000973,2011 super output areas - lower layer,298,Age 0 to 4,0.0
16042,2011,E01000973,2011 super output areas - lower layer,298,Age 5 to 7,0.0
16043,2011,E01000973,2011 super output areas - lower layer,298,Age 8 to 9,0.0
16044,2011,E01000973,2011 super output areas - lower layer,298,Age 10 to 14,0.0
16045,2011,E01000973,2011 super output areas - lower layer,298,Age 15,0.0
16046,2011,E01000973,2011 super output areas - lower layer,298,Age 16 to 17,0.0
16047,2011,E01000973,2011 super output areas - lower layer,298,Age 18 to 19,0.0
16048,2011,E01000973,2011 super output areas - lower layer,298,Age 20 to 24,0.0
16049,2011,E01000973,2011 super output areas - lower layer,298,Age 25 to 29,0.0
16050,2011,E01000973,2011 super output areas - lower layer,298,Age 30 to 44,0.0
16051,2011,E01000973,2011 super output areas - lower layer,298,Age 45 to 59,0.0
16052,2011,E01000973,2011 super output areas - lower layer,298,Age 60 to 64,0.0
16053,2011,E01000973,2011 super output areas - lower layer,298,Age 65 to 74,0.0
16054,2011,E01000973,2011 super output areas - lower layer,298,Age 75 to 84,0.0
16055,2011,E01000973,2011 super output areas - lower layer,298,Age 85 to 89,0.0
16056,2011,E01000973,2011 super output areas - lower layer,298,Age 90 and over,0.0
16057,2011,E01000973,2011 super output areas - lower layer,298,Mean Age,
16058,2011,E01000973,2011 super output areas - lower layer,298,Median Age,0.5
16059,2011,E01000842,2011 super output areas - lower layer,298,All usual residents,1444.0
16060,2011,E01000842,2011 super output areas - lower layer,298,Age 0 to 4,96.0
16061,2011,E01000842,2011 super output areas - lower layer,298,Age 5 to 7,38.0
16062,2011,E01000842,2011 super output areas - lower layer,298,Age 8 to 9,17.0
16063,2011,E01000842,2011 super output areas - lower layer,298,Age 10 to 14,33.0
16064,2011,E01000842,2011 super output areas - lower layer,298,Age 15,3.0
16065,2011,E01000842,2011 super output areas - lower layer,298,Age 16 to 17,18.0
16066,2011,E01000842,2011 super output areas - lower layer,298,Age 18 to 19,13.0
16067,2011,E01000842,2011 super output areas - lower layer,298,Age 20 to 24,63.0
16068,2011,E01000842,2011 super output areas - lower layer,298,Age 25 to 29,146.0
16069,2011,E01000842,2011 super output areas - lower layer,298,Age 30 to 44,502.0
16070,2011,E01000842,2011 super output areas - lower layer,298,Age 45 to 59,239.0
16071,2011,E01000842,2011 super output areas - lower layer,298,Age 60 to 64,75.0
16072,2011,E01000842,2011 super output areas - lower layer,298,Age 65 to 74,119.0
16073,2011,E01000842,2011 super output areas - lower layer,298,Age 75 to 84,53.0
16074,2011,E01000842,2011 super output areas - lower layer,298,Age 85 to 89,19.0
16075,2011,E01000842,2011 super output areas - lower layer,298,Age 90 and over,10.0
16076,2011,E01000842,2011 super output areas - lower layer,298,Mean Age,39.4
16077,2011,E01000842,2011 super output areas - lower layer,298,Median Age,37.0
16078,2011,E01000842,2011 super output areas - lower layer,298,All usual residents,0.0
16079,2011,E01000842,2011 super output areas - lower layer,298,Age 0 to 4,0.0
16080,2011,E01000842,2011 super output areas - lower layer,298,Age 5 to 7,0.0
16081,2011,E01000842,2011 super output areas - lower layer,298,Age 8 to 9,0.0
16082,2011,E01000842,2011 super output areas - lower layer,298,Age 10 to 14,0.0
16083,2011,E01000842,2011 super output areas - lower layer,298,Age 15,0.0
16084,2011,E01000842,2011 super output areas - lower layer,298,Age 16 to 17,0.0
16085,2011,E01000842,2011 super output areas - lower layer,298,Age 18 to 19,0.0
16086,2011,E01000842,2011 super output areas - lower layer,298,Age 20 to 24,0.0
16087,2011,E01000842,2011 super output areas - lower layer,298,Age 25 to 29,0.0
16088,2011,E01000842,2011 super output areas - lower layer,298,Age 30 to 44,0.0
16089,2011,E01000842,2011 super output areas - lower layer,298,Age 45 to 59,0.0
16090,2011,E01000842,2011 super output areas - lower layer,298,Age 60 to 64,0.0
16091,2011,E01000842,2011 super output areas - lower layer,298,Age 65 to 74,0.0
16092,2011,E01000842,2011 super output areas - lower layer,298,Age 75 to 84,0.0
16093,2011,E01000842,2011 super output areas - lower layer,298,Age 85 to 89,0.0
16094,2011,E01000842,2011 super output areas - lower layer,298,Age 90 and over,0.0
16095,2011,E01000842,2011 super output areas - lower layer,298,Mean Age,
16096,2011,E01000842,2011 super output areas - lower layer,298,Median Age,0.5
16097,2011,E01000842,2011 super output areas - lower layer,298,All usual residents,0.0
16098,2011,E01000842,2011 super output areas - lower layer,298,Age 0 to 4,0.0
16099,2011,E01000842,2011 super output areas - lower layer,298,Age 5 to 7,0.0
16100,2011,E01000842,2011 super output areas - lower layer,298,Age 8 to 9,0.0
16101,2011,E01000842,2011 super output areas - lower layer,298,Age 10 to 14,0.0
16102,2011,E01000842,2011 super output areas - lower layer,298,Age 15,0.0
16103,2011,E01000842,2011 super output areas - lower layer,298,Age 16 to 17,0.0
16104,2011,E01000842,2011 super output areas - lower layer,298,Age 18 to 19,0.0
16105,2011,E01000842,2011 super output areas - lower layer,298,Age 20 to 24,0.0
16106,2011,E01000842,2011 super output areas - lower layer,298,Age 25 to 29,0.0
16107,2011,E01000842,2011 super output areas - lower layer,298,Age 30 to 44,0.0
16108,2011,E01000842,2011 super output areas - lower layer,298,Age 45 to 59,0.0
16109,2011,E01000842,2011 super output areas - lower layer,298,Age 60 to 64,0.0
16110,2011,E01000842,2011 super output areas - lower layer,298,Age 65 to 74,0.0
16111,2011,E01000842,2011 super output areas - lower layer,298,Age 75 to 84,0.0
16112,2011,E01000842,2011 super output areas - lower layer,298,Age 85 to 89,0.0
16113,2011,E01000842,2011 super output areas - lower layer,298,Age 90 and over,0.0
16114,2011,E01000842,2011 super output areas - lower layer,298,Mean Age,
16115,2011,E01000842,2011 super output areas - lower layer,298,Median Age,0.5
16116,2011,E01000842,2011 super output areas - lower layer,298,All usual residents,0.0
16117,2011,E01000842,2011 super output areas - lower layer,298,Age 0 to 4,0.0
16118,2011,E01000842,2011 super output areas - lower layer,298,Age 5 to 7,0.0
16119,2011,E01000842,2011 super output areas - lower layer,298,Age 8 to 9,0.0
16120,2011,E01000842,2011 super output areas - lower layer,298,Age 10 to 14,0.0
16121,2011,E01000842,2011 super output areas - lower layer,298,Age 15,0.0
16122,2011,E01000842,2011 super output areas - lower layer,298,Age 16 to 17,0.0
16123,2011,E01000842,2011 super output areas - lower layer,298,Age 18 to 19,0.0
16124,2011,E01000842,2011 super output areas - lower layer,298,Age 20 to 24,0.0
16125,2011,E01000842,2011 super output areas - lower layer,298,Age 25 to 29,0.0
16126,2011,E01000842,2011 super output areas - lower layer,298,Age 30 to 44,0.0
16127,2011,E01000842,2011 super output areas - lower layer,298,Age 45 to 59,0.0
16128,2011,E01000842,2011 super output areas - lower layer,298,Age 60 to 64,0.0
16129,2011,E01000842,2011 super output areas - lower layer,298,Age 65 to 74,0.0
16130,2011,E01000842,2011 super output areas - lower layer,298,Age 75 to 84,0.0
16131,2011,E01000842,2011 super output areas - lower layer,298,Age 85 to 89,0.0
16132,2011,E01000842,2011 super output areas - lower layer,298,Age 90 and over,0.0
16133,2011,E01000842,2011 super output areas - lower layer,298,Mean Age,
16134,2011,E01000842,2011 super output areas - lower layer,298,Median Age,0.5
16135,2011,E01000842,2011 super output areas - lower layer,298,All usual residents,0.0
16136,2011,E01000842,2011 super output areas - lower layer,298,Age 0 to 4,0.0
16137,2011,E01000842,2011 super output areas - lower layer,298,Age 5 to 7,0.0
16138,2011,E01000842,2011 super output areas - lower layer,298,Age 8 to 9,0.0
16139,2011,E01000842,2011 super output areas - lower layer,298,Age 10 to 14,0.0
16140,2011,E01000842,2011 super output areas - lower layer,298,Age 15,0.0
16141,2011,E01000842,2011 super output areas - lower layer,298,Age 16 to 17,0.0
16142,2011,E01000842,2011 super output areas - lower layer,298,Age 18 to 19,0.0
16143,2011,E01000842,2011 super output areas - lower layer,298,Age 20 to 24,0.0
16144,2011,E01000842,2011 super output areas - lower layer,298,Age 25 to 29,0.0
16145,2011,E01000842,2011 super output areas - lower layer,298,Age 30 to 44,0.0
16146,2011,E01000842,2011 super output areas - lower layer,298,Age 45 to 59,0.0
16147,2011,E01000842,2011 super output areas - lower layer,298,Age 60 to 64,0.0
16148,2011,E01000842,2011 super output areas - lower layer,298,Age 65 to 74,0.0
16149,2011,E01000842,2011 super output areas - lower layer,298,Age 75 to 84,0.0
16150,2011,E01000842,2011 super output areas - lower layer,298,Age 85 to 89,0.0
16151,2011,E01000842,2011 super output areas - lower layer,298,Age 90 and over,0.0
16152,2011,E01000842,2011 super output areas - lower layer,298,Mean Age,
16153,2011,E01000842,2011 super output areas - lower layer,298,Median Age,0.5
16154,2011,E01000842,2011 super output areas - lower layer,298,All usual residents,0.0
16155,2011,E01000842,2011 super output areas - lower layer,298,Age 0 to 4,0.0
16156,2011,E01000842,2011 super output areas - lower layer,298,Age 5 to 7,0.0
16157,2011,E01000842,2011 super output areas - lower layer,298,Age 8 to 9,0.0
16158,2011,E01000842,2011 super output areas - lower layer,298,Age 10 to 14,0.0
16159,2011,E01000842,2011 super output areas - lower layer,298,Age 15,0.0
16160,2011,E01000842,2011 super output areas - lower layer,298,Age 16 to 17,0.0
16161,2011,E01000842,2011 super output areas - lower layer,298,Age 18 to 19,0.0
16162,2011,E01000842,2011 super output areas - lower layer,298,Age 20 to 24,0.0
16163,2011,E01000842,2011 super output areas - lower layer,298,Age 25 to 29,0.0
16164,2011,E01000842,2011 super output areas - lower layer,298,Age 30 to 44,0.0
16165,2011,E01000842,2011 super output areas - lower layer,298,Age 45 to 59,0.0
16166,2011,E01000842,2011 super output areas - lower layer,298,Age 60 to 64,0.0
16167,2011,E01000842,2011 super output areas - lower layer,298,Age 65 to 74,0.0
16168,2011,E01000842,2011 super output areas - lower layer,298,Age 75 to 84,0.0
16169,2011,E01000842,2011 super output areas - lower layer,298,Age 85 to 89,0.0
16170,2011,E01000842,2011 super output areas - lower layer,298,Age 90 and over,0.0
16171,2011,E01000842,2011 super output areas - lower layer,298,Mean Age,
16172,2011,E01000842,2011 super output areas - lower layer,298,Median Age,0.5
16173,2011,E01000842,2011 super output areas - lower layer,298,All usual residents,0.0
16174,2011,E01000842,2011 super output areas - lower layer,298,Age 0 to 4,0.0
16175,2011,E01000842,2011 super output areas - lower layer,298,Age 5 to 7,0.0
16176,2011,E01000842,2011 super output areas - lower layer,298,Age 8 to 9,0.0
16177,2011,E01000842,2011 super output areas - lower layer,298,Age 10 to 14,0.0
16178,2011,E01000842,2011 super output areas - lower layer,298,Age 15,0.0
16179,2011,E01000842,2011 super output areas - lower layer,298,Age 16 to 17,0.0
16180,2011,E01000842,2011 super output areas - lower layer,298,Age 18 to 19,0.0
16181,2011,E01000842,2011 super output areas - lower layer,298,Age 20 to 24,0.0
16182,2011,E01000842,2011 super output areas - lower layer,298,Age 25 to 29,0.0
16183,2011,E01000842,2011 super output areas - lower layer,298,Age 30 to 44,0.0
16184,2011,E01000842,2011 super output areas - lower layer,298,Age 45 to 59,0.0
16185,2011,E01000842,2011 super output areas - lower layer,298,Age 60 to 64,0.0
16186,2011,E01000842,2011 super output areas - lower layer,298,Age 65 to 74,0.0
16187,2011,E01000842,2011 super output areas - lower layer,298,Age 75 to 84,0.0
16188,2011,E01000842,2011 super output areas - lower layer,298,Age 85 to 89,0.0
16189,2011,E01000842,2011 super output areas - lower layer,298,Age 90 and over,0.0
16190,2011,E01000842,2011 super output areas - lower layer,298,Mean Age,
16191,2011,E01000842,2011 super output areas - lower layer,298,Median Age,0.5
16192,2011,E01000842,2011 super output areas - lower layer,298,All usual residents,0.0
16193,2011,E01000842,2011 super output areas - lower layer,298,Age 0 to 4,0.0
16194,2011,E01000842,2011 super output areas - lower layer,298,Age 5 to 7,0.0
16195,2011,E01000842,2011 super output areas - lower layer,298,Age 8 to 9,0.0
16196,2011,E01000842,2011 super output areas - lower layer,298,Age 10 to 14,0.0
16197,2011,E01000842,2011 super output areas - lower layer,298,Age 15,0.0
16198,2011,E01000842,2011 super output areas - lower layer,298,Age 16 to 17,0.0
16199,2011,E01000842,2011 super output areas - lower layer,298,Age 18 to 19,0.0
16200,2011,E01000842,2011 super output areas - lower layer,298,Age 20 to 24,0.0
16201,2011,E01000842,2011 super output areas - lower layer,298,Age 25 to 29,0.0
16202,2011,E01000842,2011 super output areas - lower layer,298,Age 30 to 44,0.0
16203,2011,E01000842,2011 super output areas - lower layer,298,Age 45 to 59,0.0
16204,2011,E01000842,2011 super output areas - lower layer,298,Age 60 to 64,0.0
16205,2011,E01000842,2011 super output areas - lower layer,298,Age 65 to 74,0.0
16206,2011,E01000842,2011 super output areas - lower layer,298,Age 75 to 84,0.0
16207,2011,E01000842,2011 super output areas - lower layer,298,Age 85 to 89,0.0
16208,2011,E01000842,2011 super output areas - lower layer,298,Age 90 and over,0.0
16209,2011,E01000842,2011 super output areas - lower layer,298,Mean Age,
16210,2011,E01000842,2011 super output areas - lower layer,298,Median Age,0.5
16211,2011,E01000842,2011 super output areas - lower layer,298,All usual residents,0.0
16212,2011,E01000842,2011 super output areas - lower layer,298,Age 0 to 4,0.0
16213,2011,E01000842,2011 super output areas - lower layer,298,Age 5 to 7,0.0
16214,2011,E01000842,2011 super output areas - lower layer,298,Age 8 to 9,0.0
16215,2011,E01000842,2011 super output areas - lower layer,298,Age 10 to 14,0.0
16216,2011,E01000842,2011 super output areas - lower layer,298,Age 15,0.0
16217,2011,E01000842,2011 super output areas - lower layer,298,Age 16 to 17,0.0
16218,2011,E01000842,2011 super output areas - lower layer,298,Age 18 to 19,0.0
16219,2011,E01000842,2011 super output areas - lower layer,298,Age 20 to 24,0.0
16220,2011,E01000842,2011 super output areas - lower layer,298,Age 25 to 29,0.0
16221,2011,E01000842,2011 super output areas - lower layer,298,Age 30 to 44,0.0
16222,2011,E01000842,2011 super output areas - lower layer,298,Age 45 to 59,0.0
16223,2011,E01000842,2011 super output areas - lower layer,298,Age 60 to 64,0.0
16224,2011,E01000842,2011 super output areas - lower layer,298,Age 65 to 74,0.0
16225,2011,E01000842,2011 super output areas - lower layer,298,Age 75 to 84,0.0
16226,2011,E01000842,2011 super output areas - lower layer,298,Age 85 to 89,0.0
16227,2011,E01000842,2011 super output areas - lower layer,298,Age 90 and over,0.0
16228,2011,E01000842,2011 super output areas - lower layer,298,Mean Age,
16229,2011,E01000842,2011 super output areas - lower layer,298,Median Age,0.5
16230,2011,E01000842,2011 super output areas - lower layer,298,All usual residents,0.0
16231,2011,E01000842,2011 super output areas - lower layer,298,Age 0 to 4,0.0
16232,2011,E01000842,2011 super output areas - lower layer,298,Age 5 to 7,0.0
16233,2011,E01000842,2011 super output areas - lower layer,298,Age 8 to 9,0.0
16234,2011,E01000842,2011 super output areas - lower layer,298,Age 10 to 14,0.0
16235,2011,E01000842,2011 super output areas - lower layer,298,Age 15,0.0
16236,2011,E01000842,2011 super output areas - lower layer,298,Age 16 to 17,0.0
16237,2011,E01000842,2011 super output areas - lower layer,298,Age 18 to 19,0.0
16238,2011,E01000842,2011 super output areas - lower layer,298,Age 20 to 24,0.0
16239,2011,E01000842,2011 super output areas - lower layer,298,Age 25 to 29,0.0
16240,2011,E01000842,2011 super output areas - lower layer,298,Age 30 to 44,0.0
16241,2011,E01000842,2011 super output areas - lower layer,298,Age 45 to 59,0.0
16242,2011,E01000842,2011 super output areas - lower layer,298,Age 60 to 64,0.0
16243,2011,E01000842,2011 super output areas - lower layer,298,Age 65 to 74,0.0
16244,2011,E01000842,2011 super output areas - lower layer,298,Age 75 to 84,0.0
16245,2011,E01000842,2011 super output areas - lower layer,298,Age 85 to 89,0.0
16246,2011,E01000842,2011 super output areas - lower layer,298,Age 90 and over,0.0
16247,2011,E01000842,2011 super output areas - lower layer,298,Mean Age,
16248,2011,E01000842,2011 super output areas - lower layer,298,Median Age,0.5
16249,2011,E01000842,2011 super output areas - lower layer,298,All usual residents,0.0
16250,2011,E01000842,2011 super output areas - lower layer,298,Age 0 to 4,0.0
16251,2011,E01000842,2011 super output areas - lower layer,298,Age 5 to 7,0.0
16252,2011,E01000842,2011 super output areas - lower layer,298,Age 8 to 9,0.0
16253,2011,E01000842,2011 super output areas - lower layer,298,Age 10 to 14,0.0
16254,2011,E01000842,2011 super output areas - lower layer,298,Age 15,0.0
16255,2011,E01000842,2011 super output areas - lower layer,298,Age 16 to 17,0.0
16256,2011,E01000842,2011 super output areas - lower layer,298,Age 18 to 19,0.0
16257,2011,E01000842,2011 super output areas - lower layer,298,Age 20 to 24,0.0
16258,2011,E01000842,2011 super output areas - lower layer,298,Age 25 to 29,0.0
16259,2011,E01000842,2011 super output areas - lower layer,298,Age 30 to 44,0.0
16260,2011,E01000842,2011 super output areas - lower layer,298,Age 45 to 59,0.0
16261,2011,E01000842,2011 super output areas - lower layer,298,Age 60 to 64,0.0
16262,2011,E01000842,2011 super output areas - lower layer,298,Age 65 to 74,0.0
16263,2011,E01000842,2011 super output areas - lower layer,298,Age 75 to 84,0.0
16264,2011,E01000842,2011 super output areas - lower layer,298,Age 85 to 89,0.0
16265,2011,E01000842,2011 super output areas - lower layer,298,Age 90 and over,0.0
16266,2011,E01000842,2011 super output areas - lower layer,298,Mean Age,
16267,2011,E01000842,2011 super output areas - lower layer,298,Median Age,0.5
16268,2011,E01000842,2011 super output areas - lower layer,298,All usual residents,0.0
16269,2011,E01000842,2011 super output areas - lower layer,298,Age 0 to 4,0.0
16270,2011,E01000842,2011 super output areas - lower layer,298,Age 5 to 7,0.0
16271,2011,E01000842,2011 super output areas - lower layer,298,Age 8 to 9,0.0
16272,2011,E01000842,2011 super output areas - lower layer,298,Age 10 to 14,0.0
16273,2011,E01000842,2011 super output areas - lower layer,298,Age 15,0.0
16274,2011,E01000842,2011 super output areas - lower layer,298,Age 16 to 17,0.0
16275,2011,E01000842,2011 super output areas - lower layer,298,Age 18 to 19,0.0
16276,2011,E01000842,2011 super output areas - lower layer,298,Age 20 to 24,0.0
16277,2011,E01000842,2011 super output areas - lower layer,298,Age 25 to 29,0.0
16278,2011,E01000842,2011 super output areas - lower layer,298,Age 30 to 44,0.0
16279,2011,E01000842,2011 super output areas - lower layer,298,Age 45 to 59,0.0
16280,2011,E01000842,2011 super output areas - lower layer,298,Age 60 to 64,0.0
16281,2011,E01000842,2011 super output areas - lower layer,298,Age 65 to 74,0.0
16282,2011,E01000842,2011 super output areas - lower layer,298,Age 75 to 84,0.0
16283,2011,E01000842,2011 super output areas - lower layer,298,Age 85 to 89,0.0
16284,2011,E01000842,2011 super output areas - lower layer,298,Age 90 and over,0.0
16285,2011,E01000842,2011 super output areas - lower layer,298,Mean Age,
16286,2011,E01000842,2011 super output areas - lower layer,298,Median Age,0.5
16287,2011,E01000842,2011 super output areas - lower layer,298,All usual residents,0.0
16288,2011,E01000842,2011 super output areas - lower layer,298,Age 0 to 4,0.0
16289,2011,E01000842,2011 super output areas - lower layer,298,Age 5 to 7,0.0
16290,2011,E01000842,2011 super output areas - lower layer,298,Age 8 to 9,0.0
16291,2011,E01000842,2011 super output areas - lower layer,298,Age 10 to 14,0.0
16292,2011,E01000842,2011 super output areas - lower layer,298,Age 15,0.0
16293,2011,E01000842,2011 super output areas - lower layer,298,Age 16 to 17,0.0
16294,2011,E01000842,2011 super output areas - lower layer,298,Age 18 to 19,0.0
16295,2011,E01000842,2011 super output areas - lower layer,298,Age 20 to 24,0.0
16296,2011,E01000842,2011 super output areas - lower layer,298,Age 25 to 29,0.0
16297,2011,E01000842,2011 super output areas - lower layer,298,Age 30 to 44,0.0
16298,2011,E01000842,2011 super output areas - lower layer,298,Age 45 to 59,0.0
16299,2011,E01000842,2011 super output areas - lower layer,298,Age 60 to 64,0.0
16300,2011,E01000842,2011 super output areas - lower layer,298,Age 65 to 74,0.0
16301,2011,E01000842,2011 super output areas - lower layer,298,Age 75 to 84,0.0
16302,2011,E01000842,2011 super output areas - lower layer,298,Age 85 to 89,0.0
16303,2011,E01000842,2011 super output areas - lower layer,298,Age 90 and over,0.0
16304,2011,E01000842,2011 super output areas - lower layer,298,Mean Age,
16305,2011,E01000842,2011 super output areas - lower layer,298,Median Age,0.5
16306,2011,E01000844,2011 super output areas - lower layer,298,All usual residents,1772.0
16307,2011,E01000844,2011 super output areas - lower layer,298,Age 0 to 4,177.0
16308,2011,E01000844,2011 super output areas - lower layer,298,Age 5 to 7,45.0
16309,2011,E01000844,2011 super output areas - lower layer,298,Age 8 to 9,26.0
16310,2011,E01000844,2011 super output areas - lower layer,298,Age 10 to 14,38.0
16311,2011,E01000844,2011 super output areas - lower layer,298,Age 15,3.0
16312,2011,E01000844,2011 super output areas - lower layer,298,Age 16 to 17,11.0
16313,2011,E01000844,2011 super output areas - lower layer,298,Age 18 to 19,4.0
16314,2011,E01000844,2011 super output areas - lower layer,298,Age 20 to 24,68.0
16315,2011,E01000844,2011 super output areas - lower layer,298,Age 25 to 29,217.0
16316,2011,E01000844,2011 super output areas - lower layer,298,Age 30 to 44,682.0
16317,2011,E01000844,2011 super output areas - lower layer,298,Age 45 to 59,252.0
16318,2011,E01000844,2011 super output areas - lower layer,298,Age 60 to 64,78.0
16319,2011,E01000844,2011 super output areas - lower layer,298,Age 65 to 74,96.0
16320,2011,E01000844,2011 super output areas - lower layer,298,Age 75 to 84,58.0
16321,2011,E01000844,2011 super output areas - lower layer,298,Age 85 to 89,10.0
16322,2011,E01000844,2011 super output areas - lower layer,298,Age 90 and over,7.0
16323,2011,E01000844,2011 super output areas - lower layer,298,Mean Age,35.8
16324,2011,E01000844,2011 super output areas - lower layer,298,Median Age,34.0
16325,2011,E01000844,2011 super output areas - lower layer,298,All usual residents,0.0
16326,2011,E01000844,2011 super output areas - lower layer,298,Age 0 to 4,0.0
16327,2011,E01000844,2011 super output areas - lower layer,298,Age 5 to 7,0.0
16328,2011,E01000844,2011 super output areas - lower layer,298,Age 8 to 9,0.0
16329,2011,E01000844,2011 super output areas - lower layer,298,Age 10 to 14,0.0
16330,2011,E01000844,2011 super output areas - lower layer,298,Age 15,0.0
16331,2011,E01000844,2011 super output areas - lower layer,298,Age 16 to 17,0.0
16332,2011,E01000844,2011 super output areas - lower layer,298,Age 18 to 19,0.0
16333,2011,E01000844,2011 super output areas - lower layer,298,Age 20 to 24,0.0
16334,2011,E01000844,2011 super output areas - lower layer,298,Age 25 to 29,0.0
16335,2011,E01000844,2011 super output areas - lower layer,298,Age 30 to 44,0.0
16336,2011,E01000844,2011 super output areas - lower layer,298,Age 45 to 59,0.0
16337,2011,E01000844,2011 super output areas - lower layer,298,Age 60 to 64,0.0
16338,2011,E01000844,2011 super output areas - lower layer,298,Age 65 to 74,0.0
16339,2011,E01000844,2011 super output areas - lower layer,298,Age 75 to 84,0.0
16340,2011,E01000844,2011 super output areas - lower layer,298,Age 85 to 89,0.0
16341,2011,E01000844,2011 super output areas - lower layer,298,Age 90 and over,0.0
16342,2011,E01000844,2011 super output areas - lower layer,298,Mean Age,
16343,2011,E01000844,2011 super output areas - lower layer,298,Median Age,0.5
16344,2011,E01000844,2011 super output areas - lower layer,298,All usual residents,0.0
16345,2011,E01000844,2011 super output areas - lower layer,298,Age 0 to 4,0.0
16346,2011,E01000844,2011 super output areas - lower layer,298,Age 5 to 7,0.0
16347,2011,E01000844,2011 super output areas - lower layer,298,Age 8 to 9,0.0
16348,2011,E01000844,2011 super output areas - lower layer,298,Age 10 to 14,0.0
16349,2011,E01000844,2011 super output areas - lower layer,298,Age 15,0.0
16350,2011,E01000844,2011 super output areas - lower layer,298,Age 16 to 17,0.0
16351,2011,E01000844,2011 super output areas - lower layer,298,Age 18 to 19,0.0
16352,2011,E01000844,2011 super output areas - lower layer,298,Age 20 to 24,0.0
16353,2011,E01000844,2011 super output areas - lower layer,298,Age 25 to 29,0.0
16354,2011,E01000844,2011 super output areas - lower layer,298,Age 30 to 44,0.0
16355,2011,E01000844,2011 super output areas - lower layer,298,Age 45 to 59,0.0
16356,2011,E01000844,2011 super output areas - lower layer,298,Age 60 to 64,0.0
16357,2011,E01000844,2011 super output areas - lower layer,298,Age 65 to 74,0.0
16358,2011,E01000844,2011 super output areas - lower layer,298,Age 75 to 84,0.0
16359,2011,E01000844,2011 super output areas - lower layer,298,Age 85 to 89,0.0
16360,2011,E01000844,2011 super output areas - lower layer,298,Age 90 and over,0.0
16361,2011,E01000844,2011 super output areas - lower layer,298,Mean Age,
16362,2011,E01000844,2011 super output areas - lower layer,298,Median Age,0.5
16363,2011,E01000844,2011 super output areas - lower layer,298,All usual residents,0.0
16364,2011,E01000844,2011 super output areas - lower layer,298,Age 0 to 4,0.0
16365,2011,E01000844,2011 super output areas - lower layer,298,Age 5 to 7,0.0
16366,2011,E01000844,2011 super output areas - lower layer,298,Age 8 to 9,0.0
16367,2011,E01000844,2011 super output areas - lower layer,298,Age 10 to 14,0.0
16368,2011,E01000844,2011 super output areas - lower layer,298,Age 15,0.0
16369,2011,E01000844,2011 super output areas - lower layer,298,Age 16 to 17,0.0
16370,2011,E01000844,2011 super output areas - lower layer,298,Age 18 to 19,0.0
16371,2011,E01000844,2011 super output areas - lower layer,298,Age 20 to 24,0.0
16372,2011,E01000844,2011 super output areas - lower layer,298,Age 25 to 29,0.0
16373,2011,E01000844,2011 super output areas - lower layer,298,Age 30 to 44,0.0
16374,2011,E01000844,2011 super output areas - lower layer,298,Age 45 to 59,0.0
16375,2011,E01000844,2011 super output areas - lower layer,298,Age 60 to 64,0.0
16376,2011,E01000844,2011 super output areas - lower layer,298,Age 65 to 74,0.0
16377,2011,E01000844,2011 super output areas - lower layer,298,Age 75 to 84,0.0
16378,2011,E01000844,2011 super output areas - lower layer,298,Age 85 to 89,0.0
16379,2011,E01000844,2011 super output areas - lower layer,298,Age 90 and over,0.0
16380,2011,E01000844,2011 super output areas - lower layer,298,Mean Age,
16381,2011,E01000844,2011 super output areas - lower layer,298,Median Age,0.5
16382,2011,E01000844,2011 super output areas - lower layer,298,All usual residents,0.0
16383,2011,E01000844,2011 super output areas - lower layer,298,Age 0 to 4,0.0
16384,2011,E01000844,2011 super output areas - lower layer,298,Age 5 to 7,0.0
16385,2011,E01000844,2011 super output areas - lower layer,298,Age 8 to 9,0.0
16386,2011,E01000844,2011 super output areas - lower layer,298,Age 10 to 14,0.0
16387,2011,E01000844,2011 super output areas - lower layer,298,Age 15,0.0
16388,2011,E01000844,2011 super output areas - lower layer,298,Age 16 to 17,0.0
16389,2011,E01000844,2011 super output areas - lower layer,298,Age 18 to 19,0.0
16390,2011,E01000844,2011 super output areas - lower layer,298,Age 20 to 24,0.0
16391,2011,E01000844,2011 super output areas - lower layer,298,Age 25 to 29,0.0
16392,2011,E01000844,2011 super output areas - lower layer,298,Age 30 to 44,0.0
16393,2011,E01000844,2011 super output areas - lower layer,298,Age 45 to 59,0.0
16394,2011,E01000844,2011 super output areas - lower layer,298,Age 60 to 64,0.0
16395,2011,E01000844,2011 super output areas - lower layer,298,Age 65 to 74,0.0
16396,2011,E01000844,2011 super output areas - lower layer,298,Age 75 to 84,0.0
16397,2011,E01000844,2011 super output areas - lower layer,298,Age 85 to 89,0.0
16398,2011,E01000844,2011 super output areas - lower layer,298,Age 90 and over,0.0
16399,2011,E01000844,2011 super output areas - lower layer,298,Mean Age,
16400,2011,E01000844,2011 super output areas - lower layer,298,Median Age,0.5
16401,2011,E01000844,2011 super output areas - lower layer,298,All usual residents,0.0
16402,2011,E01000844,2011 super output areas - lower layer,298,Age 0 to 4,0.0
16403,2011,E01000844,2011 super output areas - lower layer,298,Age 5 to 7,0.0
16404,2011,E01000844,2011 super output areas - lower layer,298,Age 8 to 9,0.0
16405,2011,E01000844,2011 super output areas - lower layer,298,Age 10 to 14,0.0
16406,2011,E01000844,2011 super output areas - lower layer,298,Age 15,0.0
16407,2011,E01000844,2011 super output areas - lower layer,298,Age 16 to 17,0.0
16408,2011,E01000844,2011 super output areas - lower layer,298,Age 18 to 19,0.0
16409,2011,E01000844,2011 super output areas - lower layer,298,Age 20 to 24,0.0
16410,2011,E01000844,2011 super output areas - lower layer,298,Age 25 to 29,0.0
16411,2011,E01000844,2011 super output areas - lower layer,298,Age 30 to 44,0.0
16412,2011,E01000844,2011 super output areas - lower layer,298,Age 45 to 59,0.0
16413,2011,E01000844,2011 super output areas - lower layer,298,Age 60 to 64,0.0
16414,2011,E01000844,2011 super output areas - lower layer,298,Age 65 to 74,0.0
16415,2011,E01000844,2011 super output areas - lower layer,298,Age 75 to 84,0.0
16416,2011,E01000844,2011 super output areas - lower layer,298,Age 85 to 89,0.0
16417,2011,E01000844,2011 super output areas - lower layer,298,Age 90 and over,0.0
16418,2011,E01000844,2011 super output areas - lower layer,298,Mean Age,
16419,2011,E01000844,2011 super output areas - lower layer,298,Median Age,0.5
16420,2011,E01000844,2011 super output areas - lower layer,298,All usual residents,0.0
16421,2011,E01000844,2011 super output areas - lower layer,298,Age 0 to 4,0.0
16422,2011,E01000844,2011 super output areas - lower layer,298,Age 5 to 7,0.0
16423,2011,E01000844,2011 super output areas - lower layer,298,Age 8 to 9,0.0
16424,2011,E01000844,2011 super output areas - lower layer,298,Age 10 to 14,0.0
16425,2011,E01000844,2011 super output areas - lower layer,298,Age 15,0.0
16426,2011,E01000844,2011 super output areas - lower layer,298,Age 16 to 17,0.0
16427,2011,E01000844,2011 super output areas - lower layer,298,Age 18 to 19,0.0
16428,2011,E01000844,2011 super output areas - lower layer,298,Age 20 to 24,0.0
16429,2011,E01000844,2011 super output areas - lower layer,298,Age 25 to 29,0.0
16430,2011,E01000844,2011 super output areas - lower layer,298,Age 30 to 44,0.0
16431,2011,E01000844,2011 super output areas - lower layer,298,Age 45 to 59,0.0
16432,2011,E01000844,2011 super output areas - lower layer,298,Age 60 to 64,0.0
16433,2011,E01000844,2011 super output areas - lower layer,298,Age 65 to 74,0.0
16434,2011,E01000844,2011 super output areas - lower layer,298,Age 75 to 84,0.0
16435,2011,E01000844,2011 super output areas - lower layer,298,Age 85 to 89,0.0
16436,2011,E01000844,2011 super output areas - lower layer,298,Age 90 and over,0.0
16437,2011,E01000844,2011 super output areas - lower layer,298,Mean Age,
16438,2011,E01000844,2011 super output areas - lower layer,298,Median Age,0.5
16439,2011,E01000844,2011 super output areas - lower layer,298,All usual residents,0.0
16440,2011,E01000844,2011 super output areas - lower layer,298,Age 0 to 4,0.0
16441,2011,E01000844,2011 super output areas - lower layer,298,Age 5 to 7,0.0
16442,2011,E01000844,2011 super output areas - lower layer,298,Age 8 to 9,0.0
16443,2011,E01000844,2011 super output areas - lower layer,298,Age 10 to 14,0.0
16444,2011,E01000844,2011 super output areas - lower layer,298,Age 15,0.0
16445,2011,E01000844,2011 super output areas - lower layer,298,Age 16 to 17,0.0
16446,2011,E01000844,2011 super output areas - lower layer,298,Age 18 to 19,0.0
16447,2011,E01000844,2011 super output areas - lower layer,298,Age 20 to 24,0.0
16448,2011,E01000844,2011 super output areas - lower layer,298,Age 25 to 29,0.0
16449,2011,E01000844,2011 super output areas - lower layer,298,Age 30 to 44,0.0
16450,2011,E01000844,2011 super output areas - lower layer,298,Age 45 to 59,0.0
16451,2011,E01000844,2011 super output areas - lower layer,298,Age 60 to 64,0.0
16452,2011,E01000844,2011 super output areas - lower layer,298,Age 65 to 74,0.0
16453,2011,E01000844,2011 super output areas - lower layer,298,Age 75 to 84,0.0
16454,2011,E01000844,2011 super output areas - lower layer,298,Age 85 to 89,0.0
16455,2011,E01000844,2011 super output areas - lower layer,298,Age 90 and over,0.0
16456,2011,E01000844,2011 super output areas - lower layer,298,Mean Age,
16457,2011,E01000844,2011 super output areas - lower layer,298,Median Age,0.5
16458,2011,E01000844,2011 super output areas - lower layer,298,All usual residents,0.0
16459,2011,E01000844,2011 super output areas - lower layer,298,Age 0 to 4,0.0
16460,2011,E01000844,2011 super output areas - lower layer,298,Age 5 to 7,0.0
16461,2011,E01000844,2011 super output areas - lower layer,298,Age 8 to 9,0.0
16462,2011,E01000844,2011 super output areas - lower layer,298,Age 10 to 14,0.0
16463,2011,E01000844,2011 super output areas - lower layer,298,Age 15,0.0
16464,2011,E01000844,2011 super output areas - lower layer,298,Age 16 to 17,0.0
16465,2011,E01000844,2011 super output areas - lower layer,298,Age 18 to 19,0.0
16466,2011,E01000844,2011 super output areas - lower layer,298,Age 20 to 24,0.0
16467,2011,E01000844,2011 super output areas - lower layer,298,Age 25 to 29,0.0
16468,2011,E01000844,2011 super output areas - lower layer,298,Age 30 to 44,0.0
16469,2011,E01000844,2011 super output areas - lower layer,298,Age 45 to 59,0.0
16470,2011,E01000844,2011 super output areas - lower layer,298,Age 60 to 64,0.0
16471,2011,E01000844,2011 super output areas - lower layer,298,Age 65 to 74,0.0
16472,2011,E01000844,2011 super output areas - lower layer,298,Age 75 to 84,0.0
16473,2011,E01000844,2011 super output areas - lower layer,298,Age 85 to 89,0.0
16474,2011,E01000844,2011 super output areas - lower layer,298,Age 90 and over,0.0
16475,2011,E01000844,2011 super output areas - lower layer,298,Mean Age,
16476,2011,E01000844,2011 super output areas - lower layer,298,Median Age,0.5
16477,2011,E01000844,2011 super output areas - lower layer,298,All usual residents,0.0
16478,2011,E01000844,2011 super output areas - lower layer,298,Age 0 to 4,0.0
16479,2011,E01000844,2011 super output areas - lower layer,298,Age 5 to 7,0.0
16480,2011,E01000844,2011 super output areas - lower layer,298,Age 8 to 9,0.0
16481,2011,E01000844,2011 super output areas - lower layer,298,Age 10 to 14,0.0
16482,2011,E01000844,2011 super output areas - lower layer,298,Age 15,0.0
16483,2011,E01000844,2011 super output areas - lower layer,298,Age 16 to 17,0.0
16484,2011,E01000844,2011 super output areas - lower layer,298,Age 18 to 19,0.0
16485,2011,E01000844,2011 super output areas - lower layer,298,Age 20 to 24,0.0
16486,2011,E01000844,2011 super output areas - lower layer,298,Age 25 to 29,0.0
16487,2011,E01000844,2011 super output areas - lower layer,298,Age 30 to 44,0.0
16488,2011,E01000844,2011 super output areas - lower layer,298,Age 45 to 59,0.0
16489,2011,E01000844,2011 super output areas - lower layer,298,Age 60 to 64,0.0
16490,2011,E01000844,2011 super output areas - lower layer,298,Age 65 to 74,0.0
16491,2011,E01000844,2011 super output areas - lower layer,298,Age 75 to 84,0.0
16492,2011,E01000844,2011 super output areas - lower layer,298,Age 85 to 89,0.0
16493,2011,E01000844,2011 super output areas - lower layer,298,Age 90 and over,0.0
16494,2011,E01000844,2011 super output areas - lower layer,298,Mean Age,
16495,2011,E01000844,2011 super output areas - lower layer,298,Median Age,0.5
16496,2011,E01000844,2011 super output areas - lower layer,298,All usual residents,0.0
16497,2011,E01000844,2011 super output areas - lower layer,298,Age 0 to 4,0.0
16498,2011,E01000844,2011 super output areas - lower layer,298,Age 5 to 7,0.0
16499,2011,E01000844,2011 super output areas - lower layer,298,Age 8 to 9,0.0
16500,2011,E01000844,2011 super output areas - lower layer,298,Age 10 to 14,0.0
16501,2011,E01000844,2011 super output areas - lower layer,298,Age 15,0.0
16502,2011,E01000844,2011 super output areas - lower layer,298,Age 16 to 17,0.0
16503,2011,E01000844,2011 super output areas - lower layer,298,Age 18 to 19,0.0
16504,2011,E01000844,2011 super output areas - lower layer,298,Age 20 to 24,0.0
16505,2011,E01000844,2011 super output areas - lower layer,298,Age 25 to 29,0.0
16506,2011,E01000844,2011 super output areas - lower layer,298,Age 30 to 44,0.0
16507,2011,E01000844,2011 super output areas - lower layer,298,Age 45 to 59,0.0
16508,2011,E01000844,2011 super output areas - lower layer,298,Age 60 to 64,0.0
16509,2011,E01000844,2011 super output areas - lower layer,298,Age 65 to 74,0.0
16510,2011,E01000844,2011 super output areas - lower layer,298,Age 75 to 84,0.0
16511,2011,E01000844,2011 super output areas - lower layer,298,Age 85 to 89,0.0
16512,2011,E01000844,2011 super output areas - lower layer,298,Age 90 and over,0.0
16513,2011,E01000844,2011 super output areas - lower layer,298,Mean Age,
16514,2011,E01000844,2011 super output areas - lower layer,298,Median Age,0.5
16515,2011,E01000844,2011 super output areas - lower layer,298,All usual residents,0.0
16516,2011,E01000844,2011 super output areas - lower layer,298,Age 0 to 4,0.0
16517,2011,E01000844,2011 super output areas - lower layer,298,Age 5 to 7,0.0
16518,2011,E01000844,2011 super output areas - lower layer,298,Age 8 to 9,0.0
16519,2011,E01000844,2011 super output areas - lower layer,298,Age 10 to 14,0.0
16520,2011,E01000844,2011 super output areas - lower layer,298,Age 15,0.0
16521,2011,E01000844,2011 super output areas - lower layer,298,Age 16 to 17,0.0
16522,2011,E01000844,2011 super output areas - lower layer,298,Age 18 to 19,0.0
16523,2011,E01000844,2011 super output areas - lower layer,298,Age 20 to 24,0.0
16524,2011,E01000844,2011 super output areas - lower layer,298,Age 25 to 29,0.0
16525,2011,E01000844,2011 super output areas - lower layer,298,Age 30 to 44,0.0
16526,2011,E01000844,2011 super output areas - lower layer,298,Age 45 to 59,0.0
16527,2011,E01000844,2011 super output areas - lower layer,298,Age 60 to 64,0.0
16528,2011,E01000844,2011 super output areas - lower layer,298,Age 65 to 74,0.0
16529,2011,E01000844,2011 super output areas - lower layer,298,Age 75 to 84,0.0
16530,2011,E01000844,2011 super output areas - lower layer,298,Age 85 to 89,0.0
16531,2011,E01000844,2011 super output areas - lower layer,298,Age 90 and over,0.0
16532,2011,E01000844,2011 super output areas - lower layer,298,Mean Age,
16533,2011,E01000844,2011 super output areas - lower layer,298,Median Age,0.5
16534,2011,E01000844,2011 super output areas - lower layer,298,All usual residents,0.0
16535,2011,E01000844,2011 super output areas - lower layer,298,Age 0 to 4,0.0
16536,2011,E01000844,2011 super output areas - lower layer,298,Age 5 to 7,0.0
16537,2011,E01000844,2011 super output areas - lower layer,298,Age 8 to 9,0.0
16538,2011,E01000844,2011 super output areas - lower layer,298,Age 10 to 14,0.0
16539,2011,E01000844,2011 super output areas - lower layer,298,Age 15,0.0
16540,2011,E01000844,2011 super output areas - lower layer,298,Age 16 to 17,0.0
16541,2011,E01000844,2011 super output areas - lower layer,298,Age 18 to 19,0.0
16542,2011,E01000844,2011 super output areas - lower layer,298,Age 20 to 24,0.0
16543,2011,E01000844,2011 super output areas - lower layer,298,Age 25 to 29,0.0
16544,2011,E01000844,2011 super output areas - lower layer,298,Age 30 to 44,0.0
16545,2011,E01000844,2011 super output areas - lower layer,298,Age 45 to 59,0.0
16546,2011,E01000844,2011 super output areas - lower layer,298,Age 60 to 64,0.0
16547,2011,E01000844,2011 super output areas - lower layer,298,Age 65 to 74,0.0
16548,2011,E01000844,2011 super output areas - lower layer,298,Age 75 to 84,0.0
16549,2011,E01000844,2011 super output areas - lower layer,298,Age 85 to 89,0.0
16550,2011,E01000844,2011 super output areas - lower layer,298,Age 90 and over,0.0
16551,2011,E01000844,2011 super output areas - lower layer,298,Mean Age,
16552,2011,E01000844,2011 super output areas - lower layer,298,Median Age,0.5
16553,2011,E01000848,2011 super output areas - lower layer,298,All usual residents,1588.0
16554,2011,E01000848,2011 super output areas - lower layer,298,Age 0 to 4,116.0
16555,2011,E01000848,2011 super output areas - lower layer,298,Age 5 to 7,36.0
16556,2011,E01000848,2011 super output areas - lower layer,298,Age 8 to 9,20.0
16557,2011,E01000848,2011 super output areas - lower layer,298,Age 10 to 14,30.0
16558,2011,E01000848,2011 super output areas - lower layer,298,Age 15,22.0
16559,2011,E01000848,2011 super output areas - lower layer,298,Age 16 to 17,7.0
16560,2011,E01000848,2011 super output areas - lower layer,298,Age 18 to 19,18.0
16561,2011,E01000848,2011 super output areas - lower layer,298,Age 20 to 24,39.0
16562,2011,E01000848,2011 super output areas - lower layer,298,Age 25 to 29,155.0
16563,2011,E01000848,2011 super output areas - lower layer,298,Age 30 to 44,592.0
16564,2011,E01000848,2011 super output areas - lower layer,298,Age 45 to 59,280.0
16565,2011,E01000848,2011 super output areas - lower layer,298,Age 60 to 64,79.0
16566,2011,E01000848,2011 super output areas - lower layer,298,Age 65 to 74,103.0
16567,2011,E01000848,2011 super output areas - lower layer,298,Age 75 to 84,68.0
16568,2011,E01000848,2011 super output areas - lower layer,298,Age 85 to 89,19.0
16569,2011,E01000848,2011 super output areas - lower layer,298,Age 90 and over,4.0
16570,2011,E01000848,2011 super output areas - lower layer,298,Mean Age,38.9
16571,2011,E01000848,2011 super output areas - lower layer,298,Median Age,37.0
16572,2011,E01000848,2011 super output areas - lower layer,298,All usual residents,0.0
16573,2011,E01000848,2011 super output areas - lower layer,298,Age 0 to 4,0.0
16574,2011,E01000848,2011 super output areas - lower layer,298,Age 5 to 7,0.0
16575,2011,E01000848,2011 super output areas - lower layer,298,Age 8 to 9,0.0
16576,2011,E01000848,2011 super output areas - lower layer,298,Age 10 to 14,0.0
16577,2011,E01000848,2011 super output areas - lower layer,298,Age 15,0.0
16578,2011,E01000848,2011 super output areas - lower layer,298,Age 16 to 17,0.0
16579,2011,E01000848,2011 super output areas - lower layer,298,Age 18 to 19,0.0
16580,2011,E01000848,2011 super output areas - lower layer,298,Age 20 to 24,0.0
16581,2011,E01000848,2011 super output areas - lower layer,298,Age 25 to 29,0.0
16582,2011,E01000848,2011 super output areas - lower layer,298,Age 30 to 44,0.0
16583,2011,E01000848,2011 super output areas - lower layer,298,Age 45 to 59,0.0
16584,2011,E01000848,2011 super output areas - lower layer,298,Age 60 to 64,0.0
16585,2011,E01000848,2011 super output areas - lower layer,298,Age 65 to 74,0.0
16586,2011,E01000848,2011 super output areas - lower layer,298,Age 75 to 84,0.0
16587,2011,E01000848,2011 super output areas - lower layer,298,Age 85 to 89,0.0
16588,2011,E01000848,2011 super output areas - lower layer,298,Age 90 and over,0.0
16589,2011,E01000848,2011 super output areas - lower layer,298,Mean Age,
16590,2011,E01000848,2011 super output areas - lower layer,298,Median Age,0.5
16591,2011,E01000848,2011 super output areas - lower layer,298,All usual residents,0.0
16592,2011,E01000848,2011 super output areas - lower layer,298,Age 0 to 4,0.0
16593,2011,E01000848,2011 super output areas - lower layer,298,Age 5 to 7,0.0
16594,2011,E01000848,2011 super output areas - lower layer,298,Age 8 to 9,0.0
16595,2011,E01000848,2011 super output areas - lower layer,298,Age 10 to 14,0.0
16596,2011,E01000848,2011 super output areas - lower layer,298,Age 15,0.0
16597,2011,E01000848,2011 super output areas - lower layer,298,Age 16 to 17,0.0
16598,2011,E01000848,2011 super output areas - lower layer,298,Age 18 to 19,0.0
16599,2011,E01000848,2011 super output areas - lower layer,298,Age 20 to 24,0.0
16600,2011,E01000848,2011 super output areas - lower layer,298,Age 25 to 29,0.0
16601,2011,E01000848,2011 super output areas - lower layer,298,Age 30 to 44,0.0
16602,2011,E01000848,2011 super output areas - lower layer,298,Age 45 to 59,0.0
16603,2011,E01000848,2011 super output areas - lower layer,298,Age 60 to 64,0.0
16604,2011,E01000848,2011 super output areas - lower layer,298,Age 65 to 74,0.0
16605,2011,E01000848,2011 super output areas - lower layer,298,Age 75 to 84,0.0
16606,2011,E01000848,2011 super output areas - lower layer,298,Age 85 to 89,0.0
16607,2011,E01000848,2011 super output areas - lower layer,298,Age 90 and over,0.0
16608,2011,E01000848,2011 super output areas - lower layer,298,Mean Age,
16609,2011,E01000848,2011 super output areas - lower layer,298,Median Age,0.5
16610,2011,E01000848,2011 super output areas - lower layer,298,All usual residents,0.0
16611,2011,E01000848,2011 super output areas - lower layer,298,Age 0 to 4,0.0
16612,2011,E01000848,2011 super output areas - lower layer,298,Age 5 to 7,0.0
16613,2011,E01000848,2011 super output areas - lower layer,298,Age 8 to 9,0.0
16614,2011,E01000848,2011 super output areas - lower layer,298,Age 10 to 14,0.0
16615,2011,E01000848,2011 super output areas - lower layer,298,Age 15,0.0
16616,2011,E01000848,2011 super output areas - lower layer,298,Age 16 to 17,0.0
16617,2011,E01000848,2011 super output areas - lower layer,298,Age 18 to 19,0.0
16618,2011,E01000848,2011 super output areas - lower layer,298,Age 20 to 24,0.0
16619,2011,E01000848,2011 super output areas - lower layer,298,Age 25 to 29,0.0
16620,2011,E01000848,2011 super output areas - lower layer,298,Age 30 to 44,0.0
16621,2011,E01000848,2011 super output areas - lower layer,298,Age 45 to 59,0.0
16622,2011,E01000848,2011 super output areas - lower layer,298,Age 60 to 64,0.0
16623,2011,E01000848,2011 super output areas - lower layer,298,Age 65 to 74,0.0
16624,2011,E01000848,2011 super output areas - lower layer,298,Age 75 to 84,0.0
16625,2011,E01000848,2011 super output areas - lower layer,298,Age 85 to 89,0.0
16626,2011,E01000848,2011 super output areas - lower layer,298,Age 90 and over,0.0
16627,2011,E01000848,2011 super output areas - lower layer,298,Mean Age,
16628,2011,E01000848,2011 super output areas - lower layer,298,Median Age,0.5
16629,2011,E01000848,2011 super output areas - lower layer,298,All usual residents,0.0
16630,2011,E01000848,2011 super output areas - lower layer,298,Age 0 to 4,0.0
16631,2011,E01000848,2011 super output areas - lower layer,298,Age 5 to 7,0.0
16632,2011,E01000848,2011 super output areas - lower layer,298,Age 8 to 9,0.0
16633,2011,E01000848,2011 super output areas - lower layer,298,Age 10 to 14,0.0
16634,2011,E01000848,2011 super output areas - lower layer,298,Age 15,0.0
16635,2011,E01000848,2011 super output areas - lower layer,298,Age 16 to 17,0.0
16636,2011,E01000848,2011 super output areas - lower layer,298,Age 18 to 19,0.0
16637,2011,E01000848,2011 super output areas - lower layer,298,Age 20 to 24,0.0
16638,2011,E01000848,2011 super output areas - lower layer,298,Age 25 to 29,0.0
16639,2011,E01000848,2011 super output areas - lower layer,298,Age 30 to 44,0.0
16640,2011,E01000848,2011 super output areas - lower layer,298,Age 45 to 59,0.0
16641,2011,E01000848,2011 super output areas - lower layer,298,Age 60 to 64,0.0
16642,2011,E01000848,2011 super output areas - lower layer,298,Age 65 to 74,0.0
16643,2011,E01000848,2011 super output areas - lower layer,298,Age 75 to 84,0.0
16644,2011,E01000848,2011 super output areas - lower layer,298,Age 85 to 89,0.0
16645,2011,E01000848,2011 super output areas - lower layer,298,Age 90 and over,0.0
16646,2011,E01000848,2011 super output areas - lower layer,298,Mean Age,
16647,2011,E01000848,2011 super output areas - lower layer,298,Median Age,0.5
16648,2011,E01000848,2011 super output areas - lower layer,298,All usual residents,0.0
16649,2011,E01000848,2011 super output areas - lower layer,298,Age 0 to 4,0.0
16650,2011,E01000848,2011 super output areas - lower layer,298,Age 5 to 7,0.0
16651,2011,E01000848,2011 super output areas - lower layer,298,Age 8 to 9,0.0
16652,2011,E01000848,2011 super output areas - lower layer,298,Age 10 to 14,0.0
16653,2011,E01000848,2011 super output areas - lower layer,298,Age 15,0.0
16654,2011,E01000848,2011 super output areas - lower layer,298,Age 16 to 17,0.0
16655,2011,E01000848,2011 super output areas - lower layer,298,Age 18 to 19,0.0
16656,2011,E01000848,2011 super output areas - lower layer,298,Age 20 to 24,0.0
16657,2011,E01000848,2011 super output areas - lower layer,298,Age 25 to 29,0.0
16658,2011,E01000848,2011 super output areas - lower layer,298,Age 30 to 44,0.0
16659,2011,E01000848,2011 super output areas - lower layer,298,Age 45 to 59,0.0
16660,2011,E01000848,2011 super output areas - lower layer,298,Age 60 to 64,0.0
16661,2011,E01000848,2011 super output areas - lower layer,298,Age 65 to 74,0.0
16662,2011,E01000848,2011 super output areas - lower layer,298,Age 75 to 84,0.0
16663,2011,E01000848,2011 super output areas - lower layer,298,Age 85 to 89,0.0
16664,2011,E01000848,2011 super output areas - lower layer,298,Age 90 and over,0.0
16665,2011,E01000848,2011 super output areas - lower layer,298,Mean Age,
16666,2011,E01000848,2011 super output areas - lower layer,298,Median Age,0.5
16667,2011,E01000848,2011 super output areas - lower layer,298,All usual residents,0.0
16668,2011,E01000848,2011 super output areas - lower layer,298,Age 0 to 4,0.0
16669,2011,E01000848,2011 super output areas - lower layer,298,Age 5 to 7,0.0
16670,2011,E01000848,2011 super output areas - lower layer,298,Age 8 to 9,0.0
16671,2011,E01000848,2011 super output areas - lower layer,298,Age 10 to 14,0.0
16672,2011,E01000848,2011 super output areas - lower layer,298,Age 15,0.0
16673,2011,E01000848,2011 super output areas - lower layer,298,Age 16 to 17,0.0
16674,2011,E01000848,2011 super output areas - lower layer,298,Age 18 to 19,0.0
16675,2011,E01000848,2011 super output areas - lower layer,298,Age 20 to 24,0.0
16676,2011,E01000848,2011 super output areas - lower layer,298,Age 25 to 29,0.0
16677,2011,E01000848,2011 super output areas - lower layer,298,Age 30 to 44,0.0
16678,2011,E01000848,2011 super output areas - lower layer,298,Age 45 to 59,0.0
16679,2011,E01000848,2011 super output areas - lower layer,298,Age 60 to 64,0.0
16680,2011,E01000848,2011 super output areas - lower layer,298,Age 65 to 74,0.0
16681,2011,E01000848,2011 super output areas - lower layer,298,Age 75 to 84,0.0
16682,2011,E01000848,2011 super output areas - lower layer,298,Age 85 to 89,0.0
16683,2011,E01000848,2011 super output areas - lower layer,298,Age 90 and over,0.0
16684,2011,E01000848,2011 super output areas - lower layer,298,Mean Age,
16685,2011,E01000848,2011 super output areas - lower layer,298,Median Age,0.5
16686,2011,E01000848,2011 super output areas - lower layer,298,All usual residents,0.0
16687,2011,E01000848,2011 super output areas - lower layer,298,Age 0 to 4,0.0
16688,2011,E01000848,2011 super output areas - lower layer,298,Age 5 to 7,0.0
16689,2011,E01000848,2011 super output areas - lower layer,298,Age 8 to 9,0.0
16690,2011,E01000848,2011 super output areas - lower layer,298,Age 10 to 14,0.0
16691,2011,E01000848,2011 super output areas - lower layer,298,Age 15,0.0
16692,2011,E01000848,2011 super output areas - lower layer,298,Age 16 to 17,0.0
16693,2011,E01000848,2011 super output areas - lower layer,298,Age 18 to 19,0.0
16694,2011,E01000848,2011 super output areas - lower layer,298,Age 20 to 24,0.0
16695,2011,E01000848,2011 super output areas - lower layer,298,Age 25 to 29,0.0
16696,2011,E01000848,2011 super output areas - lower layer,298,Age 30 to 44,0.0
16697,2011,E01000848,2011 super output areas - lower layer,298,Age 45 to 59,0.0
16698,2011,E01000848,2011 super output areas - lower layer,298,Age 60 to 64,0.0
16699,2011,E01000848,2011 super output areas - lower layer,298,Age 65 to 74,0.0
16700,2011,E01000848,2011 super output areas - lower layer,298,Age 75 to 84,0.0
16701,2011,E01000848,2011 super output areas - lower layer,298,Age 85 to 89,0.0
16702,2011,E01000848,2011 super output areas - lower layer,298,Age 90 and over,0.0
16703,2011,E01000848,2011 super output areas - lower layer,298,Mean Age,
16704,2011,E01000848,2011 super output areas - lower layer,298,Median Age,0.5
16705,2011,E01000848,2011 super output areas - lower layer,298,All usual residents,0.0
16706,2011,E01000848,2011 super output areas - lower layer,298,Age 0 to 4,0.0
16707,2011,E01000848,2011 super output areas - lower layer,298,Age 5 to 7,0.0
16708,2011,E01000848,2011 super output areas - lower layer,298,Age 8 to 9,0.0
16709,2011,E01000848,2011 super output areas - lower layer,298,Age 10 to 14,0.0
16710,2011,E01000848,2011 super output areas - lower layer,298,Age 15,0.0
16711,2011,E01000848,2011 super output areas - lower layer,298,Age 16 to 17,0.0
16712,2011,E01000848,2011 super output areas - lower layer,298,Age 18 to 19,0.0
16713,2011,E01000848,2011 super output areas - lower layer,298,Age 20 to 24,0.0
16714,2011,E01000848,2011 super output areas - lower layer,298,Age 25 to 29,0.0
16715,2011,E01000848,2011 super output areas - lower layer,298,Age 30 to 44,0.0
16716,2011,E01000848,2011 super output areas - lower layer,298,Age 45 to 59,0.0
16717,2011,E01000848,2011 super output areas - lower layer,298,Age 60 to 64,0.0
16718,2011,E01000848,2011 super output areas - lower layer,298,Age 65 to 74,0.0
16719,2011,E01000848,2011 super output areas - lower layer,298,Age 75 to 84,0.0
16720,2011,E01000848,2011 super output areas - lower layer,298,Age 85 to 89,0.0
16721,2011,E01000848,2011 super output areas - lower layer,298,Age 90 and over,0.0
16722,2011,E01000848,2011 super output areas - lower layer,298,Mean Age,
16723,2011,E01000848,2011 super output areas - lower layer,298,Median Age,0.5
16724,2011,E01000848,2011 super output areas - lower layer,298,All usual residents,0.0
16725,2011,E01000848,2011 super output areas - lower layer,298,Age 0 to 4,0.0
16726,2011,E01000848,2011 super output areas - lower layer,298,Age 5 to 7,0.0
16727,2011,E01000848,2011 super output areas - lower layer,298,Age 8 to 9,0.0
16728,2011,E01000848,2011 super output areas - lower layer,298,Age 10 to 14,0.0
16729,2011,E01000848,2011 super output areas - lower layer,298,Age 15,0.0
16730,2011,E01000848,2011 super output areas - lower layer,298,Age 16 to 17,0.0
16731,2011,E01000848,2011 super output areas - lower layer,298,Age 18 to 19,0.0
16732,2011,E01000848,2011 super output areas - lower layer,298,Age 20 to 24,0.0
16733,2011,E01000848,2011 super output areas - lower layer,298,Age 25 to 29,0.0
16734,2011,E01000848,2011 super output areas - lower layer,298,Age 30 to 44,0.0
16735,2011,E01000848,2011 super output areas - lower layer,298,Age 45 to 59,0.0
16736,2011,E01000848,2011 super output areas - lower layer,298,Age 60 to 64,0.0
16737,2011,E01000848,2011 super output areas - lower layer,298,Age 65 to 74,0.0
16738,2011,E01000848,2011 super output areas - lower layer,298,Age 75 to 84,0.0
16739,2011,E01000848,2011 super output areas - lower layer,298,Age 85 to 89,0.0
16740,2011,E01000848,2011 super output areas - lower layer,298,Age 90 and over,0.0
16741,2011,E01000848,2011 super output areas - lower layer,298,Mean Age,
16742,2011,E01000848,2011 super output areas - lower layer,298,Median Age,0.5
16743,2011,E01000848,2011 super output areas - lower layer,298,All usual residents,0.0
16744,2011,E01000848,2011 super output areas - lower layer,298,Age 0 to 4,0.0
16745,2011,E01000848,2011 super output areas - lower layer,298,Age 5 to 7,0.0
16746,2011,E01000848,2011 super output areas - lower layer,298,Age 8 to 9,0.0
16747,2011,E01000848,2011 super output areas - lower layer,298,Age 10 to 14,0.0
16748,2011,E01000848,2011 super output areas - lower layer,298,Age 15,0.0
16749,2011,E01000848,2011 super output areas - lower layer,298,Age 16 to 17,0.0
16750,2011,E01000848,2011 super output areas - lower layer,298,Age 18 to 19,0.0
16751,2011,E01000848,2011 super output areas - lower layer,298,Age 20 to 24,0.0
16752,2011,E01000848,2011 super output areas - lower layer,298,Age 25 to 29,0.0
16753,2011,E01000848,2011 super output areas - lower layer,298,Age 30 to 44,0.0
16754,2011,E01000848,2011 super output areas - lower layer,298,Age 45 to 59,0.0
16755,2011,E01000848,2011 super output areas - lower layer,298,Age 60 to 64,0.0
16756,2011,E01000848,2011 super output areas - lower layer,298,Age 65 to 74,0.0
16757,2011,E01000848,2011 super output areas - lower layer,298,Age 75 to 84,0.0
16758,2011,E01000848,2011 super output areas - lower layer,298,Age 85 to 89,0.0
16759,2011,E01000848,2011 super output areas - lower layer,298,Age 90 and over,0.0
16760,2011,E01000848,2011 super output areas - lower layer,298,Mean Age,
16761,2011,E01000848,2011 super output areas - lower layer,298,Median Age,0.5
16762,2011,E01000848,2011 super output areas - lower layer,298,All usual residents,0.0
16763,2011,E01000848,2011 super output areas - lower layer,298,Age 0 to 4,0.0
16764,2011,E01000848,2011 super output areas - lower layer,298,Age 5 to 7,0.0
16765,2011,E01000848,2011 super output areas - lower layer,298,Age 8 to 9,0.0
16766,2011,E01000848,2011 super output areas - lower layer,298,Age 10 to 14,0.0
16767,2011,E01000848,2011 super output areas - lower layer,298,Age 15,0.0
16768,2011,E01000848,2011 super output areas - lower layer,298,Age 16 to 17,0.0
16769,2011,E01000848,2011 super output areas - lower layer,298,Age 18 to 19,0.0
16770,2011,E01000848,2011 super output areas - lower layer,298,Age 20 to 24,0.0
16771,2011,E01000848,2011 super output areas - lower layer,298,Age 25 to 29,0.0
16772,2011,E01000848,2011 super output areas - lower layer,298,Age 30 to 44,0.0
16773,2011,E01000848,2011 super output areas - lower layer,298,Age 45 to 59,0.0
16774,2011,E01000848,2011 super output areas - lower layer,298,Age 60 to 64,0.0
16775,2011,E01000848,2011 super output areas - lower layer,298,Age 65 to 74,0.0
16776,2011,E01000848,2011 super output areas - lower layer,298,Age 75 to 84,0.0
16777,2011,E01000848,2011 super output areas - lower layer,298,Age 85 to 89,0.0
16778,2011,E01000848,2011 super output areas - lower layer,298,Age 90 and over,0.0
16779,2011,E01000848,2011 super output areas - lower layer,298,Mean Age,
16780,2011,E01000848,2011 super output areas - lower layer,298,Median Age,0.5
16781,2011,E01000848,2011 super output areas - lower layer,298,All usual residents,0.0
16782,2011,E01000848,2011 super output areas - lower layer,298,Age 0 to 4,0.0
16783,2011,E01000848,2011 super output areas - lower layer,298,Age 5 to 7,0.0
16784,2011,E01000848,2011 super output areas - lower layer,298,Age 8 to 9,0.0
16785,2011,E01000848,2011 super output areas - lower layer,298,Age 10 to 14,0.0
16786,2011,E01000848,2011 super output areas - lower layer,298,Age 15,0.0
16787,2011,E01000848,2011 super output areas - lower layer,298,Age 16 to 17,0.0
16788,2011,E01000848,2011 super output areas - lower layer,298,Age 18 to 19,0.0
16789,2011,E01000848,2011 super output areas - lower layer,298,Age 20 to 24,0.0
16790,2011,E01000848,2011 super output areas - lower layer,298,Age 25 to 29,0.0
16791,2011,E01000848,2011 super output areas - lower layer,298,Age 30 to 44,0.0
16792,2011,E01000848,2011 super output areas - lower layer,298,Age 45 to 59,0.0
16793,2011,E01000848,2011 super output areas - lower layer,298,Age 60 to 64,0.0
16794,2011,E01000848,2011 super output areas - lower layer,298,Age 65 to 74,0.0
16795,2011,E01000848,2011 super output areas - lower layer,298,Age 75 to 84,0.0
16796,2011,E01000848,2011 super output areas - lower layer,298,Age 85 to 89,0.0
16797,2011,E01000848,2011 super output areas - lower layer,298,Age 90 and over,0.0
16798,2011,E01000848,2011 super output areas - lower layer,298,Mean Age,
16799,2011,E01000848,2011 super output areas - lower layer,298,Median Age,0.5
16800,2011,E01000849,2011 super output areas - lower layer,298,All usual residents,1569.0
16801,2011,E01000849,2011 super output areas - lower layer,298,Age 0 to 4,94.0
16802,2011,E01000849,2011 super output areas - lower layer,298,Age 5 to 7,41.0
16803,2011,E01000849,2011 super output areas - lower layer,298,Age 8 to 9,20.0
16804,2011,E01000849,2011 super output areas - lower layer,298,Age 10 to 14,35.0
16805,2011,E01000849,2011 super output areas - lower layer,298,Age 15,7.0
16806,2011,E01000849,2011 super output areas - lower layer,298,Age 16 to 17,19.0
16807,2011,E01000849,2011 super output areas - lower layer,298,Age 18 to 19,13.0
16808,2011,E01000849,2011 super output areas - lower layer,298,Age 20 to 24,78.0
16809,2011,E01000849,2011 super output areas - lower layer,298,Age 25 to 29,234.0
16810,2011,E01000849,2011 super output areas - lower layer,298,Age 30 to 44,557.0
16811,2011,E01000849,2011 super output areas - lower layer,298,Age 45 to 59,200.0
16812,2011,E01000849,2011 super output areas - lower layer,298,Age 60 to 64,70.0
16813,2011,E01000849,2011 super output areas - lower layer,298,Age 65 to 74,103.0
16814,2011,E01000849,2011 super output areas - lower layer,298,Age 75 to 84,74.0
16815,2011,E01000849,2011 super output areas - lower layer,298,Age 85 to 89,17.0
16816,2011,E01000849,2011 super output areas - lower layer,298,Age 90 and over,7.0
16817,2011,E01000849,2011 super output areas - lower layer,298,Mean Age,37.8
16818,2011,E01000849,2011 super output areas - lower layer,298,Median Age,35.0
16819,2011,E01000849,2011 super output areas - lower layer,298,All usual residents,0.0
16820,2011,E01000849,2011 super output areas - lower layer,298,Age 0 to 4,0.0
16821,2011,E01000849,2011 super output areas - lower layer,298,Age 5 to 7,0.0
16822,2011,E01000849,2011 super output areas - lower layer,298,Age 8 to 9,0.0
16823,2011,E01000849,2011 super output areas - lower layer,298,Age 10 to 14,0.0
16824,2011,E01000849,2011 super output areas - lower layer,298,Age 15,0.0
16825,2011,E01000849,2011 super output areas - lower layer,298,Age 16 to 17,0.0
16826,2011,E01000849,2011 super output areas - lower layer,298,Age 18 to 19,0.0
16827,2011,E01000849,2011 super output areas - lower layer,298,Age 20 to 24,0.0
16828,2011,E01000849,2011 super output areas - lower layer,298,Age 25 to 29,0.0
16829,2011,E01000849,2011 super output areas - lower layer,298,Age 30 to 44,0.0
16830,2011,E01000849,2011 super output areas - lower layer,298,Age 45 to 59,0.0
16831,2011,E01000849,2011 super output areas - lower layer,298,Age 60 to 64,0.0
16832,2011,E01000849,2011 super output areas - lower layer,298,Age 65 to 74,0.0
16833,2011,E01000849,2011 super output areas - lower layer,298,Age 75 to 84,0.0
16834,2011,E01000849,2011 super output areas - lower layer,298,Age 85 to 89,0.0
16835,2011,E01000849,2011 super output areas - lower layer,298,Age 90 and over,0.0
16836,2011,E01000849,2011 super output areas - lower layer,298,Mean Age,
16837,2011,E01000849,2011 super output areas - lower layer,298,Median Age,0.5
16838,2011,E01000849,2011 super output areas - lower layer,298,All usual residents,0.0
16839,2011,E01000849,2011 super output areas - lower layer,298,Age 0 to 4,0.0
16840,2011,E01000849,2011 super output areas - lower layer,298,Age 5 to 7,0.0
16841,2011,E01000849,2011 super output areas - lower layer,298,Age 8 to 9,0.0
16842,2011,E01000849,2011 super output areas - lower layer,298,Age 10 to 14,0.0
16843,2011,E01000849,2011 super output areas - lower layer,298,Age 15,0.0
16844,2011,E01000849,2011 super output areas - lower layer,298,Age 16 to 17,0.0
16845,2011,E01000849,2011 super output areas - lower layer,298,Age 18 to 19,0.0
16846,2011,E01000849,2011 super output areas - lower layer,298,Age 20 to 24,0.0
16847,2011,E01000849,2011 super output areas - lower layer,298,Age 25 to 29,0.0
16848,2011,E01000849,2011 super output areas - lower layer,298,Age 30 to 44,0.0
16849,2011,E01000849,2011 super output areas - lower layer,298,Age 45 to 59,0.0
16850,2011,E01000849,2011 super output areas - lower layer,298,Age 60 to 64,0.0
16851,2011,E01000849,2011 super output areas - lower layer,298,Age 65 to 74,0.0
16852,2011,E01000849,2011 super output areas - lower layer,298,Age 75 to 84,0.0
16853,2011,E01000849,2011 super output areas - lower layer,298,Age 85 to 89,0.0
16854,2011,E01000849,2011 super output areas - lower layer,298,Age 90 and over,0.0
16855,2011,E01000849,2011 super output areas - lower layer,298,Mean Age,
16856,2011,E01000849,2011 super output areas - lower layer,298,Median Age,0.5
16857,2011,E01000849,2011 super output areas - lower layer,298,All usual residents,0.0
16858,2011,E01000849,2011 super output areas - lower layer,298,Age 0 to 4,0.0
16859,2011,E01000849,2011 super output areas - lower layer,298,Age 5 to 7,0.0
16860,2011,E01000849,2011 super output areas - lower layer,298,Age 8 to 9,0.0
16861,2011,E01000849,2011 super output areas - lower layer,298,Age 10 to 14,0.0
16862,2011,E01000849,2011 super output areas - lower layer,298,Age 15,0.0
16863,2011,E01000849,2011 super output areas - lower layer,298,Age 16 to 17,0.0
16864,2011,E01000849,2011 super output areas - lower layer,298,Age 18 to 19,0.0
16865,2011,E01000849,2011 super output areas - lower layer,298,Age 20 to 24,0.0
16866,2011,E01000849,2011 super output areas - lower layer,298,Age 25 to 29,0.0
16867,2011,E01000849,2011 super output areas - lower layer,298,Age 30 to 44,0.0
16868,2011,E01000849,2011 super output areas - lower layer,298,Age 45 to 59,0.0
16869,2011,E01000849,2011 super output areas - lower layer,298,Age 60 to 64,0.0
16870,2011,E01000849,2011 super output areas - lower layer,298,Age 65 to 74,0.0
16871,2011,E01000849,2011 super output areas - lower layer,298,Age 75 to 84,0.0
16872,2011,E01000849,2011 super output areas - lower layer,298,Age 85 to 89,0.0
16873,2011,E01000849,2011 super output areas - lower layer,298,Age 90 and over,0.0
16874,2011,E01000849,2011 super output areas - lower layer,298,Mean Age,
16875,2011,E01000849,2011 super output areas - lower layer,298,Median Age,0.5
16876,2011,E01000849,2011 super output areas - lower layer,298,All usual residents,0.0
16877,2011,E01000849,2011 super output areas - lower layer,298,Age 0 to 4,0.0
16878,2011,E01000849,2011 super output areas - lower layer,298,Age 5 to 7,0.0
16879,2011,E01000849,2011 super output areas - lower layer,298,Age 8 to 9,0.0
16880,2011,E01000849,2011 super output areas - lower layer,298,Age 10 to 14,0.0
16881,2011,E01000849,2011 super output areas - lower layer,298,Age 15,0.0
16882,2011,E01000849,2011 super output areas - lower layer,298,Age 16 to 17,0.0
16883,2011,E01000849,2011 super output areas - lower layer,298,Age 18 to 19,0.0
16884,2011,E01000849,2011 super output areas - lower layer,298,Age 20 to 24,0.0
16885,2011,E01000849,2011 super output areas - lower layer,298,Age 25 to 29,0.0
16886,2011,E01000849,2011 super output areas - lower layer,298,Age 30 to 44,0.0
16887,2011,E01000849,2011 super output areas - lower layer,298,Age 45 to 59,0.0
16888,2011,E01000849,2011 super output areas - lower layer,298,Age 60 to 64,0.0
16889,2011,E01000849,2011 super output areas - lower layer,298,Age 65 to 74,0.0
16890,2011,E01000849,2011 super output areas - lower layer,298,Age 75 to 84,0.0
16891,2011,E01000849,2011 super output areas - lower layer,298,Age 85 to 89,0.0
16892,2011,E01000849,2011 super output areas - lower layer,298,Age 90 and over,0.0
16893,2011,E01000849,2011 super output areas - lower layer,298,Mean Age,
16894,2011,E01000849,2011 super output areas - lower layer,298,Median Age,0.5
16895,2011,E01000849,2011 super output areas - lower layer,298,All usual residents,0.0
16896,2011,E01000849,2011 super output areas - lower layer,298,Age 0 to 4,0.0
16897,2011,E01000849,2011 super output areas - lower layer,298,Age 5 to 7,0.0
16898,2011,E01000849,2011 super output areas - lower layer,298,Age 8 to 9,0.0
16899,2011,E01000849,2011 super output areas - lower layer,298,Age 10 to 14,0.0
16900,2011,E01000849,2011 super output areas - lower layer,298,Age 15,0.0
16901,2011,E01000849,2011 super output areas - lower layer,298,Age 16 to 17,0.0
16902,2011,E01000849,2011 super output areas - lower layer,298,Age 18 to 19,0.0
16903,2011,E01000849,2011 super output areas - lower layer,298,Age 20 to 24,0.0
16904,2011,E01000849,2011 super output areas - lower layer,298,Age 25 to 29,0.0
16905,2011,E01000849,2011 super output areas - lower layer,298,Age 30 to 44,0.0
16906,2011,E01000849,2011 super output areas - lower layer,298,Age 45 to 59,0.0
16907,2011,E01000849,2011 super output areas - lower layer,298,Age 60 to 64,0.0
16908,2011,E01000849,2011 super output areas - lower layer,298,Age 65 to 74,0.0
16909,2011,E01000849,2011 super output areas - lower layer,298,Age 75 to 84,0.0
16910,2011,E01000849,2011 super output areas - lower layer,298,Age 85 to 89,0.0
16911,2011,E01000849,2011 super output areas - lower layer,298,Age 90 and over,0.0
16912,2011,E01000849,2011 super output areas - lower layer,298,Mean Age,
16913,2011,E01000849,2011 super output areas - lower layer,298,Median Age,0.5
16914,2011,E01000849,2011 super output areas - lower layer,298,All usual residents,0.0
16915,2011,E01000849,2011 super output areas - lower layer,298,Age 0 to 4,0.0
16916,2011,E01000849,2011 super output areas - lower layer,298,Age 5 to 7,0.0
16917,2011,E01000849,2011 super output areas - lower layer,298,Age 8 to 9,0.0
16918,2011,E01000849,2011 super output areas - lower layer,298,Age 10 to 14,0.0
16919,2011,E01000849,2011 super output areas - lower layer,298,Age 15,0.0
16920,2011,E01000849,2011 super output areas - lower layer,298,Age 16 to 17,0.0
16921,2011,E01000849,2011 super output areas - lower layer,298,Age 18 to 19,0.0
16922,2011,E01000849,2011 super output areas - lower layer,298,Age 20 to 24,0.0
16923,2011,E01000849,2011 super output areas - lower layer,298,Age 25 to 29,0.0
16924,2011,E01000849,2011 super output areas - lower layer,298,Age 30 to 44,0.0
16925,2011,E01000849,2011 super output areas - lower layer,298,Age 45 to 59,0.0
16926,2011,E01000849,2011 super output areas - lower layer,298,Age 60 to 64,0.0
16927,2011,E01000849,2011 super output areas - lower layer,298,Age 65 to 74,0.0
16928,2011,E01000849,2011 super output areas - lower layer,298,Age 75 to 84,0.0
16929,2011,E01000849,2011 super output areas - lower layer,298,Age 85 to 89,0.0
16930,2011,E01000849,2011 super output areas - lower layer,298,Age 90 and over,0.0
16931,2011,E01000849,2011 super output areas - lower layer,298,Mean Age,
16932,2011,E01000849,2011 super output areas - lower layer,298,Median Age,0.5
16933,2011,E01000849,2011 super output areas - lower layer,298,All usual residents,0.0
16934,2011,E01000849,2011 super output areas - lower layer,298,Age 0 to 4,0.0
16935,2011,E01000849,2011 super output areas - lower layer,298,Age 5 to 7,0.0
16936,2011,E01000849,2011 super output areas - lower layer,298,Age 8 to 9,0.0
16937,2011,E01000849,2011 super output areas - lower layer,298,Age 10 to 14,0.0
16938,2011,E01000849,2011 super output areas - lower layer,298,Age 15,0.0
16939,2011,E01000849,2011 super output areas - lower layer,298,Age 16 to 17,0.0
16940,2011,E01000849,2011 super output areas - lower layer,298,Age 18 to 19,0.0
16941,2011,E01000849,2011 super output areas - lower layer,298,Age 20 to 24,0.0
16942,2011,E01000849,2011 super output areas - lower layer,298,Age 25 to 29,0.0
16943,2011,E01000849,2011 super output areas - lower layer,298,Age 30 to 44,0.0
16944,2011,E01000849,2011 super output areas - lower layer,298,Age 45 to 59,0.0
16945,2011,E01000849,2011 super output areas - lower layer,298,Age 60 to 64,0.0
16946,2011,E01000849,2011 super output areas - lower layer,298,Age 65 to 74,0.0
16947,2011,E01000849,2011 super output areas - lower layer,298,Age 75 to 84,0.0
16948,2011,E01000849,2011 super output areas - lower layer,298,Age 85 to 89,0.0
16949,2011,E01000849,2011 super output areas - lower layer,298,Age 90 and over,0.0
16950,2011,E01000849,2011 super output areas - lower layer,298,Mean Age,
16951,2011,E01000849,2011 super output areas - lower layer,298,Median Age,0.5
16952,2011,E01000849,2011 super output areas - lower layer,298,All usual residents,0.0
16953,2011,E01000849,2011 super output areas - lower layer,298,Age 0 to 4,0.0
16954,2011,E01000849,2011 super output areas - lower layer,298,Age 5 to 7,0.0
16955,2011,E01000849,2011 super output areas - lower layer,298,Age 8 to 9,0.0
16956,2011,E01000849,2011 super output areas - lower layer,298,Age 10 to 14,0.0
16957,2011,E01000849,2011 super output areas - lower layer,298,Age 15,0.0
16958,2011,E01000849,2011 super output areas - lower layer,298,Age 16 to 17,0.0
16959,2011,E01000849,2011 super output areas - lower layer,298,Age 18 to 19,0.0
16960,2011,E01000849,2011 super output areas - lower layer,298,Age 20 to 24,0.0
16961,2011,E01000849,2011 super output areas - lower layer,298,Age 25 to 29,0.0
16962,2011,E01000849,2011 super output areas - lower layer,298,Age 30 to 44,0.0
16963,2011,E01000849,2011 super output areas - lower layer,298,Age 45 to 59,0.0
16964,2011,E01000849,2011 super output areas - lower layer,298,Age 60 to 64,0.0
16965,2011,E01000849,2011 super output areas - lower layer,298,Age 65 to 74,0.0
16966,2011,E01000849,2011 super output areas - lower layer,298,Age 75 to 84,0.0
16967,2011,E01000849,2011 super output areas - lower layer,298,Age 85 to 89,0.0
16968,2011,E01000849,2011 super output areas - lower layer,298,Age 90 and over,0.0
16969,2011,E01000849,2011 super output areas - lower layer,298,Mean Age,
16970,2011,E01000849,2011 super output areas - lower layer,298,Median Age,0.5
16971,2011,E01000849,2011 super output areas - lower layer,298,All usual residents,0.0
16972,2011,E01000849,2011 super output areas - lower layer,298,Age 0 to 4,0.0
16973,2011,E01000849,2011 super output areas - lower layer,298,Age 5 to 7,0.0
16974,2011,E01000849,2011 super output areas - lower layer,298,Age 8 to 9,0.0
16975,2011,E01000849,2011 super output areas - lower layer,298,Age 10 to 14,0.0
16976,2011,E01000849,2011 super output areas - lower layer,298,Age 15,0.0
16977,2011,E01000849,2011 super output areas - lower layer,298,Age 16 to 17,0.0
16978,2011,E01000849,2011 super output areas - lower layer,298,Age 18 to 19,0.0
16979,2011,E01000849,2011 super output areas - lower layer,298,Age 20 to 24,0.0
16980,2011,E01000849,2011 super output areas - lower layer,298,Age 25 to 29,0.0
16981,2011,E01000849,2011 super output areas - lower layer,298,Age 30 to 44,0.0
16982,2011,E01000849,2011 super output areas - lower layer,298,Age 45 to 59,0.0
16983,2011,E01000849,2011 super output areas - lower layer,298,Age 60 to 64,0.0
16984,2011,E01000849,2011 super output areas - lower layer,298,Age 65 to 74,0.0
16985,2011,E01000849,2011 super output areas - lower layer,298,Age 75 to 84,0.0
16986,2011,E01000849,2011 super output areas - lower layer,298,Age 85 to 89,0.0
16987,2011,E01000849,2011 super output areas - lower layer,298,Age 90 and over,0.0
16988,2011,E01000849,2011 super output areas - lower layer,298,Mean Age,
16989,2011,E01000849,2011 super output areas - lower layer,298,Median Age,0.5
16990,2011,E01000849,2011 super output areas - lower layer,298,All usual residents,0.0
16991,2011,E01000849,2011 super output areas - lower layer,298,Age 0 to 4,0.0
16992,2011,E01000849,2011 super output areas - lower layer,298,Age 5 to 7,0.0
16993,2011,E01000849,2011 super output areas - lower layer,298,Age 8 to 9,0.0
16994,2011,E01000849,2011 super output areas - lower layer,298,Age 10 to 14,0.0
16995,2011,E01000849,2011 super output areas - lower layer,298,Age 15,0.0
16996,2011,E01000849,2011 super output areas - lower layer,298,Age 16 to 17,0.0
16997,2011,E01000849,2011 super output areas - lower layer,298,Age 18 to 19,0.0
16998,2011,E01000849,2011 super output areas - lower layer,298,Age 20 to 24,0.0
16999,2011,E01000849,2011 super output areas - lower layer,298,Age 25 to 29,0.0
17000,2011,E01000849,2011 super output areas - lower layer,298,Age 30 to 44,0.0
17001,2011,E01000849,2011 super output areas - lower layer,298,Age 45 to 59,0.0
17002,2011,E01000849,2011 super output areas - lower layer,298,Age 60 to 64,0.0
17003,2011,E01000849,2011 super output areas - lower layer,298,Age 65 to 74,0.0
17004,2011,E01000849,2011 super output areas - lower layer,298,Age 75 to 84,0.0
17005,2011,E01000849,2011 super output areas - lower layer,298,Age 85 to 89,0.0
17006,2011,E01000849,2011 super output areas - lower layer,298,Age 90 and over,0.0
17007,2011,E01000849,2011 super output areas - lower layer,298,Mean Age,
17008,2011,E01000849,2011 super output areas - lower layer,298,Median Age,0.5
17009,2011,E01000849,2011 super output areas - lower layer,298,All usual residents,0.0
17010,2011,E01000849,2011 super output areas - lower layer,298,Age 0 to 4,0.0
17011,2011,E01000849,2011 super output areas - lower layer,298,Age 5 to 7,0.0
17012,2011,E01000849,2011 super output areas - lower layer,298,Age 8 to 9,0.0
17013,2011,E01000849,2011 super output areas - lower layer,298,Age 10 to 14,0.0
17014,2011,E01000849,2011 super output areas - lower layer,298,Age 15,0.0
17015,2011,E01000849,2011 super output areas - lower layer,298,Age 16 to 17,0.0
17016,2011,E01000849,2011 super output areas - lower layer,298,Age 18 to 19,0.0
17017,2011,E01000849,2011 super output areas - lower layer,298,Age 20 to 24,0.0
17018,2011,E01000849,2011 super output areas - lower layer,298,Age 25 to 29,0.0
17019,2011,E01000849,2011 super output areas - lower layer,298,Age 30 to 44,0.0
17020,2011,E01000849,2011 super output areas - lower layer,298,Age 45 to 59,0.0
17021,2011,E01000849,2011 super output areas - lower layer,298,Age 60 to 64,0.0
17022,2011,E01000849,2011 super output areas - lower layer,298,Age 65 to 74,0.0
17023,2011,E01000849,2011 super output areas - lower layer,298,Age 75 to 84,0.0
17024,2011,E01000849,2011 super output areas - lower layer,298,Age 85 to 89,0.0
17025,2011,E01000849,2011 super output areas - lower layer,298,Age 90 and over,0.0
17026,2011,E01000849,2011 super output areas - lower layer,298,Mean Age,
17027,2011,E01000849,2011 super output areas - lower layer,298,Median Age,0.5
17028,2011,E01000849,2011 super output areas - lower layer,298,All usual residents,0.0
17029,2011,E01000849,2011 super output areas - lower layer,298,Age 0 to 4,0.0
17030,2011,E01000849,2011 super output areas - lower layer,298,Age 5 to 7,0.0
17031,2011,E01000849,2011 super output areas - lower layer,298,Age 8 to 9,0.0
17032,2011,E01000849,2011 super output areas - lower layer,298,Age 10 to 14,0.0
17033,2011,E01000849,2011 super output areas - lower layer,298,Age 15,0.0
17034,2011,E01000849,2011 super output areas - lower layer,298,Age 16 to 17,0.0
17035,2011,E01000849,2011 super output areas - lower layer,298,Age 18 to 19,0.0
17036,2011,E01000849,2011 super output areas - lower layer,298,Age 20 to 24,0.0
17037,2011,E01000849,2011 super output areas - lower layer,298,Age 25 to 29,0.0
17038,2011,E01000849,2011 super output areas - lower layer,298,Age 30 to 44,0.0
17039,2011,E01000849,2011 super output areas - lower layer,298,Age 45 to 59,0.0
17040,2011,E01000849,2011 super output areas - lower layer,298,Age 60 to 64,0.0
17041,2011,E01000849,2011 super output areas - lower layer,298,Age 65 to 74,0.0
17042,2011,E01000849,2011 super output areas - lower layer,298,Age 75 to 84,0.0
17043,2011,E01000849,2011 super output areas - lower layer,298,Age 85 to 89,0.0
17044,2011,E01000849,2011 super output areas - lower layer,298,Age 90 and over,0.0
17045,2011,E01000849,2011 super output areas - lower layer,298,Mean Age,
17046,2011,E01000849,2011 super output areas - lower layer,298,Median Age,0.5
17047,2011,E01000900,2011 super output areas - lower layer,298,All usual residents,1801.0
17048,2011,E01000900,2011 super output areas - lower layer,298,Age 0 to 4,118.0
17049,2011,E01000900,2011 super output areas - lower layer,298,Age 5 to 7,47.0
17050,2011,E01000900,2011 super output areas - lower layer,298,Age 8 to 9,37.0
17051,2011,E01000900,2011 super output areas - lower layer,298,Age 10 to 14,94.0
17052,2011,E01000900,2011 super output areas - lower layer,298,Age 15,25.0
17053,2011,E01000900,2011 super output areas - lower layer,298,Age 16 to 17,35.0
17054,2011,E01000900,2011 super output areas - lower layer,298,Age 18 to 19,39.0
17055,2011,E01000900,2011 super output areas - lower layer,298,Age 20 to 24,175.0
17056,2011,E01000900,2011 super output areas - lower layer,298,Age 25 to 29,199.0
17057,2011,E01000900,2011 super output areas - lower layer,298,Age 30 to 44,500.0
17058,2011,E01000900,2011 super output areas - lower layer,298,Age 45 to 59,264.0
17059,2011,E01000900,2011 super output areas - lower layer,298,Age 60 to 64,67.0
17060,2011,E01000900,2011 super output areas - lower layer,298,Age 65 to 74,121.0
17061,2011,E01000900,2011 super output areas - lower layer,298,Age 75 to 84,55.0
17062,2011,E01000900,2011 super output areas - lower layer,298,Age 85 to 89,15.0
17063,2011,E01000900,2011 super output areas - lower layer,298,Age 90 and over,10.0
17064,2011,E01000900,2011 super output areas - lower layer,298,Mean Age,35.3
17065,2011,E01000900,2011 super output areas - lower layer,298,Median Age,33.0
17066,2011,E01000900,2011 super output areas - lower layer,298,All usual residents,0.0
17067,2011,E01000900,2011 super output areas - lower layer,298,Age 0 to 4,0.0
17068,2011,E01000900,2011 super output areas - lower layer,298,Age 5 to 7,0.0
17069,2011,E01000900,2011 super output areas - lower layer,298,Age 8 to 9,0.0
17070,2011,E01000900,2011 super output areas - lower layer,298,Age 10 to 14,0.0
17071,2011,E01000900,2011 super output areas - lower layer,298,Age 15,0.0
17072,2011,E01000900,2011 super output areas - lower layer,298,Age 16 to 17,0.0
17073,2011,E01000900,2011 super output areas - lower layer,298,Age 18 to 19,0.0
17074,2011,E01000900,2011 super output areas - lower layer,298,Age 20 to 24,0.0
17075,2011,E01000900,2011 super output areas - lower layer,298,Age 25 to 29,0.0
17076,2011,E01000900,2011 super output areas - lower layer,298,Age 30 to 44,0.0
17077,2011,E01000900,2011 super output areas - lower layer,298,Age 45 to 59,0.0
17078,2011,E01000900,2011 super output areas - lower layer,298,Age 60 to 64,0.0
17079,2011,E01000900,2011 super output areas - lower layer,298,Age 65 to 74,0.0
17080,2011,E01000900,2011 super output areas - lower layer,298,Age 75 to 84,0.0
17081,2011,E01000900,2011 super output areas - lower layer,298,Age 85 to 89,0.0
17082,2011,E01000900,2011 super output areas - lower layer,298,Age 90 and over,0.0
17083,2011,E01000900,2011 super output areas - lower layer,298,Mean Age,
17084,2011,E01000900,2011 super output areas - lower layer,298,Median Age,0.5
17085,2011,E01000900,2011 super output areas - lower layer,298,All usual residents,0.0
17086,2011,E01000900,2011 super output areas - lower layer,298,Age 0 to 4,0.0
17087,2011,E01000900,2011 super output areas - lower layer,298,Age 5 to 7,0.0
17088,2011,E01000900,2011 super output areas - lower layer,298,Age 8 to 9,0.0
17089,2011,E01000900,2011 super output areas - lower layer,298,Age 10 to 14,0.0
17090,2011,E01000900,2011 super output areas - lower layer,298,Age 15,0.0
17091,2011,E01000900,2011 super output areas - lower layer,298,Age 16 to 17,0.0
17092,2011,E01000900,2011 super output areas - lower layer,298,Age 18 to 19,0.0
17093,2011,E01000900,2011 super output areas - lower layer,298,Age 20 to 24,0.0
17094,2011,E01000900,2011 super output areas - lower layer,298,Age 25 to 29,0.0
17095,2011,E01000900,2011 super output areas - lower layer,298,Age 30 to 44,0.0
17096,2011,E01000900,2011 super output areas - lower layer,298,Age 45 to 59,0.0
17097,2011,E01000900,2011 super output areas - lower layer,298,Age 60 to 64,0.0
17098,2011,E01000900,2011 super output areas - lower layer,298,Age 65 to 74,0.0
17099,2011,E01000900,2011 super output areas - lower layer,298,Age 75 to 84,0.0
17100,2011,E01000900,2011 super output areas - lower layer,298,Age 85 to 89,0.0
17101,2011,E01000900,2011 super output areas - lower layer,298,Age 90 and over,0.0
17102,2011,E01000900,2011 super output areas - lower layer,298,Mean Age,
17103,2011,E01000900,2011 super output areas - lower layer,298,Median Age,0.5
17104,2011,E01000900,2011 super output areas - lower layer,298,All usual residents,0.0
17105,2011,E01000900,2011 super output areas - lower layer,298,Age 0 to 4,0.0
17106,2011,E01000900,2011 super output areas - lower layer,298,Age 5 to 7,0.0
17107,2011,E01000900,2011 super output areas - lower layer,298,Age 8 to 9,0.0
17108,2011,E01000900,2011 super output areas - lower layer,298,Age 10 to 14,0.0
17109,2011,E01000900,2011 super output areas - lower layer,298,Age 15,0.0
17110,2011,E01000900,2011 super output areas - lower layer,298,Age 16 to 17,0.0
17111,2011,E01000900,2011 super output areas - lower layer,298,Age 18 to 19,0.0
17112,2011,E01000900,2011 super output areas - lower layer,298,Age 20 to 24,0.0
17113,2011,E01000900,2011 super output areas - lower layer,298,Age 25 to 29,0.0
17114,2011,E01000900,2011 super output areas - lower layer,298,Age 30 to 44,0.0
17115,2011,E01000900,2011 super output areas - lower layer,298,Age 45 to 59,0.0
17116,2011,E01000900,2011 super output areas - lower layer,298,Age 60 to 64,0.0
17117,2011,E01000900,2011 super output areas - lower layer,298,Age 65 to 74,0.0
17118,2011,E01000900,2011 super output areas - lower layer,298,Age 75 to 84,0.0
17119,2011,E01000900,2011 super output areas - lower layer,298,Age 85 to 89,0.0
17120,2011,E01000900,2011 super output areas - lower layer,298,Age 90 and over,0.0
17121,2011,E01000900,2011 super output areas - lower layer,298,Mean Age,
17122,2011,E01000900,2011 super output areas - lower layer,298,Median Age,0.5
17123,2011,E01000900,2011 super output areas - lower layer,298,All usual residents,0.0
17124,2011,E01000900,2011 super output areas - lower layer,298,Age 0 to 4,0.0
17125,2011,E01000900,2011 super output areas - lower layer,298,Age 5 to 7,0.0
17126,2011,E01000900,2011 super output areas - lower layer,298,Age 8 to 9,0.0
17127,2011,E01000900,2011 super output areas - lower layer,298,Age 10 to 14,0.0
17128,2011,E01000900,2011 super output areas - lower layer,298,Age 15,0.0
17129,2011,E01000900,2011 super output areas - lower layer,298,Age 16 to 17,0.0
17130,2011,E01000900,2011 super output areas - lower layer,298,Age 18 to 19,0.0
17131,2011,E01000900,2011 super output areas - lower layer,298,Age 20 to 24,0.0
17132,2011,E01000900,2011 super output areas - lower layer,298,Age 25 to 29,0.0
17133,2011,E01000900,2011 super output areas - lower layer,298,Age 30 to 44,0.0
17134,2011,E01000900,2011 super output areas - lower layer,298,Age 45 to 59,0.0
17135,2011,E01000900,2011 super output areas - lower layer,298,Age 60 to 64,0.0
17136,2011,E01000900,2011 super output areas - lower layer,298,Age 65 to 74,0.0
17137,2011,E01000900,2011 super output areas - lower layer,298,Age 75 to 84,0.0
17138,2011,E01000900,2011 super output areas - lower layer,298,Age 85 to 89,0.0
17139,2011,E01000900,2011 super output areas - lower layer,298,Age 90 and over,0.0
17140,2011,E01000900,2011 super output areas - lower layer,298,Mean Age,
17141,2011,E01000900,2011 super output areas - lower layer,298,Median Age,0.5
17142,2011,E01000900,2011 super output areas - lower layer,298,All usual residents,0.0
17143,2011,E01000900,2011 super output areas - lower layer,298,Age 0 to 4,0.0
17144,2011,E01000900,2011 super output areas - lower layer,298,Age 5 to 7,0.0
17145,2011,E01000900,2011 super output areas - lower layer,298,Age 8 to 9,0.0
17146,2011,E01000900,2011 super output areas - lower layer,298,Age 10 to 14,0.0
17147,2011,E01000900,2011 super output areas - lower layer,298,Age 15,0.0
17148,2011,E01000900,2011 super output areas - lower layer,298,Age 16 to 17,0.0
17149,2011,E01000900,2011 super output areas - lower layer,298,Age 18 to 19,0.0
17150,2011,E01000900,2011 super output areas - lower layer,298,Age 20 to 24,0.0
17151,2011,E01000900,2011 super output areas - lower layer,298,Age 25 to 29,0.0
17152,2011,E01000900,2011 super output areas - lower layer,298,Age 30 to 44,0.0
17153,2011,E01000900,2011 super output areas - lower layer,298,Age 45 to 59,0.0
17154,2011,E01000900,2011 super output areas - lower layer,298,Age 60 to 64,0.0
17155,2011,E01000900,2011 super output areas - lower layer,298,Age 65 to 74,0.0
17156,2011,E01000900,2011 super output areas - lower layer,298,Age 75 to 84,0.0
17157,2011,E01000900,2011 super output areas - lower layer,298,Age 85 to 89,0.0
17158,2011,E01000900,2011 super output areas - lower layer,298,Age 90 and over,0.0
17159,2011,E01000900,2011 super output areas - lower layer,298,Mean Age,
17160,2011,E01000900,2011 super output areas - lower layer,298,Median Age,0.5
17161,2011,E01000900,2011 super output areas - lower layer,298,All usual residents,0.0
17162,2011,E01000900,2011 super output areas - lower layer,298,Age 0 to 4,0.0
17163,2011,E01000900,2011 super output areas - lower layer,298,Age 5 to 7,0.0
17164,2011,E01000900,2011 super output areas - lower layer,298,Age 8 to 9,0.0
17165,2011,E01000900,2011 super output areas - lower layer,298,Age 10 to 14,0.0
17166,2011,E01000900,2011 super output areas - lower layer,298,Age 15,0.0
17167,2011,E01000900,2011 super output areas - lower layer,298,Age 16 to 17,0.0
17168,2011,E01000900,2011 super output areas - lower layer,298,Age 18 to 19,0.0
17169,2011,E01000900,2011 super output areas - lower layer,298,Age 20 to 24,0.0
17170,2011,E01000900,2011 super output areas - lower layer,298,Age 25 to 29,0.0
17171,2011,E01000900,2011 super output areas - lower layer,298,Age 30 to 44,0.0
17172,2011,E01000900,2011 super output areas - lower layer,298,Age 45 to 59,0.0
17173,2011,E01000900,2011 super output areas - lower layer,298,Age 60 to 64,0.0
17174,2011,E01000900,2011 super output areas - lower layer,298,Age 65 to 74,0.0
17175,2011,E01000900,2011 super output areas - lower layer,298,Age 75 to 84,0.0
17176,2011,E01000900,2011 super output areas - lower layer,298,Age 85 to 89,0.0
17177,2011,E01000900,2011 super output areas - lower layer,298,Age 90 and over,0.0
17178,2011,E01000900,2011 super output areas - lower layer,298,Mean Age,
17179,2011,E01000900,2011 super output areas - lower layer,298,Median Age,0.5
17180,2011,E01000900,2011 super output areas - lower layer,298,All usual residents,0.0
17181,2011,E01000900,2011 super output areas - lower layer,298,Age 0 to 4,0.0
17182,2011,E01000900,2011 super output areas - lower layer,298,Age 5 to 7,0.0
17183,2011,E01000900,2011 super output areas - lower layer,298,Age 8 to 9,0.0
17184,2011,E01000900,2011 super output areas - lower layer,298,Age 10 to 14,0.0
17185,2011,E01000900,2011 super output areas - lower layer,298,Age 15,0.0
17186,2011,E01000900,2011 super output areas - lower layer,298,Age 16 to 17,0.0
17187,2011,E01000900,2011 super output areas - lower layer,298,Age 18 to 19,0.0
17188,2011,E01000900,2011 super output areas - lower layer,298,Age 20 to 24,0.0
17189,2011,E01000900,2011 super output areas - lower layer,298,Age 25 to 29,0.0
17190,2011,E01000900,2011 super output areas - lower layer,298,Age 30 to 44,0.0
17191,2011,E01000900,2011 super output areas - lower layer,298,Age 45 to 59,0.0
17192,2011,E01000900,2011 super output areas - lower layer,298,Age 60 to 64,0.0
17193,2011,E01000900,2011 super output areas - lower layer,298,Age 65 to 74,0.0
17194,2011,E01000900,2011 super output areas - lower layer,298,Age 75 to 84,0.0
17195,2011,E01000900,2011 super output areas - lower layer,298,Age 85 to 89,0.0
17196,2011,E01000900,2011 super output areas - lower layer,298,Age 90 and over,0.0
17197,2011,E01000900,2011 super output areas - lower layer,298,Mean Age,
17198,2011,E01000900,2011 super output areas - lower layer,298,Median Age,0.5
17199,2011,E01000900,2011 super output areas - lower layer,298,All usual residents,0.0
17200,2011,E01000900,2011 super output areas - lower layer,298,Age 0 to 4,0.0
17201,2011,E01000900,2011 super output areas - lower layer,298,Age 5 to 7,0.0
17202,2011,E01000900,2011 super output areas - lower layer,298,Age 8 to 9,0.0
17203,2011,E01000900,2011 super output areas - lower layer,298,Age 10 to 14,0.0
17204,2011,E01000900,2011 super output areas - lower layer,298,Age 15,0.0
17205,2011,E01000900,2011 super output areas - lower layer,298,Age 16 to 17,0.0
17206,2011,E01000900,2011 super output areas - lower layer,298,Age 18 to 19,0.0
17207,2011,E01000900,2011 super output areas - lower layer,298,Age 20 to 24,0.0
17208,2011,E01000900,2011 super output areas - lower layer,298,Age 25 to 29,0.0
17209,2011,E01000900,2011 super output areas - lower layer,298,Age 30 to 44,0.0
17210,2011,E01000900,2011 super output areas - lower layer,298,Age 45 to 59,0.0
17211,2011,E01000900,2011 super output areas - lower layer,298,Age 60 to 64,0.0
17212,2011,E01000900,2011 super output areas - lower layer,298,Age 65 to 74,0.0
17213,2011,E01000900,2011 super output areas - lower layer,298,Age 75 to 84,0.0
17214,2011,E01000900,2011 super output areas - lower layer,298,Age 85 to 89,0.0
17215,2011,E01000900,2011 super output areas - lower layer,298,Age 90 and over,0.0
17216,2011,E01000900,2011 super output areas - lower layer,298,Mean Age,
17217,2011,E01000900,2011 super output areas - lower layer,298,Median Age,0.5
17218,2011,E01000900,2011 super output areas - lower layer,298,All usual residents,0.0
17219,2011,E01000900,2011 super output areas - lower layer,298,Age 0 to 4,0.0
17220,2011,E01000900,2011 super output areas - lower layer,298,Age 5 to 7,0.0
17221,2011,E01000900,2011 super output areas - lower layer,298,Age 8 to 9,0.0
17222,2011,E01000900,2011 super output areas - lower layer,298,Age 10 to 14,0.0
17223,2011,E01000900,2011 super output areas - lower layer,298,Age 15,0.0
17224,2011,E01000900,2011 super output areas - lower layer,298,Age 16 to 17,0.0
17225,2011,E01000900,2011 super output areas - lower layer,298,Age 18 to 19,0.0
17226,2011,E01000900,2011 super output areas - lower layer,298,Age 20 to 24,0.0
17227,2011,E01000900,2011 super output areas - lower layer,298,Age 25 to 29,0.0
17228,2011,E01000900,2011 super output areas - lower layer,298,Age 30 to 44,0.0
17229,2011,E01000900,2011 super output areas - lower layer,298,Age 45 to 59,0.0
17230,2011,E01000900,2011 super output areas - lower layer,298,Age 60 to 64,0.0
17231,2011,E01000900,2011 super output areas - lower layer,298,Age 65 to 74,0.0
17232,2011,E01000900,2011 super output areas - lower layer,298,Age 75 to 84,0.0
17233,2011,E01000900,2011 super output areas - lower layer,298,Age 85 to 89,0.0
17234,2011,E01000900,2011 super output areas - lower layer,298,Age 90 and over,0.0
17235,2011,E01000900,2011 super output areas - lower layer,298,Mean Age,
17236,2011,E01000900,2011 super output areas - lower layer,298,Median Age,0.5
17237,2011,E01000900,2011 super output areas - lower layer,298,All usual residents,0.0
17238,2011,E01000900,2011 super output areas - lower layer,298,Age 0 to 4,0.0
17239,2011,E01000900,2011 super output areas - lower layer,298,Age 5 to 7,0.0
17240,2011,E01000900,2011 super output areas - lower layer,298,Age 8 to 9,0.0
17241,2011,E01000900,2011 super output areas - lower layer,298,Age 10 to 14,0.0
17242,2011,E01000900,2011 super output areas - lower layer,298,Age 15,0.0
17243,2011,E01000900,2011 super output areas - lower layer,298,Age 16 to 17,0.0
17244,2011,E01000900,2011 super output areas - lower layer,298,Age 18 to 19,0.0
17245,2011,E01000900,2011 super output areas - lower layer,298,Age 20 to 24,0.0
17246,2011,E01000900,2011 super output areas - lower layer,298,Age 25 to 29,0.0
17247,2011,E01000900,2011 super output areas - lower layer,298,Age 30 to 44,0.0
17248,2011,E01000900,2011 super output areas - lower layer,298,Age 45 to 59,0.0
17249,2011,E01000900,2011 super output areas - lower layer,298,Age 60 to 64,0.0
17250,2011,E01000900,2011 super output areas - lower layer,298,Age 65 to 74,0.0
17251,2011,E01000900,2011 super output areas - lower layer,298,Age 75 to 84,0.0
17252,2011,E01000900,2011 super output areas - lower layer,298,Age 85 to 89,0.0
17253,2011,E01000900,2011 super output areas - lower layer,298,Age 90 and over,0.0
17254,2011,E01000900,2011 super output areas - lower layer,298,Mean Age,
17255,2011,E01000900,2011 super output areas - lower layer,298,Median Age,0.5
17256,2011,E01000900,2011 super output areas - lower layer,298,All usual residents,0.0
17257,2011,E01000900,2011 super output areas - lower layer,298,Age 0 to 4,0.0
17258,2011,E01000900,2011 super output areas - lower layer,298,Age 5 to 7,0.0
17259,2011,E01000900,2011 super output areas - lower layer,298,Age 8 to 9,0.0
17260,2011,E01000900,2011 super output areas - lower layer,298,Age 10 to 14,0.0
17261,2011,E01000900,2011 super output areas - lower layer,298,Age 15,0.0
17262,2011,E01000900,2011 super output areas - lower layer,298,Age 16 to 17,0.0
17263,2011,E01000900,2011 super output areas - lower layer,298,Age 18 to 19,0.0
17264,2011,E01000900,2011 super output areas - lower layer,298,Age 20 to 24,0.0
17265,2011,E01000900,2011 super output areas - lower layer,298,Age 25 to 29,0.0
17266,2011,E01000900,2011 super output areas - lower layer,298,Age 30 to 44,0.0
17267,2011,E01000900,2011 super output areas - lower layer,298,Age 45 to 59,0.0
17268,2011,E01000900,2011 super output areas - lower layer,298,Age 60 to 64,0.0
17269,2011,E01000900,2011 super output areas - lower layer,298,Age 65 to 74,0.0
17270,2011,E01000900,2011 super output areas - lower layer,298,Age 75 to 84,0.0
17271,2011,E01000900,2011 super output areas - lower layer,298,Age 85 to 89,0.0
17272,2011,E01000900,2011 super output areas - lower layer,298,Age 90 and over,0.0
17273,2011,E01000900,2011 super output areas - lower layer,298,Mean Age,
17274,2011,E01000900,2011 super output areas - lower layer,298,Median Age,0.5
17275,2011,E01000900,2011 super output areas - lower layer,298,All usual residents,0.0
17276,2011,E01000900,2011 super output areas - lower layer,298,Age 0 to 4,0.0
17277,2011,E01000900,2011 super output areas - lower layer,298,Age 5 to 7,0.0
17278,2011,E01000900,2011 super output areas - lower layer,298,Age 8 to 9,0.0
17279,2011,E01000900,2011 super output areas - lower layer,298,Age 10 to 14,0.0
17280,2011,E01000900,2011 super output areas - lower layer,298,Age 15,0.0
17281,2011,E01000900,2011 super output areas - lower layer,298,Age 16 to 17,0.0
17282,2011,E01000900,2011 super output areas - lower layer,298,Age 18 to 19,0.0
17283,2011,E01000900,2011 super output areas - lower layer,298,Age 20 to 24,0.0
17284,2011,E01000900,2011 super output areas - lower layer,298,Age 25 to 29,0.0
17285,2011,E01000900,2011 super output areas - lower layer,298,Age 30 to 44,0.0
17286,2011,E01000900,2011 super output areas - lower layer,298,Age 45 to 59,0.0
17287,2011,E01000900,2011 super output areas - lower layer,298,Age 60 to 64,0.0
17288,2011,E01000900,2011 super output areas - lower layer,298,Age 65 to 74,0.0
17289,2011,E01000900,2011 super output areas - lower layer,298,Age 75 to 84,0.0
17290,2011,E01000900,2011 super output areas - lower layer,298,Age 85 to 89,0.0
17291,2011,E01000900,2011 super output areas - lower layer,298,Age 90 and over,0.0
17292,2011,E01000900,2011 super output areas - lower layer,298,Mean Age,
17293,2011,E01000900,2011 super output areas - lower layer,298,Median Age,0.5
17294,2011,E01000902,2011 super output areas - lower layer,298,All usual residents,1451.0
17295,2011,E01000902,2011 super output areas - lower layer,298,Age 0 to 4,120.0
17296,2011,E01000902,2011 super output areas - lower layer,298,Age 5 to 7,71.0
17297,2011,E01000902,2011 super output areas - lower layer,298,Age 8 to 9,42.0
17298,2011,E01000902,2011 super output areas - lower layer,298,Age 10 to 14,102.0
17299,2011,E01000902,2011 super output areas - lower layer,298,Age 15,14.0
17300,2011,E01000902,2011 super output areas - lower layer,298,Age 16 to 17,43.0
17301,2011,E01000902,2011 super output areas - lower layer,298,Age 18 to 19,35.0
17302,2011,E01000902,2011 super output areas - lower layer,298,Age 20 to 24,108.0
17303,2011,E01000902,2011 super output areas - lower layer,298,Age 25 to 29,154.0
17304,2011,E01000902,2011 super output areas - lower layer,298,Age 30 to 44,347.0
17305,2011,E01000902,2011 super output areas - lower layer,298,Age 45 to 59,212.0
17306,2011,E01000902,2011 super output areas - lower layer,298,Age 60 to 64,58.0
17307,2011,E01000902,2011 super output areas - lower layer,298,Age 65 to 74,69.0
17308,2011,E01000902,2011 super output areas - lower layer,298,Age 75 to 84,55.0
17309,2011,E01000902,2011 super output areas - lower layer,298,Age 85 to 89,13.0
17310,2011,E01000902,2011 super output areas - lower layer,298,Age 90 and over,8.0
17311,2011,E01000902,2011 super output areas - lower layer,298,Mean Age,33.4
17312,2011,E01000902,2011 super output areas - lower layer,298,Median Age,30.0
17313,2011,E01000902,2011 super output areas - lower layer,298,All usual residents,0.0
17314,2011,E01000902,2011 super output areas - lower layer,298,Age 0 to 4,0.0
17315,2011,E01000902,2011 super output areas - lower layer,298,Age 5 to 7,0.0
17316,2011,E01000902,2011 super output areas - lower layer,298,Age 8 to 9,0.0
17317,2011,E01000902,2011 super output areas - lower layer,298,Age 10 to 14,0.0
17318,2011,E01000902,2011 super output areas - lower layer,298,Age 15,0.0
17319,2011,E01000902,2011 super output areas - lower layer,298,Age 16 to 17,0.0
17320,2011,E01000902,2011 super output areas - lower layer,298,Age 18 to 19,0.0
17321,2011,E01000902,2011 super output areas - lower layer,298,Age 20 to 24,0.0
17322,2011,E01000902,2011 super output areas - lower layer,298,Age 25 to 29,0.0
17323,2011,E01000902,2011 super output areas - lower layer,298,Age 30 to 44,0.0
17324,2011,E01000902,2011 super output areas - lower layer,298,Age 45 to 59,0.0
17325,2011,E01000902,2011 super output areas - lower layer,298,Age 60 to 64,0.0
17326,2011,E01000902,2011 super output areas - lower layer,298,Age 65 to 74,0.0
17327,2011,E01000902,2011 super output areas - lower layer,298,Age 75 to 84,0.0
17328,2011,E01000902,2011 super output areas - lower layer,298,Age 85 to 89,0.0
17329,2011,E01000902,2011 super output areas - lower layer,298,Age 90 and over,0.0
17330,2011,E01000902,2011 super output areas - lower layer,298,Mean Age,
17331,2011,E01000902,2011 super output areas - lower layer,298,Median Age,0.5
17332,2011,E01000902,2011 super output areas - lower layer,298,All usual residents,0.0
17333,2011,E01000902,2011 super output areas - lower layer,298,Age 0 to 4,0.0
17334,2011,E01000902,2011 super output areas - lower layer,298,Age 5 to 7,0.0
17335,2011,E01000902,2011 super output areas - lower layer,298,Age 8 to 9,0.0
17336,2011,E01000902,2011 super output areas - lower layer,298,Age 10 to 14,0.0
17337,2011,E01000902,2011 super output areas - lower layer,298,Age 15,0.0
17338,2011,E01000902,2011 super output areas - lower layer,298,Age 16 to 17,0.0
17339,2011,E01000902,2011 super output areas - lower layer,298,Age 18 to 19,0.0
17340,2011,E01000902,2011 super output areas - lower layer,298,Age 20 to 24,0.0
17341,2011,E01000902,2011 super output areas - lower layer,298,Age 25 to 29,0.0
17342,2011,E01000902,2011 super output areas - lower layer,298,Age 30 to 44,0.0
17343,2011,E01000902,2011 super output areas - lower layer,298,Age 45 to 59,0.0
17344,2011,E01000902,2011 super output areas - lower layer,298,Age 60 to 64,0.0
17345,2011,E01000902,2011 super output areas - lower layer,298,Age 65 to 74,0.0
17346,2011,E01000902,2011 super output areas - lower layer,298,Age 75 to 84,0.0
17347,2011,E01000902,2011 super output areas - lower layer,298,Age 85 to 89,0.0
17348,2011,E01000902,2011 super output areas - lower layer,298,Age 90 and over,0.0
17349,2011,E01000902,2011 super output areas - lower layer,298,Mean Age,
17350,2011,E01000902,2011 super output areas - lower layer,298,Median Age,0.5
17351,2011,E01000902,2011 super output areas - lower layer,298,All usual residents,0.0
17352,2011,E01000902,2011 super output areas - lower layer,298,Age 0 to 4,0.0
17353,2011,E01000902,2011 super output areas - lower layer,298,Age 5 to 7,0.0
17354,2011,E01000902,2011 super output areas - lower layer,298,Age 8 to 9,0.0
17355,2011,E01000902,2011 super output areas - lower layer,298,Age 10 to 14,0.0
17356,2011,E01000902,2011 super output areas - lower layer,298,Age 15,0.0
17357,2011,E01000902,2011 super output areas - lower layer,298,Age 16 to 17,0.0
17358,2011,E01000902,2011 super output areas - lower layer,298,Age 18 to 19,0.0
17359,2011,E01000902,2011 super output areas - lower layer,298,Age 20 to 24,0.0
17360,2011,E01000902,2011 super output areas - lower layer,298,Age 25 to 29,0.0
17361,2011,E01000902,2011 super output areas - lower layer,298,Age 30 to 44,0.0
17362,2011,E01000902,2011 super output areas - lower layer,298,Age 45 to 59,0.0
17363,2011,E01000902,2011 super output areas - lower layer,298,Age 60 to 64,0.0
17364,2011,E01000902,2011 super output areas - lower layer,298,Age 65 to 74,0.0
17365,2011,E01000902,2011 super output areas - lower layer,298,Age 75 to 84,0.0
17366,2011,E01000902,2011 super output areas - lower layer,298,Age 85 to 89,0.0
17367,2011,E01000902,2011 super output areas - lower layer,298,Age 90 and over,0.0
17368,2011,E01000902,2011 super output areas - lower layer,298,Mean Age,
17369,2011,E01000902,2011 super output areas - lower layer,298,Median Age,0.5
17370,2011,E01000902,2011 super output areas - lower layer,298,All usual residents,0.0
17371,2011,E01000902,2011 super output areas - lower layer,298,Age 0 to 4,0.0
17372,2011,E01000902,2011 super output areas - lower layer,298,Age 5 to 7,0.0
17373,2011,E01000902,2011 super output areas - lower layer,298,Age 8 to 9,0.0
17374,2011,E01000902,2011 super output areas - lower layer,298,Age 10 to 14,0.0
17375,2011,E01000902,2011 super output areas - lower layer,298,Age 15,0.0
17376,2011,E01000902,2011 super output areas - lower layer,298,Age 16 to 17,0.0
17377,2011,E01000902,2011 super output areas - lower layer,298,Age 18 to 19,0.0
17378,2011,E01000902,2011 super output areas - lower layer,298,Age 20 to 24,0.0
17379,2011,E01000902,2011 super output areas - lower layer,298,Age 25 to 29,0.0
17380,2011,E01000902,2011 super output areas - lower layer,298,Age 30 to 44,0.0
17381,2011,E01000902,2011 super output areas - lower layer,298,Age 45 to 59,0.0
17382,2011,E01000902,2011 super output areas - lower layer,298,Age 60 to 64,0.0
17383,2011,E01000902,2011 super output areas - lower layer,298,Age 65 to 74,0.0
17384,2011,E01000902,2011 super output areas - lower layer,298,Age 75 to 84,0.0
17385,2011,E01000902,2011 super output areas - lower layer,298,Age 85 to 89,0.0
17386,2011,E01000902,2011 super output areas - lower layer,298,Age 90 and over,0.0
17387,2011,E01000902,2011 super output areas - lower layer,298,Mean Age,
17388,2011,E01000902,2011 super output areas - lower layer,298,Median Age,0.5
17389,2011,E01000902,2011 super output areas - lower layer,298,All usual residents,0.0
17390,2011,E01000902,2011 super output areas - lower layer,298,Age 0 to 4,0.0
17391,2011,E01000902,2011 super output areas - lower layer,298,Age 5 to 7,0.0
17392,2011,E01000902,2011 super output areas - lower layer,298,Age 8 to 9,0.0
17393,2011,E01000902,2011 super output areas - lower layer,298,Age 10 to 14,0.0
17394,2011,E01000902,2011 super output areas - lower layer,298,Age 15,0.0
17395,2011,E01000902,2011 super output areas - lower layer,298,Age 16 to 17,0.0
17396,2011,E01000902,2011 super output areas - lower layer,298,Age 18 to 19,0.0
17397,2011,E01000902,2011 super output areas - lower layer,298,Age 20 to 24,0.0
17398,2011,E01000902,2011 super output areas - lower layer,298,Age 25 to 29,0.0
17399,2011,E01000902,2011 super output areas - lower layer,298,Age 30 to 44,0.0
17400,2011,E01000902,2011 super output areas - lower layer,298,Age 45 to 59,0.0
17401,2011,E01000902,2011 super output areas - lower layer,298,Age 60 to 64,0.0
17402,2011,E01000902,2011 super output areas - lower layer,298,Age 65 to 74,0.0
17403,2011,E01000902,2011 super output areas - lower layer,298,Age 75 to 84,0.0
17404,2011,E01000902,2011 super output areas - lower layer,298,Age 85 to 89,0.0
17405,2011,E01000902,2011 super output areas - lower layer,298,Age 90 and over,0.0
17406,2011,E01000902,2011 super output areas - lower layer,298,Mean Age,
17407,2011,E01000902,2011 super output areas - lower layer,298,Median Age,0.5
17408,2011,E01000902,2011 super output areas - lower layer,298,All usual residents,0.0
17409,2011,E01000902,2011 super output areas - lower layer,298,Age 0 to 4,0.0
17410,2011,E01000902,2011 super output areas - lower layer,298,Age 5 to 7,0.0
17411,2011,E01000902,2011 super output areas - lower layer,298,Age 8 to 9,0.0
17412,2011,E01000902,2011 super output areas - lower layer,298,Age 10 to 14,0.0
17413,2011,E01000902,2011 super output areas - lower layer,298,Age 15,0.0
17414,2011,E01000902,2011 super output areas - lower layer,298,Age 16 to 17,0.0
17415,2011,E01000902,2011 super output areas - lower layer,298,Age 18 to 19,0.0
17416,2011,E01000902,2011 super output areas - lower layer,298,Age 20 to 24,0.0
17417,2011,E01000902,2011 super output areas - lower layer,298,Age 25 to 29,0.0
17418,2011,E01000902,2011 super output areas - lower layer,298,Age 30 to 44,0.0
17419,2011,E01000902,2011 super output areas - lower layer,298,Age 45 to 59,0.0
17420,2011,E01000902,2011 super output areas - lower layer,298,Age 60 to 64,0.0
17421,2011,E01000902,2011 super output areas - lower layer,298,Age 65 to 74,0.0
17422,2011,E01000902,2011 super output areas - lower layer,298,Age 75 to 84,0.0
17423,2011,E01000902,2011 super output areas - lower layer,298,Age 85 to 89,0.0
17424,2011,E01000902,2011 super output areas - lower layer,298,Age 90 and over,0.0
17425,2011,E01000902,2011 super output areas - lower layer,298,Mean Age,
17426,2011,E01000902,2011 super output areas - lower layer,298,Median Age,0.5
17427,2011,E01000902,2011 super output areas - lower layer,298,All usual residents,0.0
17428,2011,E01000902,2011 super output areas - lower layer,298,Age 0 to 4,0.0
17429,2011,E01000902,2011 super output areas - lower layer,298,Age 5 to 7,0.0
17430,2011,E01000902,2011 super output areas - lower layer,298,Age 8 to 9,0.0
17431,2011,E01000902,2011 super output areas - lower layer,298,Age 10 to 14,0.0
17432,2011,E01000902,2011 super output areas - lower layer,298,Age 15,0.0
17433,2011,E01000902,2011 super output areas - lower layer,298,Age 16 to 17,0.0
17434,2011,E01000902,2011 super output areas - lower layer,298,Age 18 to 19,0.0
17435,2011,E01000902,2011 super output areas - lower layer,298,Age 20 to 24,0.0
17436,2011,E01000902,2011 super output areas - lower layer,298,Age 25 to 29,0.0
17437,2011,E01000902,2011 super output areas - lower layer,298,Age 30 to 44,0.0
17438,2011,E01000902,2011 super output areas - lower layer,298,Age 45 to 59,0.0
17439,2011,E01000902,2011 super output areas - lower layer,298,Age 60 to 64,0.0
17440,2011,E01000902,2011 super output areas - lower layer,298,Age 65 to 74,0.0
17441,2011,E01000902,2011 super output areas - lower layer,298,Age 75 to 84,0.0
17442,2011,E01000902,2011 super output areas - lower layer,298,Age 85 to 89,0.0
17443,2011,E01000902,2011 super output areas - lower layer,298,Age 90 and over,0.0
17444,2011,E01000902,2011 super output areas - lower layer,298,Mean Age,
17445,2011,E01000902,2011 super output areas - lower layer,298,Median Age,0.5
17446,2011,E01000902,2011 super output areas - lower layer,298,All usual residents,0.0
17447,2011,E01000902,2011 super output areas - lower layer,298,Age 0 to 4,0.0
17448,2011,E01000902,2011 super output areas - lower layer,298,Age 5 to 7,0.0
17449,2011,E01000902,2011 super output areas - lower layer,298,Age 8 to 9,0.0
17450,2011,E01000902,2011 super output areas - lower layer,298,Age 10 to 14,0.0
17451,2011,E01000902,2011 super output areas - lower layer,298,Age 15,0.0
17452,2011,E01000902,2011 super output areas - lower layer,298,Age 16 to 17,0.0
17453,2011,E01000902,2011 super output areas - lower layer,298,Age 18 to 19,0.0
17454,2011,E01000902,2011 super output areas - lower layer,298,Age 20 to 24,0.0
17455,2011,E01000902,2011 super output areas - lower layer,298,Age 25 to 29,0.0
17456,2011,E01000902,2011 super output areas - lower layer,298,Age 30 to 44,0.0
17457,2011,E01000902,2011 super output areas - lower layer,298,Age 45 to 59,0.0
17458,2011,E01000902,2011 super output areas - lower layer,298,Age 60 to 64,0.0
17459,2011,E01000902,2011 super output areas - lower layer,298,Age 65 to 74,0.0
17460,2011,E01000902,2011 super output areas - lower layer,298,Age 75 to 84,0.0
17461,2011,E01000902,2011 super output areas - lower layer,298,Age 85 to 89,0.0
17462,2011,E01000902,2011 super output areas - lower layer,298,Age 90 and over,0.0
17463,2011,E01000902,2011 super output areas - lower layer,298,Mean Age,
17464,2011,E01000902,2011 super output areas - lower layer,298,Median Age,0.5
17465,2011,E01000902,2011 super output areas - lower layer,298,All usual residents,0.0
17466,2011,E01000902,2011 super output areas - lower layer,298,Age 0 to 4,0.0
17467,2011,E01000902,2011 super output areas - lower layer,298,Age 5 to 7,0.0
17468,2011,E01000902,2011 super output areas - lower layer,298,Age 8 to 9,0.0
17469,2011,E01000902,2011 super output areas - lower layer,298,Age 10 to 14,0.0
17470,2011,E01000902,2011 super output areas - lower layer,298,Age 15,0.0
17471,2011,E01000902,2011 super output areas - lower layer,298,Age 16 to 17,0.0
17472,2011,E01000902,2011 super output areas - lower layer,298,Age 18 to 19,0.0
17473,2011,E01000902,2011 super output areas - lower layer,298,Age 20 to 24,0.0
17474,2011,E01000902,2011 super output areas - lower layer,298,Age 25 to 29,0.0
17475,2011,E01000902,2011 super output areas - lower layer,298,Age 30 to 44,0.0
17476,2011,E01000902,2011 super output areas - lower layer,298,Age 45 to 59,0.0
17477,2011,E01000902,2011 super output areas - lower layer,298,Age 60 to 64,0.0
17478,2011,E01000902,2011 super output areas - lower layer,298,Age 65 to 74,0.0
17479,2011,E01000902,2011 super output areas - lower layer,298,Age 75 to 84,0.0
17480,2011,E01000902,2011 super output areas - lower layer,298,Age 85 to 89,0.0
17481,2011,E01000902,2011 super output areas - lower layer,298,Age 90 and over,0.0
17482,2011,E01000902,2011 super output areas - lower layer,298,Mean Age,
17483,2011,E01000902,2011 super output areas - lower layer,298,Median Age,0.5
17484,2011,E01000902,2011 super output areas - lower layer,298,All usual residents,0.0
17485,2011,E01000902,2011 super output areas - lower layer,298,Age 0 to 4,0.0
17486,2011,E01000902,2011 super output areas - lower layer,298,Age 5 to 7,0.0
17487,2011,E01000902,2011 super output areas - lower layer,298,Age 8 to 9,0.0
17488,2011,E01000902,2011 super output areas - lower layer,298,Age 10 to 14,0.0
17489,2011,E01000902,2011 super output areas - lower layer,298,Age 15,0.0
17490,2011,E01000902,2011 super output areas - lower layer,298,Age 16 to 17,0.0
17491,2011,E01000902,2011 super output areas - lower layer,298,Age 18 to 19,0.0
17492,2011,E01000902,2011 super output areas - lower layer,298,Age 20 to 24,0.0
17493,2011,E01000902,2011 super output areas - lower layer,298,Age 25 to 29,0.0
17494,2011,E01000902,2011 super output areas - lower layer,298,Age 30 to 44,0.0
17495,2011,E01000902,2011 super output areas - lower layer,298,Age 45 to 59,0.0
17496,2011,E01000902,2011 super output areas - lower layer,298,Age 60 to 64,0.0
17497,2011,E01000902,2011 super output areas - lower layer,298,Age 65 to 74,0.0
17498,2011,E01000902,2011 super output areas - lower layer,298,Age 75 to 84,0.0
17499,2011,E01000902,2011 super output areas - lower layer,298,Age 85 to 89,0.0
17500,2011,E01000902,2011 super output areas - lower layer,298,Age 90 and over,0.0
17501,2011,E01000902,2011 super output areas - lower layer,298,Mean Age,
17502,2011,E01000902,2011 super output areas - lower layer,298,Median Age,0.5
17503,2011,E01000902,2011 super output areas - lower layer,298,All usual residents,0.0
17504,2011,E01000902,2011 super output areas - lower layer,298,Age 0 to 4,0.0
17505,2011,E01000902,2011 super output areas - lower layer,298,Age 5 to 7,0.0
17506,2011,E01000902,2011 super output areas - lower layer,298,Age 8 to 9,0.0
17507,2011,E01000902,2011 super output areas - lower layer,298,Age 10 to 14,0.0
17508,2011,E01000902,2011 super output areas - lower layer,298,Age 15,0.0
17509,2011,E01000902,2011 super output areas - lower layer,298,Age 16 to 17,0.0
17510,2011,E01000902,2011 super output areas - lower layer,298,Age 18 to 19,0.0
17511,2011,E01000902,2011 super output areas - lower layer,298,Age 20 to 24,0.0
17512,2011,E01000902,2011 super output areas - lower layer,298,Age 25 to 29,0.0
17513,2011,E01000902,2011 super output areas - lower layer,298,Age 30 to 44,0.0
17514,2011,E01000902,2011 super output areas - lower layer,298,Age 45 to 59,0.0
17515,2011,E01000902,2011 super output areas - lower layer,298,Age 60 to 64,0.0
17516,2011,E01000902,2011 super output areas - lower layer,298,Age 65 to 74,0.0
17517,2011,E01000902,2011 super output areas - lower layer,298,Age 75 to 84,0.0
17518,2011,E01000902,2011 super output areas - lower layer,298,Age 85 to 89,0.0
17519,2011,E01000902,2011 super output areas - lower layer,298,Age 90 and over,0.0
17520,2011,E01000902,2011 super output areas - lower layer,298,Mean Age,
17521,2011,E01000902,2011 super output areas - lower layer,298,Median Age,0.5
17522,2011,E01000902,2011 super output areas - lower layer,298,All usual residents,0.0
17523,2011,E01000902,2011 super output areas - lower layer,298,Age 0 to 4,0.0
17524,2011,E01000902,2011 super output areas - lower layer,298,Age 5 to 7,0.0
17525,2011,E01000902,2011 super output areas - lower layer,298,Age 8 to 9,0.0
17526,2011,E01000902,2011 super output areas - lower layer,298,Age 10 to 14,0.0
17527,2011,E01000902,2011 super output areas - lower layer,298,Age 15,0.0
17528,2011,E01000902,2011 super output areas - lower layer,298,Age 16 to 17,0.0
17529,2011,E01000902,2011 super output areas - lower layer,298,Age 18 to 19,0.0
17530,2011,E01000902,2011 super output areas - lower layer,298,Age 20 to 24,0.0
17531,2011,E01000902,2011 super output areas - lower layer,298,Age 25 to 29,0.0
17532,2011,E01000902,2011 super output areas - lower layer,298,Age 30 to 44,0.0
17533,2011,E01000902,2011 super output areas - lower layer,298,Age 45 to 59,0.0
17534,2011,E01000902,2011 super output areas - lower layer,298,Age 60 to 64,0.0
17535,2011,E01000902,2011 super output areas - lower layer,298,Age 65 to 74,0.0
17536,2011,E01000902,2011 super output areas - lower layer,298,Age 75 to 84,0.0
17537,2011,E01000902,2011 super output areas - lower layer,298,Age 85 to 89,0.0
17538,2011,E01000902,2011 super output areas - lower layer,298,Age 90 and over,0.0
17539,2011,E01000902,2011 super output areas - lower layer,298,Mean Age,
17540,2011,E01000902,2011 super output areas - lower layer,298,Median Age,0.5
17541,2011,E01000904,2011 super output areas - lower layer,298,All usual residents,2120.0
17542,2011,E01000904,2011 super output areas - lower layer,298,Age 0 to 4,114.0
17543,2011,E01000904,2011 super output areas - lower layer,298,Age 5 to 7,61.0
17544,2011,E01000904,2011 super output areas - lower layer,298,Age 8 to 9,52.0
17545,2011,E01000904,2011 super output areas - lower layer,298,Age 10 to 14,139.0
17546,2011,E01000904,2011 super output areas - lower layer,298,Age 15,15.0
17547,2011,E01000904,2011 super output areas - lower layer,298,Age 16 to 17,40.0
17548,2011,E01000904,2011 super output areas - lower layer,298,Age 18 to 19,47.0
17549,2011,E01000904,2011 super output areas - lower layer,298,Age 20 to 24,224.0
17550,2011,E01000904,2011 super output areas - lower layer,298,Age 25 to 29,257.0
17551,2011,E01000904,2011 super output areas - lower layer,298,Age 30 to 44,578.0
17552,2011,E01000904,2011 super output areas - lower layer,298,Age 45 to 59,291.0
17553,2011,E01000904,2011 super output areas - lower layer,298,Age 60 to 64,85.0
17554,2011,E01000904,2011 super output areas - lower layer,298,Age 65 to 74,118.0
17555,2011,E01000904,2011 super output areas - lower layer,298,Age 75 to 84,78.0
17556,2011,E01000904,2011 super output areas - lower layer,298,Age 85 to 89,14.0
17557,2011,E01000904,2011 super output areas - lower layer,298,Age 90 and over,7.0
17558,2011,E01000904,2011 super output areas - lower layer,298,Mean Age,34.7
17559,2011,E01000904,2011 super output areas - lower layer,298,Median Age,31.0
17560,2011,E01000904,2011 super output areas - lower layer,298,All usual residents,0.0
17561,2011,E01000904,2011 super output areas - lower layer,298,Age 0 to 4,0.0
17562,2011,E01000904,2011 super output areas - lower layer,298,Age 5 to 7,0.0
17563,2011,E01000904,2011 super output areas - lower layer,298,Age 8 to 9,0.0
17564,2011,E01000904,2011 super output areas - lower layer,298,Age 10 to 14,0.0
17565,2011,E01000904,2011 super output areas - lower layer,298,Age 15,0.0
17566,2011,E01000904,2011 super output areas - lower layer,298,Age 16 to 17,0.0
17567,2011,E01000904,2011 super output areas - lower layer,298,Age 18 to 19,0.0
17568,2011,E01000904,2011 super output areas - lower layer,298,Age 20 to 24,0.0
17569,2011,E01000904,2011 super output areas - lower layer,298,Age 25 to 29,0.0
17570,2011,E01000904,2011 super output areas - lower layer,298,Age 30 to 44,0.0
17571,2011,E01000904,2011 super output areas - lower layer,298,Age 45 to 59,0.0
17572,2011,E01000904,2011 super output areas - lower layer,298,Age 60 to 64,0.0
17573,2011,E01000904,2011 super output areas - lower layer,298,Age 65 to 74,0.0
17574,2011,E01000904,2011 super output areas - lower layer,298,Age 75 to 84,0.0
17575,2011,E01000904,2011 super output areas - lower layer,298,Age 85 to 89,0.0
17576,2011,E01000904,2011 super output areas - lower layer,298,Age 90 and over,0.0
17577,2011,E01000904,2011 super output areas - lower layer,298,Mean Age,
17578,2011,E01000904,2011 super output areas - lower layer,298,Median Age,0.5
17579,2011,E01000904,2011 super output areas - lower layer,298,All usual residents,0.0
17580,2011,E01000904,2011 super output areas - lower layer,298,Age 0 to 4,0.0
17581,2011,E01000904,2011 super output areas - lower layer,298,Age 5 to 7,0.0
17582,2011,E01000904,2011 super output areas - lower layer,298,Age 8 to 9,0.0
17583,2011,E01000904,2011 super output areas - lower layer,298,Age 10 to 14,0.0
17584,2011,E01000904,2011 super output areas - lower layer,298,Age 15,0.0
17585,2011,E01000904,2011 super output areas - lower layer,298,Age 16 to 17,0.0
17586,2011,E01000904,2011 super output areas - lower layer,298,Age 18 to 19,0.0
17587,2011,E01000904,2011 super output areas - lower layer,298,Age 20 to 24,0.0
17588,2011,E01000904,2011 super output areas - lower layer,298,Age 25 to 29,0.0
17589,2011,E01000904,2011 super output areas - lower layer,298,Age 30 to 44,0.0
17590,2011,E01000904,2011 super output areas - lower layer,298,Age 45 to 59,0.0
17591,2011,E01000904,2011 super output areas - lower layer,298,Age 60 to 64,0.0
17592,2011,E01000904,2011 super output areas - lower layer,298,Age 65 to 74,0.0
17593,2011,E01000904,2011 super output areas - lower layer,298,Age 75 to 84,0.0
17594,2011,E01000904,2011 super output areas - lower layer,298,Age 85 to 89,0.0
17595,2011,E01000904,2011 super output areas - lower layer,298,Age 90 and over,0.0
17596,2011,E01000904,2011 super output areas - lower layer,298,Mean Age,
17597,2011,E01000904,2011 super output areas - lower layer,298,Median Age,0.5
17598,2011,E01000904,2011 super output areas - lower layer,298,All usual residents,0.0
17599,2011,E01000904,2011 super output areas - lower layer,298,Age 0 to 4,0.0
17600,2011,E01000904,2011 super output areas - lower layer,298,Age 5 to 7,0.0
17601,2011,E01000904,2011 super output areas - lower layer,298,Age 8 to 9,0.0
17602,2011,E01000904,2011 super output areas - lower layer,298,Age 10 to 14,0.0
17603,2011,E01000904,2011 super output areas - lower layer,298,Age 15,0.0
17604,2011,E01000904,2011 super output areas - lower layer,298,Age 16 to 17,0.0
17605,2011,E01000904,2011 super output areas - lower layer,298,Age 18 to 19,0.0
17606,2011,E01000904,2011 super output areas - lower layer,298,Age 20 to 24,0.0
17607,2011,E01000904,2011 super output areas - lower layer,298,Age 25 to 29,0.0
17608,2011,E01000904,2011 super output areas - lower layer,298,Age 30 to 44,0.0
17609,2011,E01000904,2011 super output areas - lower layer,298,Age 45 to 59,0.0
17610,2011,E01000904,2011 super output areas - lower layer,298,Age 60 to 64,0.0
17611,2011,E01000904,2011 super output areas - lower layer,298,Age 65 to 74,0.0
17612,2011,E01000904,2011 super output areas - lower layer,298,Age 75 to 84,0.0
17613,2011,E01000904,2011 super output areas - lower layer,298,Age 85 to 89,0.0
17614,2011,E01000904,2011 super output areas - lower layer,298,Age 90 and over,0.0
17615,2011,E01000904,2011 super output areas - lower layer,298,Mean Age,
17616,2011,E01000904,2011 super output areas - lower layer,298,Median Age,0.5
17617,2011,E01000904,2011 super output areas - lower layer,298,All usual residents,0.0
17618,2011,E01000904,2011 super output areas - lower layer,298,Age 0 to 4,0.0
17619,2011,E01000904,2011 super output areas - lower layer,298,Age 5 to 7,0.0
17620,2011,E01000904,2011 super output areas - lower layer,298,Age 8 to 9,0.0
17621,2011,E01000904,2011 super output areas - lower layer,298,Age 10 to 14,0.0
17622,2011,E01000904,2011 super output areas - lower layer,298,Age 15,0.0
17623,2011,E01000904,2011 super output areas - lower layer,298,Age 16 to 17,0.0
17624,2011,E01000904,2011 super output areas - lower layer,298,Age 18 to 19,0.0
17625,2011,E01000904,2011 super output areas - lower layer,298,Age 20 to 24,0.0
17626,2011,E01000904,2011 super output areas - lower layer,298,Age 25 to 29,0.0
17627,2011,E01000904,2011 super output areas - lower layer,298,Age 30 to 44,0.0
17628,2011,E01000904,2011 super output areas - lower layer,298,Age 45 to 59,0.0
17629,2011,E01000904,2011 super output areas - lower layer,298,Age 60 to 64,0.0
17630,2011,E01000904,2011 super output areas - lower layer,298,Age 65 to 74,0.0
17631,2011,E01000904,2011 super output areas - lower layer,298,Age 75 to 84,0.0
17632,2011,E01000904,2011 super output areas - lower layer,298,Age 85 to 89,0.0
17633,2011,E01000904,2011 super output areas - lower layer,298,Age 90 and over,0.0
17634,2011,E01000904,2011 super output areas - lower layer,298,Mean Age,
17635,2011,E01000904,2011 super output areas - lower layer,298,Median Age,0.5
17636,2011,E01000904,2011 super output areas - lower layer,298,All usual residents,0.0
17637,2011,E01000904,2011 super output areas - lower layer,298,Age 0 to 4,0.0
17638,2011,E01000904,2011 super output areas - lower layer,298,Age 5 to 7,0.0
17639,2011,E01000904,2011 super output areas - lower layer,298,Age 8 to 9,0.0
17640,2011,E01000904,2011 super output areas - lower layer,298,Age 10 to 14,0.0
17641,2011,E01000904,2011 super output areas - lower layer,298,Age 15,0.0
17642,2011,E01000904,2011 super output areas - lower layer,298,Age 16 to 17,0.0
17643,2011,E01000904,2011 super output areas - lower layer,298,Age 18 to 19,0.0
17644,2011,E01000904,2011 super output areas - lower layer,298,Age 20 to 24,0.0
17645,2011,E01000904,2011 super output areas - lower layer,298,Age 25 to 29,0.0
17646,2011,E01000904,2011 super output areas - lower layer,298,Age 30 to 44,0.0
17647,2011,E01000904,2011 super output areas - lower layer,298,Age 45 to 59,0.0
17648,2011,E01000904,2011 super output areas - lower layer,298,Age 60 to 64,0.0
17649,2011,E01000904,2011 super output areas - lower layer,298,Age 65 to 74,0.0
17650,2011,E01000904,2011 super output areas - lower layer,298,Age 75 to 84,0.0
17651,2011,E01000904,2011 super output areas - lower layer,298,Age 85 to 89,0.0
17652,2011,E01000904,2011 super output areas - lower layer,298,Age 90 and over,0.0
17653,2011,E01000904,2011 super output areas - lower layer,298,Mean Age,
17654,2011,E01000904,2011 super output areas - lower layer,298,Median Age,0.5
17655,2011,E01000904,2011 super output areas - lower layer,298,All usual residents,0.0
17656,2011,E01000904,2011 super output areas - lower layer,298,Age 0 to 4,0.0
17657,2011,E01000904,2011 super output areas - lower layer,298,Age 5 to 7,0.0
17658,2011,E01000904,2011 super output areas - lower layer,298,Age 8 to 9,0.0
17659,2011,E01000904,2011 super output areas - lower layer,298,Age 10 to 14,0.0
17660,2011,E01000904,2011 super output areas - lower layer,298,Age 15,0.0
17661,2011,E01000904,2011 super output areas - lower layer,298,Age 16 to 17,0.0
17662,2011,E01000904,2011 super output areas - lower layer,298,Age 18 to 19,0.0
17663,2011,E01000904,2011 super output areas - lower layer,298,Age 20 to 24,0.0
17664,2011,E01000904,2011 super output areas - lower layer,298,Age 25 to 29,0.0
17665,2011,E01000904,2011 super output areas - lower layer,298,Age 30 to 44,0.0
17666,2011,E01000904,2011 super output areas - lower layer,298,Age 45 to 59,0.0
17667,2011,E01000904,2011 super output areas - lower layer,298,Age 60 to 64,0.0
17668,2011,E01000904,2011 super output areas - lower layer,298,Age 65 to 74,0.0
17669,2011,E01000904,2011 super output areas - lower layer,298,Age 75 to 84,0.0
17670,2011,E01000904,2011 super output areas - lower layer,298,Age 85 to 89,0.0
17671,2011,E01000904,2011 super output areas - lower layer,298,Age 90 and over,0.0
17672,2011,E01000904,2011 super output areas - lower layer,298,Mean Age,
17673,2011,E01000904,2011 super output areas - lower layer,298,Median Age,0.5
17674,2011,E01000904,2011 super output areas - lower layer,298,All usual residents,0.0
17675,2011,E01000904,2011 super output areas - lower layer,298,Age 0 to 4,0.0
17676,2011,E01000904,2011 super output areas - lower layer,298,Age 5 to 7,0.0
17677,2011,E01000904,2011 super output areas - lower layer,298,Age 8 to 9,0.0
17678,2011,E01000904,2011 super output areas - lower layer,298,Age 10 to 14,0.0
17679,2011,E01000904,2011 super output areas - lower layer,298,Age 15,0.0
17680,2011,E01000904,2011 super output areas - lower layer,298,Age 16 to 17,0.0
17681,2011,E01000904,2011 super output areas - lower layer,298,Age 18 to 19,0.0
17682,2011,E01000904,2011 super output areas - lower layer,298,Age 20 to 24,0.0
17683,2011,E01000904,2011 super output areas - lower layer,298,Age 25 to 29,0.0
17684,2011,E01000904,2011 super output areas - lower layer,298,Age 30 to 44,0.0
17685,2011,E01000904,2011 super output areas - lower layer,298,Age 45 to 59,0.0
17686,2011,E01000904,2011 super output areas - lower layer,298,Age 60 to 64,0.0
17687,2011,E01000904,2011 super output areas - lower layer,298,Age 65 to 74,0.0
17688,2011,E01000904,2011 super output areas - lower layer,298,Age 75 to 84,0.0
17689,2011,E01000904,2011 super output areas - lower layer,298,Age 85 to 89,0.0
17690,2011,E01000904,2011 super output areas - lower layer,298,Age 90 and over,0.0
17691,2011,E01000904,2011 super output areas - lower layer,298,Mean Age,
17692,2011,E01000904,2011 super output areas - lower layer,298,Median Age,0.5
17693,2011,E01000904,2011 super output areas - lower layer,298,All usual residents,0.0
17694,2011,E01000904,2011 super output areas - lower layer,298,Age 0 to 4,0.0
17695,2011,E01000904,2011 super output areas - lower layer,298,Age 5 to 7,0.0
17696,2011,E01000904,2011 super output areas - lower layer,298,Age 8 to 9,0.0
17697,2011,E01000904,2011 super output areas - lower layer,298,Age 10 to 14,0.0
17698,2011,E01000904,2011 super output areas - lower layer,298,Age 15,0.0
17699,2011,E01000904,2011 super output areas - lower layer,298,Age 16 to 17,0.0
17700,2011,E01000904,2011 super output areas - lower layer,298,Age 18 to 19,0.0
17701,2011,E01000904,2011 super output areas - lower layer,298,Age 20 to 24,0.0
17702,2011,E01000904,2011 super output areas - lower layer,298,Age 25 to 29,0.0
17703,2011,E01000904,2011 super output areas - lower layer,298,Age 30 to 44,0.0
17704,2011,E01000904,2011 super output areas - lower layer,298,Age 45 to 59,0.0
17705,2011,E01000904,2011 super output areas - lower layer,298,Age 60 to 64,0.0
17706,2011,E01000904,2011 super output areas - lower layer,298,Age 65 to 74,0.0
17707,2011,E01000904,2011 super output areas - lower layer,298,Age 75 to 84,0.0
17708,2011,E01000904,2011 super output areas - lower layer,298,Age 85 to 89,0.0
17709,2011,E01000904,2011 super output areas - lower layer,298,Age 90 and over,0.0
17710,2011,E01000904,2011 super output areas - lower layer,298,Mean Age,
17711,2011,E01000904,2011 super output areas - lower layer,298,Median Age,0.5
17712,2011,E01000904,2011 super output areas - lower layer,298,All usual residents,0.0
17713,2011,E01000904,2011 super output areas - lower layer,298,Age 0 to 4,0.0
17714,2011,E01000904,2011 super output areas - lower layer,298,Age 5 to 7,0.0
17715,2011,E01000904,2011 super output areas - lower layer,298,Age 8 to 9,0.0
17716,2011,E01000904,2011 super output areas - lower layer,298,Age 10 to 14,0.0
17717,2011,E01000904,2011 super output areas - lower layer,298,Age 15,0.0
17718,2011,E01000904,2011 super output areas - lower layer,298,Age 16 to 17,0.0
17719,2011,E01000904,2011 super output areas - lower layer,298,Age 18 to 19,0.0
17720,2011,E01000904,2011 super output areas - lower layer,298,Age 20 to 24,0.0
17721,2011,E01000904,2011 super output areas - lower layer,298,Age 25 to 29,0.0
17722,2011,E01000904,2011 super output areas - lower layer,298,Age 30 to 44,0.0
17723,2011,E01000904,2011 super output areas - lower layer,298,Age 45 to 59,0.0
17724,2011,E01000904,2011 super output areas - lower layer,298,Age 60 to 64,0.0
17725,2011,E01000904,2011 super output areas - lower layer,298,Age 65 to 74,0.0
17726,2011,E01000904,2011 super output areas - lower layer,298,Age 75 to 84,0.0
17727,2011,E01000904,2011 super output areas - lower layer,298,Age 85 to 89,0.0
17728,2011,E01000904,2011 super output areas - lower layer,298,Age 90 and over,0.0
17729,2011,E01000904,2011 super output areas - lower layer,298,Mean Age,
17730,2011,E01000904,2011 super output areas - lower layer,298,Median Age,0.5
17731,2011,E01000904,2011 super output areas - lower layer,298,All usual residents,0.0
17732,2011,E01000904,2011 super output areas - lower layer,298,Age 0 to 4,0.0
17733,2011,E01000904,2011 super output areas - lower layer,298,Age 5 to 7,0.0
17734,2011,E01000904,2011 super output areas - lower layer,298,Age 8 to 9,0.0
17735,2011,E01000904,2011 super output areas - lower layer,298,Age 10 to 14,0.0
17736,2011,E01000904,2011 super output areas - lower layer,298,Age 15,0.0
17737,2011,E01000904,2011 super output areas - lower layer,298,Age 16 to 17,0.0
17738,2011,E01000904,2011 super output areas - lower layer,298,Age 18 to 19,0.0
17739,2011,E01000904,2011 super output areas - lower layer,298,Age 20 to 24,0.0
17740,2011,E01000904,2011 super output areas - lower layer,298,Age 25 to 29,0.0
17741,2011,E01000904,2011 super output areas - lower layer,298,Age 30 to 44,0.0
17742,2011,E01000904,2011 super output areas - lower layer,298,Age 45 to 59,0.0
17743,2011,E01000904,2011 super output areas - lower layer,298,Age 60 to 64,0.0
17744,2011,E01000904,2011 super output areas - lower layer,298,Age 65 to 74,0.0
17745,2011,E01000904,2011 super output areas - lower layer,298,Age 75 to 84,0.0
17746,2011,E01000904,2011 super output areas - lower layer,298,Age 85 to 89,0.0
17747,2011,E01000904,2011 super output areas - lower layer,298,Age 90 and over,0.0
17748,2011,E01000904,2011 super output areas - lower layer,298,Mean Age,
17749,2011,E01000904,2011 super output areas - lower layer,298,Median Age,0.5
17750,2011,E01000904,2011 super output areas - lower layer,298,All usual residents,0.0
17751,2011,E01000904,2011 super output areas - lower layer,298,Age 0 to 4,0.0
17752,2011,E01000904,2011 super output areas - lower layer,298,Age 5 to 7,0.0
17753,2011,E01000904,2011 super output areas - lower layer,298,Age 8 to 9,0.0
17754,2011,E01000904,2011 super output areas - lower layer,298,Age 10 to 14,0.0
17755,2011,E01000904,2011 super output areas - lower layer,298,Age 15,0.0
17756,2011,E01000904,2011 super output areas - lower layer,298,Age 16 to 17,0.0
17757,2011,E01000904,2011 super output areas - lower layer,298,Age 18 to 19,0.0
17758,2011,E01000904,2011 super output areas - lower layer,298,Age 20 to 24,0.0
17759,2011,E01000904,2011 super output areas - lower layer,298,Age 25 to 29,0.0
17760,2011,E01000904,2011 super output areas - lower layer,298,Age 30 to 44,0.0
17761,2011,E01000904,2011 super output areas - lower layer,298,Age 45 to 59,0.0
17762,2011,E01000904,2011 super output areas - lower layer,298,Age 60 to 64,0.0
17763,2011,E01000904,2011 super output areas - lower layer,298,Age 65 to 74,0.0
17764,2011,E01000904,2011 super output areas - lower layer,298,Age 75 to 84,0.0
17765,2011,E01000904,2011 super output areas - lower layer,298,Age 85 to 89,0.0
17766,2011,E01000904,2011 super output areas - lower layer,298,Age 90 and over,0.0
17767,2011,E01000904,2011 super output areas - lower layer,298,Mean Age,
17768,2011,E01000904,2011 super output areas - lower layer,298,Median Age,0.5
17769,2011,E01000904,2011 super output areas - lower layer,298,All usual residents,0.0
17770,2011,E01000904,2011 super output areas - lower layer,298,Age 0 to 4,0.0
17771,2011,E01000904,2011 super output areas - lower layer,298,Age 5 to 7,0.0
17772,2011,E01000904,2011 super output areas - lower layer,298,Age 8 to 9,0.0
17773,2011,E01000904,2011 super output areas - lower layer,298,Age 10 to 14,0.0
17774,2011,E01000904,2011 super output areas - lower layer,298,Age 15,0.0
17775,2011,E01000904,2011 super output areas - lower layer,298,Age 16 to 17,0.0
17776,2011,E01000904,2011 super output areas - lower layer,298,Age 18 to 19,0.0
17777,2011,E01000904,2011 super output areas - lower layer,298,Age 20 to 24,0.0
17778,2011,E01000904,2011 super output areas - lower layer,298,Age 25 to 29,0.0
17779,2011,E01000904,2011 super output areas - lower layer,298,Age 30 to 44,0.0
17780,2011,E01000904,2011 super output areas - lower layer,298,Age 45 to 59,0.0
17781,2011,E01000904,2011 super output areas - lower layer,298,Age 60 to 64,0.0
17782,2011,E01000904,2011 super output areas - lower layer,298,Age 65 to 74,0.0
17783,2011,E01000904,2011 super output areas - lower layer,298,Age 75 to 84,0.0
17784,2011,E01000904,2011 super output areas - lower layer,298,Age 85 to 89,0.0
17785,2011,E01000904,2011 super output areas - lower layer,298,Age 90 and over,0.0
17786,2011,E01000904,2011 super output areas - lower layer,298,Mean Age,
17787,2011,E01000904,2011 super output areas - lower layer,298,Median Age,0.5
17788,2011,E01000905,2011 super output areas - lower layer,298,All usual residents,2044.0
17789,2011,E01000905,2011 super output areas - lower layer,298,Age 0 to 4,169.0
17790,2011,E01000905,2011 super output areas - lower layer,298,Age 5 to 7,102.0
17791,2011,E01000905,2011 super output areas - lower layer,298,Age 8 to 9,64.0
17792,2011,E01000905,2011 super output areas - lower layer,298,Age 10 to 14,158.0
17793,2011,E01000905,2011 super output areas - lower layer,298,Age 15,19.0
17794,2011,E01000905,2011 super output areas - lower layer,298,Age 16 to 17,47.0
17795,2011,E01000905,2011 super output areas - lower layer,298,Age 18 to 19,43.0
17796,2011,E01000905,2011 super output areas - lower layer,298,Age 20 to 24,189.0
17797,2011,E01000905,2011 super output areas - lower layer,298,Age 25 to 29,183.0
17798,2011,E01000905,2011 super output areas - lower layer,298,Age 30 to 44,460.0
17799,2011,E01000905,2011 super output areas - lower layer,298,Age 45 to 59,272.0
17800,2011,E01000905,2011 super output areas - lower layer,298,Age 60 to 64,80.0
17801,2011,E01000905,2011 super output areas - lower layer,298,Age 65 to 74,118.0
17802,2011,E01000905,2011 super output areas - lower layer,298,Age 75 to 84,105.0
17803,2011,E01000905,2011 super output areas - lower layer,298,Age 85 to 89,26.0
17804,2011,E01000905,2011 super output areas - lower layer,298,Age 90 and over,9.0
17805,2011,E01000905,2011 super output areas - lower layer,298,Mean Age,34.2
17806,2011,E01000905,2011 super output areas - lower layer,298,Median Age,31.0
17807,2011,E01000905,2011 super output areas - lower layer,298,All usual residents,0.0
17808,2011,E01000905,2011 super output areas - lower layer,298,Age 0 to 4,0.0
17809,2011,E01000905,2011 super output areas - lower layer,298,Age 5 to 7,0.0
17810,2011,E01000905,2011 super output areas - lower layer,298,Age 8 to 9,0.0
17811,2011,E01000905,2011 super output areas - lower layer,298,Age 10 to 14,0.0
17812,2011,E01000905,2011 super output areas - lower layer,298,Age 15,0.0
17813,2011,E01000905,2011 super output areas - lower layer,298,Age 16 to 17,0.0
17814,2011,E01000905,2011 super output areas - lower layer,298,Age 18 to 19,0.0
17815,2011,E01000905,2011 super output areas - lower layer,298,Age 20 to 24,0.0
17816,2011,E01000905,2011 super output areas - lower layer,298,Age 25 to 29,0.0
17817,2011,E01000905,2011 super output areas - lower layer,298,Age 30 to 44,0.0
17818,2011,E01000905,2011 super output areas - lower layer,298,Age 45 to 59,0.0
17819,2011,E01000905,2011 super output areas - lower layer,298,Age 60 to 64,0.0
17820,2011,E01000905,2011 super output areas - lower layer,298,Age 65 to 74,0.0
17821,2011,E01000905,2011 super output areas - lower layer,298,Age 75 to 84,0.0
17822,2011,E01000905,2011 super output areas - lower layer,298,Age 85 to 89,0.0
17823,2011,E01000905,2011 super output areas - lower layer,298,Age 90 and over,0.0
17824,2011,E01000905,2011 super output areas - lower layer,298,Mean Age,
17825,2011,E01000905,2011 super output areas - lower layer,298,Median Age,0.5
17826,2011,E01000905,2011 super output areas - lower layer,298,All usual residents,0.0
17827,2011,E01000905,2011 super output areas - lower layer,298,Age 0 to 4,0.0
17828,2011,E01000905,2011 super output areas - lower layer,298,Age 5 to 7,0.0
17829,2011,E01000905,2011 super output areas - lower layer,298,Age 8 to 9,0.0
17830,2011,E01000905,2011 super output areas - lower layer,298,Age 10 to 14,0.0
17831,2011,E01000905,2011 super output areas - lower layer,298,Age 15,0.0
17832,2011,E01000905,2011 super output areas - lower layer,298,Age 16 to 17,0.0
17833,2011,E01000905,2011 super output areas - lower layer,298,Age 18 to 19,0.0
17834,2011,E01000905,2011 super output areas - lower layer,298,Age 20 to 24,0.0
17835,2011,E01000905,2011 super output areas - lower layer,298,Age 25 to 29,0.0
17836,2011,E01000905,2011 super output areas - lower layer,298,Age 30 to 44,0.0
17837,2011,E01000905,2011 super output areas - lower layer,298,Age 45 to 59,0.0
17838,2011,E01000905,2011 super output areas - lower layer,298,Age 60 to 64,0.0
17839,2011,E01000905,2011 super output areas - lower layer,298,Age 65 to 74,0.0
17840,2011,E01000905,2011 super output areas - lower layer,298,Age 75 to 84,0.0
17841,2011,E01000905,2011 super output areas - lower layer,298,Age 85 to 89,0.0
17842,2011,E01000905,2011 super output areas - lower layer,298,Age 90 and over,0.0
17843,2011,E01000905,2011 super output areas - lower layer,298,Mean Age,
17844,2011,E01000905,2011 super output areas - lower layer,298,Median Age,0.5
17845,2011,E01000905,2011 super output areas - lower layer,298,All usual residents,0.0
17846,2011,E01000905,2011 super output areas - lower layer,298,Age 0 to 4,0.0
17847,2011,E01000905,2011 super output areas - lower layer,298,Age 5 to 7,0.0
17848,2011,E01000905,2011 super output areas - lower layer,298,Age 8 to 9,0.0
17849,2011,E01000905,2011 super output areas - lower layer,298,Age 10 to 14,0.0
17850,2011,E01000905,2011 super output areas - lower layer,298,Age 15,0.0
17851,2011,E01000905,2011 super output areas - lower layer,298,Age 16 to 17,0.0
17852,2011,E01000905,2011 super output areas - lower layer,298,Age 18 to 19,0.0
17853,2011,E01000905,2011 super output areas - lower layer,298,Age 20 to 24,0.0
17854,2011,E01000905,2011 super output areas - lower layer,298,Age 25 to 29,0.0
17855,2011,E01000905,2011 super output areas - lower layer,298,Age 30 to 44,0.0
17856,2011,E01000905,2011 super output areas - lower layer,298,Age 45 to 59,0.0
17857,2011,E01000905,2011 super output areas - lower layer,298,Age 60 to 64,0.0
17858,2011,E01000905,2011 super output areas - lower layer,298,Age 65 to 74,0.0
17859,2011,E01000905,2011 super output areas - lower layer,298,Age 75 to 84,0.0
17860,2011,E01000905,2011 super output areas - lower layer,298,Age 85 to 89,0.0
17861,2011,E01000905,2011 super output areas - lower layer,298,Age 90 and over,0.0
17862,2011,E01000905,2011 super output areas - lower layer,298,Mean Age,
17863,2011,E01000905,2011 super output areas - lower layer,298,Median Age,0.5
17864,2011,E01000905,2011 super output areas - lower layer,298,All usual residents,0.0
17865,2011,E01000905,2011 super output areas - lower layer,298,Age 0 to 4,0.0
17866,2011,E01000905,2011 super output areas - lower layer,298,Age 5 to 7,0.0
17867,2011,E01000905,2011 super output areas - lower layer,298,Age 8 to 9,0.0
17868,2011,E01000905,2011 super output areas - lower layer,298,Age 10 to 14,0.0
17869,2011,E01000905,2011 super output areas - lower layer,298,Age 15,0.0
17870,2011,E01000905,2011 super output areas - lower layer,298,Age 16 to 17,0.0
17871,2011,E01000905,2011 super output areas - lower layer,298,Age 18 to 19,0.0
17872,2011,E01000905,2011 super output areas - lower layer,298,Age 20 to 24,0.0
17873,2011,E01000905,2011 super output areas - lower layer,298,Age 25 to 29,0.0
17874,2011,E01000905,2011 super output areas - lower layer,298,Age 30 to 44,0.0
17875,2011,E01000905,2011 super output areas - lower layer,298,Age 45 to 59,0.0
17876,2011,E01000905,2011 super output areas - lower layer,298,Age 60 to 64,0.0
17877,2011,E01000905,2011 super output areas - lower layer,298,Age 65 to 74,0.0
17878,2011,E01000905,2011 super output areas - lower layer,298,Age 75 to 84,0.0
17879,2011,E01000905,2011 super output areas - lower layer,298,Age 85 to 89,0.0
17880,2011,E01000905,2011 super output areas - lower layer,298,Age 90 and over,0.0
17881,2011,E01000905,2011 super output areas - lower layer,298,Mean Age,
17882,2011,E01000905,2011 super output areas - lower layer,298,Median Age,0.5
17883,2011,E01000905,2011 super output areas - lower layer,298,All usual residents,0.0
17884,2011,E01000905,2011 super output areas - lower layer,298,Age 0 to 4,0.0
17885,2011,E01000905,2011 super output areas - lower layer,298,Age 5 to 7,0.0
17886,2011,E01000905,2011 super output areas - lower layer,298,Age 8 to 9,0.0
17887,2011,E01000905,2011 super output areas - lower layer,298,Age 10 to 14,0.0
17888,2011,E01000905,2011 super output areas - lower layer,298,Age 15,0.0
17889,2011,E01000905,2011 super output areas - lower layer,298,Age 16 to 17,0.0
17890,2011,E01000905,2011 super output areas - lower layer,298,Age 18 to 19,0.0
17891,2011,E01000905,2011 super output areas - lower layer,298,Age 20 to 24,0.0
17892,2011,E01000905,2011 super output areas - lower layer,298,Age 25 to 29,0.0
17893,2011,E01000905,2011 super output areas - lower layer,298,Age 30 to 44,0.0
17894,2011,E01000905,2011 super output areas - lower layer,298,Age 45 to 59,0.0
17895,2011,E01000905,2011 super output areas - lower layer,298,Age 60 to 64,0.0
17896,2011,E01000905,2011 super output areas - lower layer,298,Age 65 to 74,0.0
17897,2011,E01000905,2011 super output areas - lower layer,298,Age 75 to 84,0.0
17898,2011,E01000905,2011 super output areas - lower layer,298,Age 85 to 89,0.0
17899,2011,E01000905,2011 super output areas - lower layer,298,Age 90 and over,0.0
17900,2011,E01000905,2011 super output areas - lower layer,298,Mean Age,
17901,2011,E01000905,2011 super output areas - lower layer,298,Median Age,0.5
17902,2011,E01000905,2011 super output areas - lower layer,298,All usual residents,0.0
17903,2011,E01000905,2011 super output areas - lower layer,298,Age 0 to 4,0.0
17904,2011,E01000905,2011 super output areas - lower layer,298,Age 5 to 7,0.0
17905,2011,E01000905,2011 super output areas - lower layer,298,Age 8 to 9,0.0
17906,2011,E01000905,2011 super output areas - lower layer,298,Age 10 to 14,0.0
17907,2011,E01000905,2011 super output areas - lower layer,298,Age 15,0.0
17908,2011,E01000905,2011 super output areas - lower layer,298,Age 16 to 17,0.0
17909,2011,E01000905,2011 super output areas - lower layer,298,Age 18 to 19,0.0
17910,2011,E01000905,2011 super output areas - lower layer,298,Age 20 to 24,0.0
17911,2011,E01000905,2011 super output areas - lower layer,298,Age 25 to 29,0.0
17912,2011,E01000905,2011 super output areas - lower layer,298,Age 30 to 44,0.0
17913,2011,E01000905,2011 super output areas - lower layer,298,Age 45 to 59,0.0
17914,2011,E01000905,2011 super output areas - lower layer,298,Age 60 to 64,0.0
17915,2011,E01000905,2011 super output areas - lower layer,298,Age 65 to 74,0.0
17916,2011,E01000905,2011 super output areas - lower layer,298,Age 75 to 84,0.0
17917,2011,E01000905,2011 super output areas - lower layer,298,Age 85 to 89,0.0
17918,2011,E01000905,2011 super output areas - lower layer,298,Age 90 and over,0.0
17919,2011,E01000905,2011 super output areas - lower layer,298,Mean Age,
17920,2011,E01000905,2011 super output areas - lower layer,298,Median Age,0.5
17921,2011,E01000905,2011 super output areas - lower layer,298,All usual residents,0.0
17922,2011,E01000905,2011 super output areas - lower layer,298,Age 0 to 4,0.0
17923,2011,E01000905,2011 super output areas - lower layer,298,Age 5 to 7,0.0
17924,2011,E01000905,2011 super output areas - lower layer,298,Age 8 to 9,0.0
17925,2011,E01000905,2011 super output areas - lower layer,298,Age 10 to 14,0.0
17926,2011,E01000905,2011 super output areas - lower layer,298,Age 15,0.0
17927,2011,E01000905,2011 super output areas - lower layer,298,Age 16 to 17,0.0
17928,2011,E01000905,2011 super output areas - lower layer,298,Age 18 to 19,0.0
17929,2011,E01000905,2011 super output areas - lower layer,298,Age 20 to 24,0.0
17930,2011,E01000905,2011 super output areas - lower layer,298,Age 25 to 29,0.0
17931,2011,E01000905,2011 super output areas - lower layer,298,Age 30 to 44,0.0
17932,2011,E01000905,2011 super output areas - lower layer,298,Age 45 to 59,0.0
17933,2011,E01000905,2011 super output areas - lower layer,298,Age 60 to 64,0.0
17934,2011,E01000905,2011 super output areas - lower layer,298,Age 65 to 74,0.0
17935,2011,E01000905,2011 super output areas - lower layer,298,Age 75 to 84,0.0
17936,2011,E01000905,2011 super output areas - lower layer,298,Age 85 to 89,0.0
17937,2011,E01000905,2011 super output areas - lower layer,298,Age 90 and over,0.0
17938,2011,E01000905,2011 super output areas - lower layer,298,Mean Age,
17939,2011,E01000905,2011 super output areas - lower layer,298,Median Age,0.5
17940,2011,E01000905,2011 super output areas - lower layer,298,All usual residents,0.0
17941,2011,E01000905,2011 super output areas - lower layer,298,Age 0 to 4,0.0
17942,2011,E01000905,2011 super output areas - lower layer,298,Age 5 to 7,0.0
17943,2011,E01000905,2011 super output areas - lower layer,298,Age 8 to 9,0.0
17944,2011,E01000905,2011 super output areas - lower layer,298,Age 10 to 14,0.0
17945,2011,E01000905,2011 super output areas - lower layer,298,Age 15,0.0
17946,2011,E01000905,2011 super output areas - lower layer,298,Age 16 to 17,0.0
17947,2011,E01000905,2011 super output areas - lower layer,298,Age 18 to 19,0.0
17948,2011,E01000905,2011 super output areas - lower layer,298,Age 20 to 24,0.0
17949,2011,E01000905,2011 super output areas - lower layer,298,Age 25 to 29,0.0
17950,2011,E01000905,2011 super output areas - lower layer,298,Age 30 to 44,0.0
17951,2011,E01000905,2011 super output areas - lower layer,298,Age 45 to 59,0.0
17952,2011,E01000905,2011 super output areas - lower layer,298,Age 60 to 64,0.0
17953,2011,E01000905,2011 super output areas - lower layer,298,Age 65 to 74,0.0
17954,2011,E01000905,2011 super output areas - lower layer,298,Age 75 to 84,0.0
17955,2011,E01000905,2011 super output areas - lower layer,298,Age 85 to 89,0.0
17956,2011,E01000905,2011 super output areas - lower layer,298,Age 90 and over,0.0
17957,2011,E01000905,2011 super output areas - lower layer,298,Mean Age,
17958,2011,E01000905,2011 super output areas - lower layer,298,Median Age,0.5
17959,2011,E01000905,2011 super output areas - lower layer,298,All usual residents,0.0
17960,2011,E01000905,2011 super output areas - lower layer,298,Age 0 to 4,0.0
17961,2011,E01000905,2011 super output areas - lower layer,298,Age 5 to 7,0.0
17962,2011,E01000905,2011 super output areas - lower layer,298,Age 8 to 9,0.0
17963,2011,E01000905,2011 super output areas - lower layer,298,Age 10 to 14,0.0
17964,2011,E01000905,2011 super output areas - lower layer,298,Age 15,0.0
17965,2011,E01000905,2011 super output areas - lower layer,298,Age 16 to 17,0.0
17966,2011,E01000905,2011 super output areas - lower layer,298,Age 18 to 19,0.0
17967,2011,E01000905,2011 super output areas - lower layer,298,Age 20 to 24,0.0
17968,2011,E01000905,2011 super output areas - lower layer,298,Age 25 to 29,0.0
17969,2011,E01000905,2011 super output areas - lower layer,298,Age 30 to 44,0.0
17970,2011,E01000905,2011 super output areas - lower layer,298,Age 45 to 59,0.0
17971,2011,E01000905,2011 super output areas - lower layer,298,Age 60 to 64,0.0
17972,2011,E01000905,2011 super output areas - lower layer,298,Age 65 to 74,0.0
17973,2011,E01000905,2011 super output areas - lower layer,298,Age 75 to 84,0.0
17974,2011,E01000905,2011 super output areas - lower layer,298,Age 85 to 89,0.0
17975,2011,E01000905,2011 super output areas - lower layer,298,Age 90 and over,0.0
17976,2011,E01000905,2011 super output areas - lower layer,298,Mean Age,
17977,2011,E01000905,2011 super output areas - lower layer,298,Median Age,0.5
17978,2011,E01000905,2011 super output areas - lower layer,298,All usual residents,0.0
17979,2011,E01000905,2011 super output areas - lower layer,298,Age 0 to 4,0.0
17980,2011,E01000905,2011 super output areas - lower layer,298,Age 5 to 7,0.0
17981,2011,E01000905,2011 super output areas - lower layer,298,Age 8 to 9,0.0
17982,2011,E01000905,2011 super output areas - lower layer,298,Age 10 to 14,0.0
17983,2011,E01000905,2011 super output areas - lower layer,298,Age 15,0.0
17984,2011,E01000905,2011 super output areas - lower layer,298,Age 16 to 17,0.0
17985,2011,E01000905,2011 super output areas - lower layer,298,Age 18 to 19,0.0
17986,2011,E01000905,2011 super output areas - lower layer,298,Age 20 to 24,0.0
17987,2011,E01000905,2011 super output areas - lower layer,298,Age 25 to 29,0.0
17988,2011,E01000905,2011 super output areas - lower layer,298,Age 30 to 44,0.0
17989,2011,E01000905,2011 super output areas - lower layer,298,Age 45 to 59,0.0
17990,2011,E01000905,2011 super output areas - lower layer,298,Age 60 to 64,0.0
17991,2011,E01000905,2011 super output areas - lower layer,298,Age 65 to 74,0.0
17992,2011,E01000905,2011 super output areas - lower layer,298,Age 75 to 84,0.0
17993,2011,E01000905,2011 super output areas - lower layer,298,Age 85 to 89,0.0
17994,2011,E01000905,2011 super output areas - lower layer,298,Age 90 and over,0.0
17995,2011,E01000905,2011 super output areas - lower layer,298,Mean Age,
17996,2011,E01000905,2011 super output areas - lower layer,298,Median Age,0.5
17997,2011,E01000905,2011 super output areas - lower layer,298,All usual residents,0.0
17998,2011,E01000905,2011 super output areas - lower layer,298,Age 0 to 4,0.0
17999,2011,E01000905,2011 super output areas - lower layer,298,Age 5 to 7,0.0
18000,2011,E01000905,2011 super output areas - lower layer,298,Age 8 to 9,0.0
18001,2011,E01000905,2011 super output areas - lower layer,298,Age 10 to 14,0.0
18002,2011,E01000905,2011 super output areas - lower layer,298,Age 15,0.0
18003,2011,E01000905,2011 super output areas - lower layer,298,Age 16 to 17,0.0
18004,2011,E01000905,2011 super output areas - lower layer,298,Age 18 to 19,0.0
18005,2011,E01000905,2011 super output areas - lower layer,298,Age 20 to 24,0.0
18006,2011,E01000905,2011 super output areas - lower layer,298,Age 25 to 29,0.0
18007,2011,E01000905,2011 super output areas - lower layer,298,Age 30 to 44,0.0
18008,2011,E01000905,2011 super output areas - lower layer,298,Age 45 to 59,0.0
18009,2011,E01000905,2011 super output areas - lower layer,298,Age 60 to 64,0.0
18010,2011,E01000905,2011 super output areas - lower layer,298,Age 65 to 74,0.0
18011,2011,E01000905,2011 super output areas - lower layer,298,Age 75 to 84,0.0
18012,2011,E01000905,2011 super output areas - lower layer,298,Age 85 to 89,0.0
18013,2011,E01000905,2011 super output areas - lower layer,298,Age 90 and over,0.0
18014,2011,E01000905,2011 super output areas - lower layer,298,Mean Age,
18015,2011,E01000905,2011 super output areas - lower layer,298,Median Age,0.5
18016,2011,E01000905,2011 super output areas - lower layer,298,All usual residents,0.0
18017,2011,E01000905,2011 super output areas - lower layer,298,Age 0 to 4,0.0
18018,2011,E01000905,2011 super output areas - lower layer,298,Age 5 to 7,0.0
18019,2011,E01000905,2011 super output areas - lower layer,298,Age 8 to 9,0.0
18020,2011,E01000905,2011 super output areas - lower layer,298,Age 10 to 14,0.0
18021,2011,E01000905,2011 super output areas - lower layer,298,Age 15,0.0
18022,2011,E01000905,2011 super output areas - lower layer,298,Age 16 to 17,0.0
18023,2011,E01000905,2011 super output areas - lower layer,298,Age 18 to 19,0.0
18024,2011,E01000905,2011 super output areas - lower layer,298,Age 20 to 24,0.0
18025,2011,E01000905,2011 super output areas - lower layer,298,Age 25 to 29,0.0
18026,2011,E01000905,2011 super output areas - lower layer,298,Age 30 to 44,0.0
18027,2011,E01000905,2011 super output areas - lower layer,298,Age 45 to 59,0.0
18028,2011,E01000905,2011 super output areas - lower layer,298,Age 60 to 64,0.0
18029,2011,E01000905,2011 super output areas - lower layer,298,Age 65 to 74,0.0
18030,2011,E01000905,2011 super output areas - lower layer,298,Age 75 to 84,0.0
18031,2011,E01000905,2011 super output areas - lower layer,298,Age 85 to 89,0.0
18032,2011,E01000905,2011 super output areas - lower layer,298,Age 90 and over,0.0
18033,2011,E01000905,2011 super output areas - lower layer,298,Mean Age,
18034,2011,E01000905,2011 super output areas - lower layer,298,Median Age,0.5
18035,2011,E01000906,2011 super output areas - lower layer,298,All usual residents,1532.0
18036,2011,E01000906,2011 super output areas - lower layer,298,Age 0 to 4,58.0
18037,2011,E01000906,2011 super output areas - lower layer,298,Age 5 to 7,27.0
18038,2011,E01000906,2011 super output areas - lower layer,298,Age 8 to 9,19.0
18039,2011,E01000906,2011 super output areas - lower layer,298,Age 10 to 14,37.0
18040,2011,E01000906,2011 super output areas - lower layer,298,Age 15,11.0
18041,2011,E01000906,2011 super output areas - lower layer,298,Age 16 to 17,16.0
18042,2011,E01000906,2011 super output areas - lower layer,298,Age 18 to 19,20.0
18043,2011,E01000906,2011 super output areas - lower layer,298,Age 20 to 24,104.0
18044,2011,E01000906,2011 super output areas - lower layer,298,Age 25 to 29,224.0
18045,2011,E01000906,2011 super output areas - lower layer,298,Age 30 to 44,531.0
18046,2011,E01000906,2011 super output areas - lower layer,298,Age 45 to 59,203.0
18047,2011,E01000906,2011 super output areas - lower layer,298,Age 60 to 64,64.0
18048,2011,E01000906,2011 super output areas - lower layer,298,Age 65 to 74,84.0
18049,2011,E01000906,2011 super output areas - lower layer,298,Age 75 to 84,98.0
18050,2011,E01000906,2011 super output areas - lower layer,298,Age 85 to 89,23.0
18051,2011,E01000906,2011 super output areas - lower layer,298,Age 90 and over,13.0
18052,2011,E01000906,2011 super output areas - lower layer,298,Mean Age,39.2
18053,2011,E01000906,2011 super output areas - lower layer,298,Median Age,34.0
18054,2011,E01000906,2011 super output areas - lower layer,298,All usual residents,0.0
18055,2011,E01000906,2011 super output areas - lower layer,298,Age 0 to 4,0.0
18056,2011,E01000906,2011 super output areas - lower layer,298,Age 5 to 7,0.0
18057,2011,E01000906,2011 super output areas - lower layer,298,Age 8 to 9,0.0
18058,2011,E01000906,2011 super output areas - lower layer,298,Age 10 to 14,0.0
18059,2011,E01000906,2011 super output areas - lower layer,298,Age 15,0.0
18060,2011,E01000906,2011 super output areas - lower layer,298,Age 16 to 17,0.0
18061,2011,E01000906,2011 super output areas - lower layer,298,Age 18 to 19,0.0
18062,2011,E01000906,2011 super output areas - lower layer,298,Age 20 to 24,0.0
18063,2011,E01000906,2011 super output areas - lower layer,298,Age 25 to 29,0.0
18064,2011,E01000906,2011 super output areas - lower layer,298,Age 30 to 44,0.0
18065,2011,E01000906,2011 super output areas - lower layer,298,Age 45 to 59,0.0
18066,2011,E01000906,2011 super output areas - lower layer,298,Age 60 to 64,0.0
18067,2011,E01000906,2011 super output areas - lower layer,298,Age 65 to 74,0.0
18068,2011,E01000906,2011 super output areas - lower layer,298,Age 75 to 84,0.0
18069,2011,E01000906,2011 super output areas - lower layer,298,Age 85 to 89,0.0
18070,2011,E01000906,2011 super output areas - lower layer,298,Age 90 and over,0.0
18071,2011,E01000906,2011 super output areas - lower layer,298,Mean Age,
18072,2011,E01000906,2011 super output areas - lower layer,298,Median Age,0.5
18073,2011,E01000906,2011 super output areas - lower layer,298,All usual residents,0.0
18074,2011,E01000906,2011 super output areas - lower layer,298,Age 0 to 4,0.0
18075,2011,E01000906,2011 super output areas - lower layer,298,Age 5 to 7,0.0
18076,2011,E01000906,2011 super output areas - lower layer,298,Age 8 to 9,0.0
18077,2011,E01000906,2011 super output areas - lower layer,298,Age 10 to 14,0.0
18078,2011,E01000906,2011 super output areas - lower layer,298,Age 15,0.0
18079,2011,E01000906,2011 super output areas - lower layer,298,Age 16 to 17,0.0
18080,2011,E01000906,2011 super output areas - lower layer,298,Age 18 to 19,0.0
18081,2011,E01000906,2011 super output areas - lower layer,298,Age 20 to 24,0.0
18082,2011,E01000906,2011 super output areas - lower layer,298,Age 25 to 29,0.0
18083,2011,E01000906,2011 super output areas - lower layer,298,Age 30 to 44,0.0
18084,2011,E01000906,2011 super output areas - lower layer,298,Age 45 to 59,0.0
18085,2011,E01000906,2011 super output areas - lower layer,298,Age 60 to 64,0.0
18086,2011,E01000906,2011 super output areas - lower layer,298,Age 65 to 74,0.0
18087,2011,E01000906,2011 super output areas - lower layer,298,Age 75 to 84,0.0
18088,2011,E01000906,2011 super output areas - lower layer,298,Age 85 to 89,0.0
18089,2011,E01000906,2011 super output areas - lower layer,298,Age 90 and over,0.0
18090,2011,E01000906,2011 super output areas - lower layer,298,Mean Age,
18091,2011,E01000906,2011 super output areas - lower layer,298,Median Age,0.5
18092,2011,E01000906,2011 super output areas - lower layer,298,All usual residents,0.0
18093,2011,E01000906,2011 super output areas - lower layer,298,Age 0 to 4,0.0
18094,2011,E01000906,2011 super output areas - lower layer,298,Age 5 to 7,0.0
18095,2011,E01000906,2011 super output areas - lower layer,298,Age 8 to 9,0.0
18096,2011,E01000906,2011 super output areas - lower layer,298,Age 10 to 14,0.0
18097,2011,E01000906,2011 super output areas - lower layer,298,Age 15,0.0
18098,2011,E01000906,2011 super output areas - lower layer,298,Age 16 to 17,0.0
18099,2011,E01000906,2011 super output areas - lower layer,298,Age 18 to 19,0.0
18100,2011,E01000906,2011 super output areas - lower layer,298,Age 20 to 24,0.0
18101,2011,E01000906,2011 super output areas - lower layer,298,Age 25 to 29,0.0
18102,2011,E01000906,2011 super output areas - lower layer,298,Age 30 to 44,0.0
18103,2011,E01000906,2011 super output areas - lower layer,298,Age 45 to 59,0.0
18104,2011,E01000906,2011 super output areas - lower layer,298,Age 60 to 64,0.0
18105,2011,E01000906,2011 super output areas - lower layer,298,Age 65 to 74,0.0
18106,2011,E01000906,2011 super output areas - lower layer,298,Age 75 to 84,0.0
18107,2011,E01000906,2011 super output areas - lower layer,298,Age 85 to 89,0.0
18108,2011,E01000906,2011 super output areas - lower layer,298,Age 90 and over,0.0
18109,2011,E01000906,2011 super output areas - lower layer,298,Mean Age,
18110,2011,E01000906,2011 super output areas - lower layer,298,Median Age,0.5
18111,2011,E01000906,2011 super output areas - lower layer,298,All usual residents,0.0
18112,2011,E01000906,2011 super output areas - lower layer,298,Age 0 to 4,0.0
18113,2011,E01000906,2011 super output areas - lower layer,298,Age 5 to 7,0.0
18114,2011,E01000906,2011 super output areas - lower layer,298,Age 8 to 9,0.0
18115,2011,E01000906,2011 super output areas - lower layer,298,Age 10 to 14,0.0
18116,2011,E01000906,2011 super output areas - lower layer,298,Age 15,0.0
18117,2011,E01000906,2011 super output areas - lower layer,298,Age 16 to 17,0.0
18118,2011,E01000906,2011 super output areas - lower layer,298,Age 18 to 19,0.0
18119,2011,E01000906,2011 super output areas - lower layer,298,Age 20 to 24,0.0
18120,2011,E01000906,2011 super output areas - lower layer,298,Age 25 to 29,0.0
18121,2011,E01000906,2011 super output areas - lower layer,298,Age 30 to 44,0.0
18122,2011,E01000906,2011 super output areas - lower layer,298,Age 45 to 59,0.0
18123,2011,E01000906,2011 super output areas - lower layer,298,Age 60 to 64,0.0
18124,2011,E01000906,2011 super output areas - lower layer,298,Age 65 to 74,0.0
18125,2011,E01000906,2011 super output areas - lower layer,298,Age 75 to 84,0.0
18126,2011,E01000906,2011 super output areas - lower layer,298,Age 85 to 89,0.0
18127,2011,E01000906,2011 super output areas - lower layer,298,Age 90 and over,0.0
18128,2011,E01000906,2011 super output areas - lower layer,298,Mean Age,
18129,2011,E01000906,2011 super output areas - lower layer,298,Median Age,0.5
18130,2011,E01000906,2011 super output areas - lower layer,298,All usual residents,0.0
18131,2011,E01000906,2011 super output areas - lower layer,298,Age 0 to 4,0.0
18132,2011,E01000906,2011 super output areas - lower layer,298,Age 5 to 7,0.0
18133,2011,E01000906,2011 super output areas - lower layer,298,Age 8 to 9,0.0
18134,2011,E01000906,2011 super output areas - lower layer,298,Age 10 to 14,0.0
18135,2011,E01000906,2011 super output areas - lower layer,298,Age 15,0.0
18136,2011,E01000906,2011 super output areas - lower layer,298,Age 16 to 17,0.0
18137,2011,E01000906,2011 super output areas - lower layer,298,Age 18 to 19,0.0
18138,2011,E01000906,2011 super output areas - lower layer,298,Age 20 to 24,0.0
18139,2011,E01000906,2011 super output areas - lower layer,298,Age 25 to 29,0.0
18140,2011,E01000906,2011 super output areas - lower layer,298,Age 30 to 44,0.0
18141,2011,E01000906,2011 super output areas - lower layer,298,Age 45 to 59,0.0
18142,2011,E01000906,2011 super output areas - lower layer,298,Age 60 to 64,0.0
18143,2011,E01000906,2011 super output areas - lower layer,298,Age 65 to 74,0.0
18144,2011,E01000906,2011 super output areas - lower layer,298,Age 75 to 84,0.0
18145,2011,E01000906,2011 super output areas - lower layer,298,Age 85 to 89,0.0
18146,2011,E01000906,2011 super output areas - lower layer,298,Age 90 and over,0.0
18147,2011,E01000906,2011 super output areas - lower layer,298,Mean Age,
18148,2011,E01000906,2011 super output areas - lower layer,298,Median Age,0.5
18149,2011,E01000906,2011 super output areas - lower layer,298,All usual residents,0.0
18150,2011,E01000906,2011 super output areas - lower layer,298,Age 0 to 4,0.0
18151,2011,E01000906,2011 super output areas - lower layer,298,Age 5 to 7,0.0
18152,2011,E01000906,2011 super output areas - lower layer,298,Age 8 to 9,0.0
18153,2011,E01000906,2011 super output areas - lower layer,298,Age 10 to 14,0.0
18154,2011,E01000906,2011 super output areas - lower layer,298,Age 15,0.0
18155,2011,E01000906,2011 super output areas - lower layer,298,Age 16 to 17,0.0
18156,2011,E01000906,2011 super output areas - lower layer,298,Age 18 to 19,0.0
18157,2011,E01000906,2011 super output areas - lower layer,298,Age 20 to 24,0.0
18158,2011,E01000906,2011 super output areas - lower layer,298,Age 25 to 29,0.0
18159,2011,E01000906,2011 super output areas - lower layer,298,Age 30 to 44,0.0
18160,2011,E01000906,2011 super output areas - lower layer,298,Age 45 to 59,0.0
18161,2011,E01000906,2011 super output areas - lower layer,298,Age 60 to 64,0.0
18162,2011,E01000906,2011 super output areas - lower layer,298,Age 65 to 74,0.0
18163,2011,E01000906,2011 super output areas - lower layer,298,Age 75 to 84,0.0
18164,2011,E01000906,2011 super output areas - lower layer,298,Age 85 to 89,0.0
18165,2011,E01000906,2011 super output areas - lower layer,298,Age 90 and over,0.0
18166,2011,E01000906,2011 super output areas - lower layer,298,Mean Age,
18167,2011,E01000906,2011 super output areas - lower layer,298,Median Age,0.5
18168,2011,E01000906,2011 super output areas - lower layer,298,All usual residents,0.0
18169,2011,E01000906,2011 super output areas - lower layer,298,Age 0 to 4,0.0
18170,2011,E01000906,2011 super output areas - lower layer,298,Age 5 to 7,0.0
18171,2011,E01000906,2011 super output areas - lower layer,298,Age 8 to 9,0.0
18172,2011,E01000906,2011 super output areas - lower layer,298,Age 10 to 14,0.0
18173,2011,E01000906,2011 super output areas - lower layer,298,Age 15,0.0
18174,2011,E01000906,2011 super output areas - lower layer,298,Age 16 to 17,0.0
18175,2011,E01000906,2011 super output areas - lower layer,298,Age 18 to 19,0.0
18176,2011,E01000906,2011 super output areas - lower layer,298,Age 20 to 24,0.0
18177,2011,E01000906,2011 super output areas - lower layer,298,Age 25 to 29,0.0
18178,2011,E01000906,2011 super output areas - lower layer,298,Age 30 to 44,0.0
18179,2011,E01000906,2011 super output areas - lower layer,298,Age 45 to 59,0.0
18180,2011,E01000906,2011 super output areas - lower layer,298,Age 60 to 64,0.0
18181,2011,E01000906,2011 super output areas - lower layer,298,Age 65 to 74,0.0
18182,2011,E01000906,2011 super output areas - lower layer,298,Age 75 to 84,0.0
18183,2011,E01000906,2011 super output areas - lower layer,298,Age 85 to 89,0.0
18184,2011,E01000906,2011 super output areas - lower layer,298,Age 90 and over,0.0
18185,2011,E01000906,2011 super output areas - lower layer,298,Mean Age,
18186,2011,E01000906,2011 super output areas - lower layer,298,Median Age,0.5
18187,2011,E01000906,2011 super output areas - lower layer,298,All usual residents,0.0
18188,2011,E01000906,2011 super output areas - lower layer,298,Age 0 to 4,0.0
18189,2011,E01000906,2011 super output areas - lower layer,298,Age 5 to 7,0.0
18190,2011,E01000906,2011 super output areas - lower layer,298,Age 8 to 9,0.0
18191,2011,E01000906,2011 super output areas - lower layer,298,Age 10 to 14,0.0
18192,2011,E01000906,2011 super output areas - lower layer,298,Age 15,0.0
18193,2011,E01000906,2011 super output areas - lower layer,298,Age 16 to 17,0.0
18194,2011,E01000906,2011 super output areas - lower layer,298,Age 18 to 19,0.0
18195,2011,E01000906,2011 super output areas - lower layer,298,Age 20 to 24,0.0
18196,2011,E01000906,2011 super output areas - lower layer,298,Age 25 to 29,0.0
18197,2011,E01000906,2011 super output areas - lower layer,298,Age 30 to 44,0.0
18198,2011,E01000906,2011 super output areas - lower layer,298,Age 45 to 59,0.0
18199,2011,E01000906,2011 super output areas - lower layer,298,Age 60 to 64,0.0
18200,2011,E01000906,2011 super output areas - lower layer,298,Age 65 to 74,0.0
18201,2011,E01000906,2011 super output areas - lower layer,298,Age 75 to 84,0.0
18202,2011,E01000906,2011 super output areas - lower layer,298,Age 85 to 89,0.0
18203,2011,E01000906,2011 super output areas - lower layer,298,Age 90 and over,0.0
18204,2011,E01000906,2011 super output areas - lower layer,298,Mean Age,
18205,2011,E01000906,2011 super output areas - lower layer,298,Median Age,0.5
18206,2011,E01000906,2011 super output areas - lower layer,298,All usual residents,0.0
18207,2011,E01000906,2011 super output areas - lower layer,298,Age 0 to 4,0.0
18208,2011,E01000906,2011 super output areas - lower layer,298,Age 5 to 7,0.0
18209,2011,E01000906,2011 super output areas - lower layer,298,Age 8 to 9,0.0
18210,2011,E01000906,2011 super output areas - lower layer,298,Age 10 to 14,0.0
18211,2011,E01000906,2011 super output areas - lower layer,298,Age 15,0.0
18212,2011,E01000906,2011 super output areas - lower layer,298,Age 16 to 17,0.0
18213,2011,E01000906,2011 super output areas - lower layer,298,Age 18 to 19,0.0
18214,2011,E01000906,2011 super output areas - lower layer,298,Age 20 to 24,0.0
18215,2011,E01000906,2011 super output areas - lower layer,298,Age 25 to 29,0.0
18216,2011,E01000906,2011 super output areas - lower layer,298,Age 30 to 44,0.0
18217,2011,E01000906,2011 super output areas - lower layer,298,Age 45 to 59,0.0
18218,2011,E01000906,2011 super output areas - lower layer,298,Age 60 to 64,0.0
18219,2011,E01000906,2011 super output areas - lower layer,298,Age 65 to 74,0.0
18220,2011,E01000906,2011 super output areas - lower layer,298,Age 75 to 84,0.0
18221,2011,E01000906,2011 super output areas - lower layer,298,Age 85 to 89,0.0
18222,2011,E01000906,2011 super output areas - lower layer,298,Age 90 and over,0.0
18223,2011,E01000906,2011 super output areas - lower layer,298,Mean Age,
18224,2011,E01000906,2011 super output areas - lower layer,298,Median Age,0.5
18225,2011,E01000906,2011 super output areas - lower layer,298,All usual residents,0.0
18226,2011,E01000906,2011 super output areas - lower layer,298,Age 0 to 4,0.0
18227,2011,E01000906,2011 super output areas - lower layer,298,Age 5 to 7,0.0
18228,2011,E01000906,2011 super output areas - lower layer,298,Age 8 to 9,0.0
18229,2011,E01000906,2011 super output areas - lower layer,298,Age 10 to 14,0.0
18230,2011,E01000906,2011 super output areas - lower layer,298,Age 15,0.0
18231,2011,E01000906,2011 super output areas - lower layer,298,Age 16 to 17,0.0
18232,2011,E01000906,2011 super output areas - lower layer,298,Age 18 to 19,0.0
18233,2011,E01000906,2011 super output areas - lower layer,298,Age 20 to 24,0.0
18234,2011,E01000906,2011 super output areas - lower layer,298,Age 25 to 29,0.0
18235,2011,E01000906,2011 super output areas - lower layer,298,Age 30 to 44,0.0
18236,2011,E01000906,2011 super output areas - lower layer,298,Age 45 to 59,0.0
18237,2011,E01000906,2011 super output areas - lower layer,298,Age 60 to 64,0.0
18238,2011,E01000906,2011 super output areas - lower layer,298,Age 65 to 74,0.0
18239,2011,E01000906,2011 super output areas - lower layer,298,Age 75 to 84,0.0
18240,2011,E01000906,2011 super output areas - lower layer,298,Age 85 to 89,0.0
18241,2011,E01000906,2011 super output areas - lower layer,298,Age 90 and over,0.0
18242,2011,E01000906,2011 super output areas - lower layer,298,Mean Age,
18243,2011,E01000906,2011 super output areas - lower layer,298,Median Age,0.5
18244,2011,E01000906,2011 super output areas - lower layer,298,All usual residents,0.0
18245,2011,E01000906,2011 super output areas - lower layer,298,Age 0 to 4,0.0
18246,2011,E01000906,2011 super output areas - lower layer,298,Age 5 to 7,0.0
18247,2011,E01000906,2011 super output areas - lower layer,298,Age 8 to 9,0.0
18248,2011,E01000906,2011 super output areas - lower layer,298,Age 10 to 14,0.0
18249,2011,E01000906,2011 super output areas - lower layer,298,Age 15,0.0
18250,2011,E01000906,2011 super output areas - lower layer,298,Age 16 to 17,0.0
18251,2011,E01000906,2011 super output areas - lower layer,298,Age 18 to 19,0.0
18252,2011,E01000906,2011 super output areas - lower layer,298,Age 20 to 24,0.0
18253,2011,E01000906,2011 super output areas - lower layer,298,Age 25 to 29,0.0
18254,2011,E01000906,2011 super output areas - lower layer,298,Age 30 to 44,0.0
18255,2011,E01000906,2011 super output areas - lower layer,298,Age 45 to 59,0.0
18256,2011,E01000906,2011 super output areas - lower layer,298,Age 60 to 64,0.0
18257,2011,E01000906,2011 super output areas - lower layer,298,Age 65 to 74,0.0
18258,2011,E01000906,2011 super output areas - lower layer,298,Age 75 to 84,0.0
18259,2011,E01000906,2011 super output areas - lower layer,298,Age 85 to 89,0.0
18260,2011,E01000906,2011 super output areas - lower layer,298,Age 90 and over,0.0
18261,2011,E01000906,2011 super output areas - lower layer,298,Mean Age,
18262,2011,E01000906,2011 super output areas - lower layer,298,Median Age,0.5
18263,2011,E01000906,2011 super output areas - lower layer,298,All usual residents,0.0
18264,2011,E01000906,2011 super output areas - lower layer,298,Age 0 to 4,0.0
18265,2011,E01000906,2011 super output areas - lower layer,298,Age 5 to 7,0.0
18266,2011,E01000906,2011 super output areas - lower layer,298,Age 8 to 9,0.0
18267,2011,E01000906,2011 super output areas - lower layer,298,Age 10 to 14,0.0
18268,2011,E01000906,2011 super output areas - lower layer,298,Age 15,0.0
18269,2011,E01000906,2011 super output areas - lower layer,298,Age 16 to 17,0.0
18270,2011,E01000906,2011 super output areas - lower layer,298,Age 18 to 19,0.0
18271,2011,E01000906,2011 super output areas - lower layer,298,Age 20 to 24,0.0
18272,2011,E01000906,2011 super output areas - lower layer,298,Age 25 to 29,0.0
18273,2011,E01000906,2011 super output areas - lower layer,298,Age 30 to 44,0.0
18274,2011,E01000906,2011 super output areas - lower layer,298,Age 45 to 59,0.0
18275,2011,E01000906,2011 super output areas - lower layer,298,Age 60 to 64,0.0
18276,2011,E01000906,2011 super output areas - lower layer,298,Age 65 to 74,0.0
18277,2011,E01000906,2011 super output areas - lower layer,298,Age 75 to 84,0.0
18278,2011,E01000906,2011 super output areas - lower layer,298,Age 85 to 89,0.0
18279,2011,E01000906,2011 super output areas - lower layer,298,Age 90 and over,0.0
18280,2011,E01000906,2011 super output areas - lower layer,298,Mean Age,
18281,2011,E01000906,2011 super output areas - lower layer,298,Median Age,0.5
18282,2011,E01000875,2011 super output areas - lower layer,298,All usual residents,1654.0
18283,2011,E01000875,2011 super output areas - lower layer,298,Age 0 to 4,75.0
18284,2011,E01000875,2011 super output areas - lower layer,298,Age 5 to 7,38.0
18285,2011,E01000875,2011 super output areas - lower layer,298,Age 8 to 9,19.0
18286,2011,E01000875,2011 super output areas - lower layer,298,Age 10 to 14,51.0
18287,2011,E01000875,2011 super output areas - lower layer,298,Age 15,18.0
18288,2011,E01000875,2011 super output areas - lower layer,298,Age 16 to 17,39.0
18289,2011,E01000875,2011 super output areas - lower layer,298,Age 18 to 19,35.0
18290,2011,E01000875,2011 super output areas - lower layer,298,Age 20 to 24,164.0
18291,2011,E01000875,2011 super output areas - lower layer,298,Age 25 to 29,301.0
18292,2011,E01000875,2011 super output areas - lower layer,298,Age 30 to 44,525.0
18293,2011,E01000875,2011 super output areas - lower layer,298,Age 45 to 59,185.0
18294,2011,E01000875,2011 super output areas - lower layer,298,Age 60 to 64,61.0
18295,2011,E01000875,2011 super output areas - lower layer,298,Age 65 to 74,84.0
18296,2011,E01000875,2011 super output areas - lower layer,298,Age 75 to 84,38.0
18297,2011,E01000875,2011 super output areas - lower layer,298,Age 85 to 89,19.0
18298,2011,E01000875,2011 super output areas - lower layer,298,Age 90 and over,2.0
18299,2011,E01000875,2011 super output areas - lower layer,298,Mean Age,34.5
18300,2011,E01000875,2011 super output areas - lower layer,298,Median Age,31.0
18301,2011,E01000875,2011 super output areas - lower layer,298,All usual residents,0.0
18302,2011,E01000875,2011 super output areas - lower layer,298,Age 0 to 4,0.0
18303,2011,E01000875,2011 super output areas - lower layer,298,Age 5 to 7,0.0
18304,2011,E01000875,2011 super output areas - lower layer,298,Age 8 to 9,0.0
18305,2011,E01000875,2011 super output areas - lower layer,298,Age 10 to 14,0.0
18306,2011,E01000875,2011 super output areas - lower layer,298,Age 15,0.0
18307,2011,E01000875,2011 super output areas - lower layer,298,Age 16 to 17,0.0
18308,2011,E01000875,2011 super output areas - lower layer,298,Age 18 to 19,0.0
18309,2011,E01000875,2011 super output areas - lower layer,298,Age 20 to 24,0.0
18310,2011,E01000875,2011 super output areas - lower layer,298,Age 25 to 29,0.0
18311,2011,E01000875,2011 super output areas - lower layer,298,Age 30 to 44,0.0
18312,2011,E01000875,2011 super output areas - lower layer,298,Age 45 to 59,0.0
18313,2011,E01000875,2011 super output areas - lower layer,298,Age 60 to 64,0.0
18314,2011,E01000875,2011 super output areas - lower layer,298,Age 65 to 74,0.0
18315,2011,E01000875,2011 super output areas - lower layer,298,Age 75 to 84,0.0
18316,2011,E01000875,2011 super output areas - lower layer,298,Age 85 to 89,0.0
18317,2011,E01000875,2011 super output areas - lower layer,298,Age 90 and over,0.0
18318,2011,E01000875,2011 super output areas - lower layer,298,Mean Age,
18319,2011,E01000875,2011 super output areas - lower layer,298,Median Age,0.5
18320,2011,E01000875,2011 super output areas - lower layer,298,All usual residents,0.0
18321,2011,E01000875,2011 super output areas - lower layer,298,Age 0 to 4,0.0
18322,2011,E01000875,2011 super output areas - lower layer,298,Age 5 to 7,0.0
18323,2011,E01000875,2011 super output areas - lower layer,298,Age 8 to 9,0.0
18324,2011,E01000875,2011 super output areas - lower layer,298,Age 10 to 14,0.0
18325,2011,E01000875,2011 super output areas - lower layer,298,Age 15,0.0
18326,2011,E01000875,2011 super output areas - lower layer,298,Age 16 to 17,0.0
18327,2011,E01000875,2011 super output areas - lower layer,298,Age 18 to 19,0.0
18328,2011,E01000875,2011 super output areas - lower layer,298,Age 20 to 24,0.0
18329,2011,E01000875,2011 super output areas - lower layer,298,Age 25 to 29,0.0
18330,2011,E01000875,2011 super output areas - lower layer,298,Age 30 to 44,0.0
18331,2011,E01000875,2011 super output areas - lower layer,298,Age 45 to 59,0.0
18332,2011,E01000875,2011 super output areas - lower layer,298,Age 60 to 64,0.0
18333,2011,E01000875,2011 super output areas - lower layer,298,Age 65 to 74,0.0
18334,2011,E01000875,2011 super output areas - lower layer,298,Age 75 to 84,0.0
18335,2011,E01000875,2011 super output areas - lower layer,298,Age 85 to 89,0.0
18336,2011,E01000875,2011 super output areas - lower layer,298,Age 90 and over,0.0
18337,2011,E01000875,2011 super output areas - lower layer,298,Mean Age,
18338,2011,E01000875,2011 super output areas - lower layer,298,Median Age,0.5
18339,2011,E01000875,2011 super output areas - lower layer,298,All usual residents,0.0
18340,2011,E01000875,2011 super output areas - lower layer,298,Age 0 to 4,0.0
18341,2011,E01000875,2011 super output areas - lower layer,298,Age 5 to 7,0.0
18342,2011,E01000875,2011 super output areas - lower layer,298,Age 8 to 9,0.0
18343,2011,E01000875,2011 super output areas - lower layer,298,Age 10 to 14,0.0
18344,2011,E01000875,2011 super output areas - lower layer,298,Age 15,0.0
18345,2011,E01000875,2011 super output areas - lower layer,298,Age 16 to 17,0.0
18346,2011,E01000875,2011 super output areas - lower layer,298,Age 18 to 19,0.0
18347,2011,E01000875,2011 super output areas - lower layer,298,Age 20 to 24,0.0
18348,2011,E01000875,2011 super output areas - lower layer,298,Age 25 to 29,0.0
18349,2011,E01000875,2011 super output areas - lower layer,298,Age 30 to 44,0.0
18350,2011,E01000875,2011 super output areas - lower layer,298,Age 45 to 59,0.0
18351,2011,E01000875,2011 super output areas - lower layer,298,Age 60 to 64,0.0
18352,2011,E01000875,2011 super output areas - lower layer,298,Age 65 to 74,0.0
18353,2011,E01000875,2011 super output areas - lower layer,298,Age 75 to 84,0.0
18354,2011,E01000875,2011 super output areas - lower layer,298,Age 85 to 89,0.0
18355,2011,E01000875,2011 super output areas - lower layer,298,Age 90 and over,0.0
18356,2011,E01000875,2011 super output areas - lower layer,298,Mean Age,
18357,2011,E01000875,2011 super output areas - lower layer,298,Median Age,0.5
18358,2011,E01000875,2011 super output areas - lower layer,298,All usual residents,0.0
18359,2011,E01000875,2011 super output areas - lower layer,298,Age 0 to 4,0.0
18360,2011,E01000875,2011 super output areas - lower layer,298,Age 5 to 7,0.0
18361,2011,E01000875,2011 super output areas - lower layer,298,Age 8 to 9,0.0
18362,2011,E01000875,2011 super output areas - lower layer,298,Age 10 to 14,0.0
18363,2011,E01000875,2011 super output areas - lower layer,298,Age 15,0.0
18364,2011,E01000875,2011 super output areas - lower layer,298,Age 16 to 17,0.0
18365,2011,E01000875,2011 super output areas - lower layer,298,Age 18 to 19,0.0
18366,2011,E01000875,2011 super output areas - lower layer,298,Age 20 to 24,0.0
18367,2011,E01000875,2011 super output areas - lower layer,298,Age 25 to 29,0.0
18368,2011,E01000875,2011 super output areas - lower layer,298,Age 30 to 44,0.0
18369,2011,E01000875,2011 super output areas - lower layer,298,Age 45 to 59,0.0
18370,2011,E01000875,2011 super output areas - lower layer,298,Age 60 to 64,0.0
18371,2011,E01000875,2011 super output areas - lower layer,298,Age 65 to 74,0.0
18372,2011,E01000875,2011 super output areas - lower layer,298,Age 75 to 84,0.0
18373,2011,E01000875,2011 super output areas - lower layer,298,Age 85 to 89,0.0
18374,2011,E01000875,2011 super output areas - lower layer,298,Age 90 and over,0.0
18375,2011,E01000875,2011 super output areas - lower layer,298,Mean Age,
18376,2011,E01000875,2011 super output areas - lower layer,298,Median Age,0.5
18377,2011,E01000875,2011 super output areas - lower layer,298,All usual residents,0.0
18378,2011,E01000875,2011 super output areas - lower layer,298,Age 0 to 4,0.0
18379,2011,E01000875,2011 super output areas - lower layer,298,Age 5 to 7,0.0
18380,2011,E01000875,2011 super output areas - lower layer,298,Age 8 to 9,0.0
18381,2011,E01000875,2011 super output areas - lower layer,298,Age 10 to 14,0.0
18382,2011,E01000875,2011 super output areas - lower layer,298,Age 15,0.0
18383,2011,E01000875,2011 super output areas - lower layer,298,Age 16 to 17,0.0
18384,2011,E01000875,2011 super output areas - lower layer,298,Age 18 to 19,0.0
18385,2011,E01000875,2011 super output areas - lower layer,298,Age 20 to 24,0.0
18386,2011,E01000875,2011 super output areas - lower layer,298,Age 25 to 29,0.0
18387,2011,E01000875,2011 super output areas - lower layer,298,Age 30 to 44,0.0
18388,2011,E01000875,2011 super output areas - lower layer,298,Age 45 to 59,0.0
18389,2011,E01000875,2011 super output areas - lower layer,298,Age 60 to 64,0.0
18390,2011,E01000875,2011 super output areas - lower layer,298,Age 65 to 74,0.0
18391,2011,E01000875,2011 super output areas - lower layer,298,Age 75 to 84,0.0
18392,2011,E01000875,2011 super output areas - lower layer,298,Age 85 to 89,0.0
18393,2011,E01000875,2011 super output areas - lower layer,298,Age 90 and over,0.0
18394,2011,E01000875,2011 super output areas - lower layer,298,Mean Age,
18395,2011,E01000875,2011 super output areas - lower layer,298,Median Age,0.5
18396,2011,E01000875,2011 super output areas - lower layer,298,All usual residents,0.0
18397,2011,E01000875,2011 super output areas - lower layer,298,Age 0 to 4,0.0
18398,2011,E01000875,2011 super output areas - lower layer,298,Age 5 to 7,0.0
18399,2011,E01000875,2011 super output areas - lower layer,298,Age 8 to 9,0.0
18400,2011,E01000875,2011 super output areas - lower layer,298,Age 10 to 14,0.0
18401,2011,E01000875,2011 super output areas - lower layer,298,Age 15,0.0
18402,2011,E01000875,2011 super output areas - lower layer,298,Age 16 to 17,0.0
18403,2011,E01000875,2011 super output areas - lower layer,298,Age 18 to 19,0.0
18404,2011,E01000875,2011 super output areas - lower layer,298,Age 20 to 24,0.0
18405,2011,E01000875,2011 super output areas - lower layer,298,Age 25 to 29,0.0
18406,2011,E01000875,2011 super output areas - lower layer,298,Age 30 to 44,0.0
18407,2011,E01000875,2011 super output areas - lower layer,298,Age 45 to 59,0.0
18408,2011,E01000875,2011 super output areas - lower layer,298,Age 60 to 64,0.0
18409,2011,E01000875,2011 super output areas - lower layer,298,Age 65 to 74,0.0
18410,2011,E01000875,2011 super output areas - lower layer,298,Age 75 to 84,0.0
18411,2011,E01000875,2011 super output areas - lower layer,298,Age 85 to 89,0.0
18412,2011,E01000875,2011 super output areas - lower layer,298,Age 90 and over,0.0
18413,2011,E01000875,2011 super output areas - lower layer,298,Mean Age,
18414,2011,E01000875,2011 super output areas - lower layer,298,Median Age,0.5
18415,2011,E01000875,2011 super output areas - lower layer,298,All usual residents,0.0
18416,2011,E01000875,2011 super output areas - lower layer,298,Age 0 to 4,0.0
18417,2011,E01000875,2011 super output areas - lower layer,298,Age 5 to 7,0.0
18418,2011,E01000875,2011 super output areas - lower layer,298,Age 8 to 9,0.0
18419,2011,E01000875,2011 super output areas - lower layer,298,Age 10 to 14,0.0
18420,2011,E01000875,2011 super output areas - lower layer,298,Age 15,0.0
18421,2011,E01000875,2011 super output areas - lower layer,298,Age 16 to 17,0.0
18422,2011,E01000875,2011 super output areas - lower layer,298,Age 18 to 19,0.0
18423,2011,E01000875,2011 super output areas - lower layer,298,Age 20 to 24,0.0
18424,2011,E01000875,2011 super output areas - lower layer,298,Age 25 to 29,0.0
18425,2011,E01000875,2011 super output areas - lower layer,298,Age 30 to 44,0.0
18426,2011,E01000875,2011 super output areas - lower layer,298,Age 45 to 59,0.0
18427,2011,E01000875,2011 super output areas - lower layer,298,Age 60 to 64,0.0
18428,2011,E01000875,2011 super output areas - lower layer,298,Age 65 to 74,0.0
18429,2011,E01000875,2011 super output areas - lower layer,298,Age 75 to 84,0.0
18430,2011,E01000875,2011 super output areas - lower layer,298,Age 85 to 89,0.0
18431,2011,E01000875,2011 super output areas - lower layer,298,Age 90 and over,0.0
18432,2011,E01000875,2011 super output areas - lower layer,298,Mean Age,
18433,2011,E01000875,2011 super output areas - lower layer,298,Median Age,0.5
18434,2011,E01000875,2011 super output areas - lower layer,298,All usual residents,0.0
18435,2011,E01000875,2011 super output areas - lower layer,298,Age 0 to 4,0.0
18436,2011,E01000875,2011 super output areas - lower layer,298,Age 5 to 7,0.0
18437,2011,E01000875,2011 super output areas - lower layer,298,Age 8 to 9,0.0
18438,2011,E01000875,2011 super output areas - lower layer,298,Age 10 to 14,0.0
18439,2011,E01000875,2011 super output areas - lower layer,298,Age 15,0.0
18440,2011,E01000875,2011 super output areas - lower layer,298,Age 16 to 17,0.0
18441,2011,E01000875,2011 super output areas - lower layer,298,Age 18 to 19,0.0
18442,2011,E01000875,2011 super output areas - lower layer,298,Age 20 to 24,0.0
18443,2011,E01000875,2011 super output areas - lower layer,298,Age 25 to 29,0.0
18444,2011,E01000875,2011 super output areas - lower layer,298,Age 30 to 44,0.0
18445,2011,E01000875,2011 super output areas - lower layer,298,Age 45 to 59,0.0
18446,2011,E01000875,2011 super output areas - lower layer,298,Age 60 to 64,0.0
18447,2011,E01000875,2011 super output areas - lower layer,298,Age 65 to 74,0.0
18448,2011,E01000875,2011 super output areas - lower layer,298,Age 75 to 84,0.0
18449,2011,E01000875,2011 super output areas - lower layer,298,Age 85 to 89,0.0
18450,2011,E01000875,2011 super output areas - lower layer,298,Age 90 and over,0.0
18451,2011,E01000875,2011 super output areas - lower layer,298,Mean Age,
18452,2011,E01000875,2011 super output areas - lower layer,298,Median Age,0.5
18453,2011,E01000875,2011 super output areas - lower layer,298,All usual residents,0.0
18454,2011,E01000875,2011 super output areas - lower layer,298,Age 0 to 4,0.0
18455,2011,E01000875,2011 super output areas - lower layer,298,Age 5 to 7,0.0
18456,2011,E01000875,2011 super output areas - lower layer,298,Age 8 to 9,0.0
18457,2011,E01000875,2011 super output areas - lower layer,298,Age 10 to 14,0.0
18458,2011,E01000875,2011 super output areas - lower layer,298,Age 15,0.0
18459,2011,E01000875,2011 super output areas - lower layer,298,Age 16 to 17,0.0
18460,2011,E01000875,2011 super output areas - lower layer,298,Age 18 to 19,0.0
18461,2011,E01000875,2011 super output areas - lower layer,298,Age 20 to 24,0.0
18462,2011,E01000875,2011 super output areas - lower layer,298,Age 25 to 29,0.0
18463,2011,E01000875,2011 super output areas - lower layer,298,Age 30 to 44,0.0
18464,2011,E01000875,2011 super output areas - lower layer,298,Age 45 to 59,0.0
18465,2011,E01000875,2011 super output areas - lower layer,298,Age 60 to 64,0.0
18466,2011,E01000875,2011 super output areas - lower layer,298,Age 65 to 74,0.0
18467,2011,E01000875,2011 super output areas - lower layer,298,Age 75 to 84,0.0
18468,2011,E01000875,2011 super output areas - lower layer,298,Age 85 to 89,0.0
18469,2011,E01000875,2011 super output areas - lower layer,298,Age 90 and over,0.0
18470,2011,E01000875,2011 super output areas - lower layer,298,Mean Age,
18471,2011,E01000875,2011 super output areas - lower layer,298,Median Age,0.5
18472,2011,E01000875,2011 super output areas - lower layer,298,All usual residents,0.0
18473,2011,E01000875,2011 super output areas - lower layer,298,Age 0 to 4,0.0
18474,2011,E01000875,2011 super output areas - lower layer,298,Age 5 to 7,0.0
18475,2011,E01000875,2011 super output areas - lower layer,298,Age 8 to 9,0.0
18476,2011,E01000875,2011 super output areas - lower layer,298,Age 10 to 14,0.0
18477,2011,E01000875,2011 super output areas - lower layer,298,Age 15,0.0
18478,2011,E01000875,2011 super output areas - lower layer,298,Age 16 to 17,0.0
18479,2011,E01000875,2011 super output areas - lower layer,298,Age 18 to 19,0.0
18480,2011,E01000875,2011 super output areas - lower layer,298,Age 20 to 24,0.0
18481,2011,E01000875,2011 super output areas - lower layer,298,Age 25 to 29,0.0
18482,2011,E01000875,2011 super output areas - lower layer,298,Age 30 to 44,0.0
18483,2011,E01000875,2011 super output areas - lower layer,298,Age 45 to 59,0.0
18484,2011,E01000875,2011 super output areas - lower layer,298,Age 60 to 64,0.0
18485,2011,E01000875,2011 super output areas - lower layer,298,Age 65 to 74,0.0
18486,2011,E01000875,2011 super output areas - lower layer,298,Age 75 to 84,0.0
18487,2011,E01000875,2011 super output areas - lower layer,298,Age 85 to 89,0.0
18488,2011,E01000875,2011 super output areas - lower layer,298,Age 90 and over,0.0
18489,2011,E01000875,2011 super output areas - lower layer,298,Mean Age,
18490,2011,E01000875,2011 super output areas - lower layer,298,Median Age,0.5
18491,2011,E01000875,2011 super output areas - lower layer,298,All usual residents,0.0
18492,2011,E01000875,2011 super output areas - lower layer,298,Age 0 to 4,0.0
18493,2011,E01000875,2011 super output areas - lower layer,298,Age 5 to 7,0.0
18494,2011,E01000875,2011 super output areas - lower layer,298,Age 8 to 9,0.0
18495,2011,E01000875,2011 super output areas - lower layer,298,Age 10 to 14,0.0
18496,2011,E01000875,2011 super output areas - lower layer,298,Age 15,0.0
18497,2011,E01000875,2011 super output areas - lower layer,298,Age 16 to 17,0.0
18498,2011,E01000875,2011 super output areas - lower layer,298,Age 18 to 19,0.0
18499,2011,E01000875,2011 super output areas - lower layer,298,Age 20 to 24,0.0
18500,2011,E01000875,2011 super output areas - lower layer,298,Age 25 to 29,0.0
18501,2011,E01000875,2011 super output areas - lower layer,298,Age 30 to 44,0.0
18502,2011,E01000875,2011 super output areas - lower layer,298,Age 45 to 59,0.0
18503,2011,E01000875,2011 super output areas - lower layer,298,Age 60 to 64,0.0
18504,2011,E01000875,2011 super output areas - lower layer,298,Age 65 to 74,0.0
18505,2011,E01000875,2011 super output areas - lower layer,298,Age 75 to 84,0.0
18506,2011,E01000875,2011 super output areas - lower layer,298,Age 85 to 89,0.0
18507,2011,E01000875,2011 super output areas - lower layer,298,Age 90 and over,0.0
18508,2011,E01000875,2011 super output areas - lower layer,298,Mean Age,
18509,2011,E01000875,2011 super output areas - lower layer,298,Median Age,0.5
18510,2011,E01000875,2011 super output areas - lower layer,298,All usual residents,0.0
18511,2011,E01000875,2011 super output areas - lower layer,298,Age 0 to 4,0.0
18512,2011,E01000875,2011 super output areas - lower layer,298,Age 5 to 7,0.0
18513,2011,E01000875,2011 super output areas - lower layer,298,Age 8 to 9,0.0
18514,2011,E01000875,2011 super output areas - lower layer,298,Age 10 to 14,0.0
18515,2011,E01000875,2011 super output areas - lower layer,298,Age 15,0.0
18516,2011,E01000875,2011 super output areas - lower layer,298,Age 16 to 17,0.0
18517,2011,E01000875,2011 super output areas - lower layer,298,Age 18 to 19,0.0
18518,2011,E01000875,2011 super output areas - lower layer,298,Age 20 to 24,0.0
18519,2011,E01000875,2011 super output areas - lower layer,298,Age 25 to 29,0.0
18520,2011,E01000875,2011 super output areas - lower layer,298,Age 30 to 44,0.0
18521,2011,E01000875,2011 super output areas - lower layer,298,Age 45 to 59,0.0
18522,2011,E01000875,2011 super output areas - lower layer,298,Age 60 to 64,0.0
18523,2011,E01000875,2011 super output areas - lower layer,298,Age 65 to 74,0.0
18524,2011,E01000875,2011 super output areas - lower layer,298,Age 75 to 84,0.0
18525,2011,E01000875,2011 super output areas - lower layer,298,Age 85 to 89,0.0
18526,2011,E01000875,2011 super output areas - lower layer,298,Age 90 and over,0.0
18527,2011,E01000875,2011 super output areas - lower layer,298,Mean Age,
18528,2011,E01000875,2011 super output areas - lower layer,298,Median Age,0.5
18529,2011,E01000876,2011 super output areas - lower layer,298,All usual residents,1748.0
18530,2011,E01000876,2011 super output areas - lower layer,298,Age 0 to 4,103.0
18531,2011,E01000876,2011 super output areas - lower layer,298,Age 5 to 7,61.0
18532,2011,E01000876,2011 super output areas - lower layer,298,Age 8 to 9,37.0
18533,2011,E01000876,2011 super output areas - lower layer,298,Age 10 to 14,99.0
18534,2011,E01000876,2011 super output areas - lower layer,298,Age 15,21.0
18535,2011,E01000876,2011 super output areas - lower layer,298,Age 16 to 17,27.0
18536,2011,E01000876,2011 super output areas - lower layer,298,Age 18 to 19,39.0
18537,2011,E01000876,2011 super output areas - lower layer,298,Age 20 to 24,150.0
18538,2011,E01000876,2011 super output areas - lower layer,298,Age 25 to 29,226.0
18539,2011,E01000876,2011 super output areas - lower layer,298,Age 30 to 44,471.0
18540,2011,E01000876,2011 super output areas - lower layer,298,Age 45 to 59,269.0
18541,2011,E01000876,2011 super output areas - lower layer,298,Age 60 to 64,78.0
18542,2011,E01000876,2011 super output areas - lower layer,298,Age 65 to 74,99.0
18543,2011,E01000876,2011 super output areas - lower layer,298,Age 75 to 84,53.0
18544,2011,E01000876,2011 super output areas - lower layer,298,Age 85 to 89,7.0
18545,2011,E01000876,2011 super output areas - lower layer,298,Age 90 and over,8.0
18546,2011,E01000876,2011 super output areas - lower layer,298,Mean Age,35.1
18547,2011,E01000876,2011 super output areas - lower layer,298,Median Age,32.0
18548,2011,E01000876,2011 super output areas - lower layer,298,All usual residents,0.0
18549,2011,E01000876,2011 super output areas - lower layer,298,Age 0 to 4,0.0
18550,2011,E01000876,2011 super output areas - lower layer,298,Age 5 to 7,0.0
18551,2011,E01000876,2011 super output areas - lower layer,298,Age 8 to 9,0.0
18552,2011,E01000876,2011 super output areas - lower layer,298,Age 10 to 14,0.0
18553,2011,E01000876,2011 super output areas - lower layer,298,Age 15,0.0
18554,2011,E01000876,2011 super output areas - lower layer,298,Age 16 to 17,0.0
18555,2011,E01000876,2011 super output areas - lower layer,298,Age 18 to 19,0.0
18556,2011,E01000876,2011 super output areas - lower layer,298,Age 20 to 24,0.0
18557,2011,E01000876,2011 super output areas - lower layer,298,Age 25 to 29,0.0
18558,2011,E01000876,2011 super output areas - lower layer,298,Age 30 to 44,0.0
18559,2011,E01000876,2011 super output areas - lower layer,298,Age 45 to 59,0.0
18560,2011,E01000876,2011 super output areas - lower layer,298,Age 60 to 64,0.0
18561,2011,E01000876,2011 super output areas - lower layer,298,Age 65 to 74,0.0
18562,2011,E01000876,2011 super output areas - lower layer,298,Age 75 to 84,0.0
18563,2011,E01000876,2011 super output areas - lower layer,298,Age 85 to 89,0.0
18564,2011,E01000876,2011 super output areas - lower layer,298,Age 90 and over,0.0
18565,2011,E01000876,2011 super output areas - lower layer,298,Mean Age,
18566,2011,E01000876,2011 super output areas - lower layer,298,Median Age,0.5
18567,2011,E01000876,2011 super output areas - lower layer,298,All usual residents,0.0
18568,2011,E01000876,2011 super output areas - lower layer,298,Age 0 to 4,0.0
18569,2011,E01000876,2011 super output areas - lower layer,298,Age 5 to 7,0.0
18570,2011,E01000876,2011 super output areas - lower layer,298,Age 8 to 9,0.0
18571,2011,E01000876,2011 super output areas - lower layer,298,Age 10 to 14,0.0
18572,2011,E01000876,2011 super output areas - lower layer,298,Age 15,0.0
18573,2011,E01000876,2011 super output areas - lower layer,298,Age 16 to 17,0.0
18574,2011,E01000876,2011 super output areas - lower layer,298,Age 18 to 19,0.0
18575,2011,E01000876,2011 super output areas - lower layer,298,Age 20 to 24,0.0
18576,2011,E01000876,2011 super output areas - lower layer,298,Age 25 to 29,0.0
18577,2011,E01000876,2011 super output areas - lower layer,298,Age 30 to 44,0.0
18578,2011,E01000876,2011 super output areas - lower layer,298,Age 45 to 59,0.0
18579,2011,E01000876,2011 super output areas - lower layer,298,Age 60 to 64,0.0
18580,2011,E01000876,2011 super output areas - lower layer,298,Age 65 to 74,0.0
18581,2011,E01000876,2011 super output areas - lower layer,298,Age 75 to 84,0.0
18582,2011,E01000876,2011 super output areas - lower layer,298,Age 85 to 89,0.0
18583,2011,E01000876,2011 super output areas - lower layer,298,Age 90 and over,0.0
18584,2011,E01000876,2011 super output areas - lower layer,298,Mean Age,
18585,2011,E01000876,2011 super output areas - lower layer,298,Median Age,0.5
18586,2011,E01000876,2011 super output areas - lower layer,298,All usual residents,0.0
18587,2011,E01000876,2011 super output areas - lower layer,298,Age 0 to 4,0.0
18588,2011,E01000876,2011 super output areas - lower layer,298,Age 5 to 7,0.0
18589,2011,E01000876,2011 super output areas - lower layer,298,Age 8 to 9,0.0
18590,2011,E01000876,2011 super output areas - lower layer,298,Age 10 to 14,0.0
18591,2011,E01000876,2011 super output areas - lower layer,298,Age 15,0.0
18592,2011,E01000876,2011 super output areas - lower layer,298,Age 16 to 17,0.0
18593,2011,E01000876,2011 super output areas - lower layer,298,Age 18 to 19,0.0
18594,2011,E01000876,2011 super output areas - lower layer,298,Age 20 to 24,0.0
18595,2011,E01000876,2011 super output areas - lower layer,298,Age 25 to 29,0.0
18596,2011,E01000876,2011 super output areas - lower layer,298,Age 30 to 44,0.0
18597,2011,E01000876,2011 super output areas - lower layer,298,Age 45 to 59,0.0
18598,2011,E01000876,2011 super output areas - lower layer,298,Age 60 to 64,0.0
18599,2011,E01000876,2011 super output areas - lower layer,298,Age 65 to 74,0.0
18600,2011,E01000876,2011 super output areas - lower layer,298,Age 75 to 84,0.0
18601,2011,E01000876,2011 super output areas - lower layer,298,Age 85 to 89,0.0
18602,2011,E01000876,2011 super output areas - lower layer,298,Age 90 and over,0.0
18603,2011,E01000876,2011 super output areas - lower layer,298,Mean Age,
18604,2011,E01000876,2011 super output areas - lower layer,298,Median Age,0.5
18605,2011,E01000876,2011 super output areas - lower layer,298,All usual residents,0.0
18606,2011,E01000876,2011 super output areas - lower layer,298,Age 0 to 4,0.0
18607,2011,E01000876,2011 super output areas - lower layer,298,Age 5 to 7,0.0
18608,2011,E01000876,2011 super output areas - lower layer,298,Age 8 to 9,0.0
18609,2011,E01000876,2011 super output areas - lower layer,298,Age 10 to 14,0.0
18610,2011,E01000876,2011 super output areas - lower layer,298,Age 15,0.0
18611,2011,E01000876,2011 super output areas - lower layer,298,Age 16 to 17,0.0
18612,2011,E01000876,2011 super output areas - lower layer,298,Age 18 to 19,0.0
18613,2011,E01000876,2011 super output areas - lower layer,298,Age 20 to 24,0.0
18614,2011,E01000876,2011 super output areas - lower layer,298,Age 25 to 29,0.0
18615,2011,E01000876,2011 super output areas - lower layer,298,Age 30 to 44,0.0
18616,2011,E01000876,2011 super output areas - lower layer,298,Age 45 to 59,0.0
18617,2011,E01000876,2011 super output areas - lower layer,298,Age 60 to 64,0.0
18618,2011,E01000876,2011 super output areas - lower layer,298,Age 65 to 74,0.0
18619,2011,E01000876,2011 super output areas - lower layer,298,Age 75 to 84,0.0
18620,2011,E01000876,2011 super output areas - lower layer,298,Age 85 to 89,0.0
18621,2011,E01000876,2011 super output areas - lower layer,298,Age 90 and over,0.0
18622,2011,E01000876,2011 super output areas - lower layer,298,Mean Age,
18623,2011,E01000876,2011 super output areas - lower layer,298,Median Age,0.5
18624,2011,E01000876,2011 super output areas - lower layer,298,All usual residents,0.0
18625,2011,E01000876,2011 super output areas - lower layer,298,Age 0 to 4,0.0
18626,2011,E01000876,2011 super output areas - lower layer,298,Age 5 to 7,0.0
18627,2011,E01000876,2011 super output areas - lower layer,298,Age 8 to 9,0.0
18628,2011,E01000876,2011 super output areas - lower layer,298,Age 10 to 14,0.0
18629,2011,E01000876,2011 super output areas - lower layer,298,Age 15,0.0
18630,2011,E01000876,2011 super output areas - lower layer,298,Age 16 to 17,0.0
18631,2011,E01000876,2011 super output areas - lower layer,298,Age 18 to 19,0.0
18632,2011,E01000876,2011 super output areas - lower layer,298,Age 20 to 24,0.0
18633,2011,E01000876,2011 super output areas - lower layer,298,Age 25 to 29,0.0
18634,2011,E01000876,2011 super output areas - lower layer,298,Age 30 to 44,0.0
18635,2011,E01000876,2011 super output areas - lower layer,298,Age 45 to 59,0.0
18636,2011,E01000876,2011 super output areas - lower layer,298,Age 60 to 64,0.0
18637,2011,E01000876,2011 super output areas - lower layer,298,Age 65 to 74,0.0
18638,2011,E01000876,2011 super output areas - lower layer,298,Age 75 to 84,0.0
18639,2011,E01000876,2011 super output areas - lower layer,298,Age 85 to 89,0.0
18640,2011,E01000876,2011 super output areas - lower layer,298,Age 90 and over,0.0
18641,2011,E01000876,2011 super output areas - lower layer,298,Mean Age,
18642,2011,E01000876,2011 super output areas - lower layer,298,Median Age,0.5
18643,2011,E01000876,2011 super output areas - lower layer,298,All usual residents,0.0
18644,2011,E01000876,2011 super output areas - lower layer,298,Age 0 to 4,0.0
18645,2011,E01000876,2011 super output areas - lower layer,298,Age 5 to 7,0.0
18646,2011,E01000876,2011 super output areas - lower layer,298,Age 8 to 9,0.0
18647,2011,E01000876,2011 super output areas - lower layer,298,Age 10 to 14,0.0
18648,2011,E01000876,2011 super output areas - lower layer,298,Age 15,0.0
18649,2011,E01000876,2011 super output areas - lower layer,298,Age 16 to 17,0.0
18650,2011,E01000876,2011 super output areas - lower layer,298,Age 18 to 19,0.0
18651,2011,E01000876,2011 super output areas - lower layer,298,Age 20 to 24,0.0
18652,2011,E01000876,2011 super output areas - lower layer,298,Age 25 to 29,0.0
18653,2011,E01000876,2011 super output areas - lower layer,298,Age 30 to 44,0.0
18654,2011,E01000876,2011 super output areas - lower layer,298,Age 45 to 59,0.0
18655,2011,E01000876,2011 super output areas - lower layer,298,Age 60 to 64,0.0
18656,2011,E01000876,2011 super output areas - lower layer,298,Age 65 to 74,0.0
18657,2011,E01000876,2011 super output areas - lower layer,298,Age 75 to 84,0.0
18658,2011,E01000876,2011 super output areas - lower layer,298,Age 85 to 89,0.0
18659,2011,E01000876,2011 super output areas - lower layer,298,Age 90 and over,0.0
18660,2011,E01000876,2011 super output areas - lower layer,298,Mean Age,
18661,2011,E01000876,2011 super output areas - lower layer,298,Median Age,0.5
18662,2011,E01000876,2011 super output areas - lower layer,298,All usual residents,0.0
18663,2011,E01000876,2011 super output areas - lower layer,298,Age 0 to 4,0.0
18664,2011,E01000876,2011 super output areas - lower layer,298,Age 5 to 7,0.0
18665,2011,E01000876,2011 super output areas - lower layer,298,Age 8 to 9,0.0
18666,2011,E01000876,2011 super output areas - lower layer,298,Age 10 to 14,0.0
18667,2011,E01000876,2011 super output areas - lower layer,298,Age 15,0.0
18668,2011,E01000876,2011 super output areas - lower layer,298,Age 16 to 17,0.0
18669,2011,E01000876,2011 super output areas - lower layer,298,Age 18 to 19,0.0
18670,2011,E01000876,2011 super output areas - lower layer,298,Age 20 to 24,0.0
18671,2011,E01000876,2011 super output areas - lower layer,298,Age 25 to 29,0.0
18672,2011,E01000876,2011 super output areas - lower layer,298,Age 30 to 44,0.0
18673,2011,E01000876,2011 super output areas - lower layer,298,Age 45 to 59,0.0
18674,2011,E01000876,2011 super output areas - lower layer,298,Age 60 to 64,0.0
18675,2011,E01000876,2011 super output areas - lower layer,298,Age 65 to 74,0.0
18676,2011,E01000876,2011 super output areas - lower layer,298,Age 75 to 84,0.0
18677,2011,E01000876,2011 super output areas - lower layer,298,Age 85 to 89,0.0
18678,2011,E01000876,2011 super output areas - lower layer,298,Age 90 and over,0.0
18679,2011,E01000876,2011 super output areas - lower layer,298,Mean Age,
18680,2011,E01000876,2011 super output areas - lower layer,298,Median Age,0.5
18681,2011,E01000876,2011 super output areas - lower layer,298,All usual residents,0.0
18682,2011,E01000876,2011 super output areas - lower layer,298,Age 0 to 4,0.0
18683,2011,E01000876,2011 super output areas - lower layer,298,Age 5 to 7,0.0
18684,2011,E01000876,2011 super output areas - lower layer,298,Age 8 to 9,0.0
18685,2011,E01000876,2011 super output areas - lower layer,298,Age 10 to 14,0.0
18686,2011,E01000876,2011 super output areas - lower layer,298,Age 15,0.0
18687,2011,E01000876,2011 super output areas - lower layer,298,Age 16 to 17,0.0
18688,2011,E01000876,2011 super output areas - lower layer,298,Age 18 to 19,0.0
18689,2011,E01000876,2011 super output areas - lower layer,298,Age 20 to 24,0.0
18690,2011,E01000876,2011 super output areas - lower layer,298,Age 25 to 29,0.0
18691,2011,E01000876,2011 super output areas - lower layer,298,Age 30 to 44,0.0
18692,2011,E01000876,2011 super output areas - lower layer,298,Age 45 to 59,0.0
18693,2011,E01000876,2011 super output areas - lower layer,298,Age 60 to 64,0.0
18694,2011,E01000876,2011 super output areas - lower layer,298,Age 65 to 74,0.0
18695,2011,E01000876,2011 super output areas - lower layer,298,Age 75 to 84,0.0
18696,2011,E01000876,2011 super output areas - lower layer,298,Age 85 to 89,0.0
18697,2011,E01000876,2011 super output areas - lower layer,298,Age 90 and over,0.0
18698,2011,E01000876,2011 super output areas - lower layer,298,Mean Age,
18699,2011,E01000876,2011 super output areas - lower layer,298,Median Age,0.5
18700,2011,E01000876,2011 super output areas - lower layer,298,All usual residents,0.0
18701,2011,E01000876,2011 super output areas - lower layer,298,Age 0 to 4,0.0
18702,2011,E01000876,2011 super output areas - lower layer,298,Age 5 to 7,0.0
18703,2011,E01000876,2011 super output areas - lower layer,298,Age 8 to 9,0.0
18704,2011,E01000876,2011 super output areas - lower layer,298,Age 10 to 14,0.0
18705,2011,E01000876,2011 super output areas - lower layer,298,Age 15,0.0
18706,2011,E01000876,2011 super output areas - lower layer,298,Age 16 to 17,0.0
18707,2011,E01000876,2011 super output areas - lower layer,298,Age 18 to 19,0.0
18708,2011,E01000876,2011 super output areas - lower layer,298,Age 20 to 24,0.0
18709,2011,E01000876,2011 super output areas - lower layer,298,Age 25 to 29,0.0
18710,2011,E01000876,2011 super output areas - lower layer,298,Age 30 to 44,0.0
18711,2011,E01000876,2011 super output areas - lower layer,298,Age 45 to 59,0.0
18712,2011,E01000876,2011 super output areas - lower layer,298,Age 60 to 64,0.0
18713,2011,E01000876,2011 super output areas - lower layer,298,Age 65 to 74,0.0
18714,2011,E01000876,2011 super output areas - lower layer,298,Age 75 to 84,0.0
18715,2011,E01000876,2011 super output areas - lower layer,298,Age 85 to 89,0.0
18716,2011,E01000876,2011 super output areas - lower layer,298,Age 90 and over,0.0
18717,2011,E01000876,2011 super output areas - lower layer,298,Mean Age,
18718,2011,E01000876,2011 super output areas - lower layer,298,Median Age,0.5
18719,2011,E01000876,2011 super output areas - lower layer,298,All usual residents,0.0
18720,2011,E01000876,2011 super output areas - lower layer,298,Age 0 to 4,0.0
18721,2011,E01000876,2011 super output areas - lower layer,298,Age 5 to 7,0.0
18722,2011,E01000876,2011 super output areas - lower layer,298,Age 8 to 9,0.0
18723,2011,E01000876,2011 super output areas - lower layer,298,Age 10 to 14,0.0
18724,2011,E01000876,2011 super output areas - lower layer,298,Age 15,0.0
18725,2011,E01000876,2011 super output areas - lower layer,298,Age 16 to 17,0.0
18726,2011,E01000876,2011 super output areas - lower layer,298,Age 18 to 19,0.0
18727,2011,E01000876,2011 super output areas - lower layer,298,Age 20 to 24,0.0
18728,2011,E01000876,2011 super output areas - lower layer,298,Age 25 to 29,0.0
18729,2011,E01000876,2011 super output areas - lower layer,298,Age 30 to 44,0.0
18730,2011,E01000876,2011 super output areas - lower layer,298,Age 45 to 59,0.0
18731,2011,E01000876,2011 super output areas - lower layer,298,Age 60 to 64,0.0
18732,2011,E01000876,2011 super output areas - lower layer,298,Age 65 to 74,0.0
18733,2011,E01000876,2011 super output areas - lower layer,298,Age 75 to 84,0.0
18734,2011,E01000876,2011 super output areas - lower layer,298,Age 85 to 89,0.0
18735,2011,E01000876,2011 super output areas - lower layer,298,Age 90 and over,0.0
18736,2011,E01000876,2011 super output areas - lower layer,298,Mean Age,
18737,2011,E01000876,2011 super output areas - lower layer,298,Median Age,0.5
18738,2011,E01000876,2011 super output areas - lower layer,298,All usual residents,0.0
18739,2011,E01000876,2011 super output areas - lower layer,298,Age 0 to 4,0.0
18740,2011,E01000876,2011 super output areas - lower layer,298,Age 5 to 7,0.0
18741,2011,E01000876,2011 super output areas - lower layer,298,Age 8 to 9,0.0
18742,2011,E01000876,2011 super output areas - lower layer,298,Age 10 to 14,0.0
18743,2011,E01000876,2011 super output areas - lower layer,298,Age 15,0.0
18744,2011,E01000876,2011 super output areas - lower layer,298,Age 16 to 17,0.0
18745,2011,E01000876,2011 super output areas - lower layer,298,Age 18 to 19,0.0
18746,2011,E01000876,2011 super output areas - lower layer,298,Age 20 to 24,0.0
18747,2011,E01000876,2011 super output areas - lower layer,298,Age 25 to 29,0.0
18748,2011,E01000876,2011 super output areas - lower layer,298,Age 30 to 44,0.0
18749,2011,E01000876,2011 super output areas - lower layer,298,Age 45 to 59,0.0
18750,2011,E01000876,2011 super output areas - lower layer,298,Age 60 to 64,0.0
18751,2011,E01000876,2011 super output areas - lower layer,298,Age 65 to 74,0.0
18752,2011,E01000876,2011 super output areas - lower layer,298,Age 75 to 84,0.0
18753,2011,E01000876,2011 super output areas - lower layer,298,Age 85 to 89,0.0
18754,2011,E01000876,2011 super output areas - lower layer,298,Age 90 and over,0.0
18755,2011,E01000876,2011 super output areas - lower layer,298,Mean Age,
18756,2011,E01000876,2011 super output areas - lower layer,298,Median Age,0.5
18757,2011,E01000876,2011 super output areas - lower layer,298,All usual residents,0.0
18758,2011,E01000876,2011 super output areas - lower layer,298,Age 0 to 4,0.0
18759,2011,E01000876,2011 super output areas - lower layer,298,Age 5 to 7,0.0
18760,2011,E01000876,2011 super output areas - lower layer,298,Age 8 to 9,0.0
18761,2011,E01000876,2011 super output areas - lower layer,298,Age 10 to 14,0.0
18762,2011,E01000876,2011 super output areas - lower layer,298,Age 15,0.0
18763,2011,E01000876,2011 super output areas - lower layer,298,Age 16 to 17,0.0
18764,2011,E01000876,2011 super output areas - lower layer,298,Age 18 to 19,0.0
18765,2011,E01000876,2011 super output areas - lower layer,298,Age 20 to 24,0.0
18766,2011,E01000876,2011 super output areas - lower layer,298,Age 25 to 29,0.0
18767,2011,E01000876,2011 super output areas - lower layer,298,Age 30 to 44,0.0
18768,2011,E01000876,2011 super output areas - lower layer,298,Age 45 to 59,0.0
18769,2011,E01000876,2011 super output areas - lower layer,298,Age 60 to 64,0.0
18770,2011,E01000876,2011 super output areas - lower layer,298,Age 65 to 74,0.0
18771,2011,E01000876,2011 super output areas - lower layer,298,Age 75 to 84,0.0
18772,2011,E01000876,2011 super output areas - lower layer,298,Age 85 to 89,0.0
18773,2011,E01000876,2011 super output areas - lower layer,298,Age 90 and over,0.0
18774,2011,E01000876,2011 super output areas - lower layer,298,Mean Age,
18775,2011,E01000876,2011 super output areas - lower layer,298,Median Age,0.5
18776,2011,E01000931,2011 super output areas - lower layer,298,All usual residents,1910.0
18777,2011,E01000931,2011 super output areas - lower layer,298,Age 0 to 4,133.0
18778,2011,E01000931,2011 super output areas - lower layer,298,Age 5 to 7,66.0
18779,2011,E01000931,2011 super output areas - lower layer,298,Age 8 to 9,31.0
18780,2011,E01000931,2011 super output areas - lower layer,298,Age 10 to 14,78.0
18781,2011,E01000931,2011 super output areas - lower layer,298,Age 15,13.0
18782,2011,E01000931,2011 super output areas - lower layer,298,Age 16 to 17,45.0
18783,2011,E01000931,2011 super output areas - lower layer,298,Age 18 to 19,34.0
18784,2011,E01000931,2011 super output areas - lower layer,298,Age 20 to 24,145.0
18785,2011,E01000931,2011 super output areas - lower layer,298,Age 25 to 29,265.0
18786,2011,E01000931,2011 super output areas - lower layer,298,Age 30 to 44,554.0
18787,2011,E01000931,2011 super output areas - lower layer,298,Age 45 to 59,276.0
18788,2011,E01000931,2011 super output areas - lower layer,298,Age 60 to 64,82.0
18789,2011,E01000931,2011 super output areas - lower layer,298,Age 65 to 74,93.0
18790,2011,E01000931,2011 super output areas - lower layer,298,Age 75 to 84,77.0
18791,2011,E01000931,2011 super output areas - lower layer,298,Age 85 to 89,16.0
18792,2011,E01000931,2011 super output areas - lower layer,298,Age 90 and over,2.0
18793,2011,E01000931,2011 super output areas - lower layer,298,Mean Age,35.0
18794,2011,E01000931,2011 super output areas - lower layer,298,Median Age,32.0
18795,2011,E01000931,2011 super output areas - lower layer,298,All usual residents,0.0
18796,2011,E01000931,2011 super output areas - lower layer,298,Age 0 to 4,0.0
18797,2011,E01000931,2011 super output areas - lower layer,298,Age 5 to 7,0.0
18798,2011,E01000931,2011 super output areas - lower layer,298,Age 8 to 9,0.0
18799,2011,E01000931,2011 super output areas - lower layer,298,Age 10 to 14,0.0
18800,2011,E01000931,2011 super output areas - lower layer,298,Age 15,0.0
18801,2011,E01000931,2011 super output areas - lower layer,298,Age 16 to 17,0.0
18802,2011,E01000931,2011 super output areas - lower layer,298,Age 18 to 19,0.0
18803,2011,E01000931,2011 super output areas - lower layer,298,Age 20 to 24,0.0
18804,2011,E01000931,2011 super output areas - lower layer,298,Age 25 to 29,0.0
18805,2011,E01000931,2011 super output areas - lower layer,298,Age 30 to 44,0.0
18806,2011,E01000931,2011 super output areas - lower layer,298,Age 45 to 59,0.0
18807,2011,E01000931,2011 super output areas - lower layer,298,Age 60 to 64,0.0
18808,2011,E01000931,2011 super output areas - lower layer,298,Age 65 to 74,0.0
18809,2011,E01000931,2011 super output areas - lower layer,298,Age 75 to 84,0.0
18810,2011,E01000931,2011 super output areas - lower layer,298,Age 85 to 89,0.0
18811,2011,E01000931,2011 super output areas - lower layer,298,Age 90 and over,0.0
18812,2011,E01000931,2011 super output areas - lower layer,298,Mean Age,
18813,2011,E01000931,2011 super output areas - lower layer,298,Median Age,0.5
18814,2011,E01000931,2011 super output areas - lower layer,298,All usual residents,0.0
18815,2011,E01000931,2011 super output areas - lower layer,298,Age 0 to 4,0.0
18816,2011,E01000931,2011 super output areas - lower layer,298,Age 5 to 7,0.0
18817,2011,E01000931,2011 super output areas - lower layer,298,Age 8 to 9,0.0
18818,2011,E01000931,2011 super output areas - lower layer,298,Age 10 to 14,0.0
18819,2011,E01000931,2011 super output areas - lower layer,298,Age 15,0.0
18820,2011,E01000931,2011 super output areas - lower layer,298,Age 16 to 17,0.0
18821,2011,E01000931,2011 super output areas - lower layer,298,Age 18 to 19,0.0
18822,2011,E01000931,2011 super output areas - lower layer,298,Age 20 to 24,0.0
18823,2011,E01000931,2011 super output areas - lower layer,298,Age 25 to 29,0.0
18824,2011,E01000931,2011 super output areas - lower layer,298,Age 30 to 44,0.0
18825,2011,E01000931,2011 super output areas - lower layer,298,Age 45 to 59,0.0
18826,2011,E01000931,2011 super output areas - lower layer,298,Age 60 to 64,0.0
18827,2011,E01000931,2011 super output areas - lower layer,298,Age 65 to 74,0.0
18828,2011,E01000931,2011 super output areas - lower layer,298,Age 75 to 84,0.0
18829,2011,E01000931,2011 super output areas - lower layer,298,Age 85 to 89,0.0
18830,2011,E01000931,2011 super output areas - lower layer,298,Age 90 and over,0.0
18831,2011,E01000931,2011 super output areas - lower layer,298,Mean Age,
18832,2011,E01000931,2011 super output areas - lower layer,298,Median Age,0.5
18833,2011,E01000931,2011 super output areas - lower layer,298,All usual residents,0.0
18834,2011,E01000931,2011 super output areas - lower layer,298,Age 0 to 4,0.0
18835,2011,E01000931,2011 super output areas - lower layer,298,Age 5 to 7,0.0
18836,2011,E01000931,2011 super output areas - lower layer,298,Age 8 to 9,0.0
18837,2011,E01000931,2011 super output areas - lower layer,298,Age 10 to 14,0.0
18838,2011,E01000931,2011 super output areas - lower layer,298,Age 15,0.0
18839,2011,E01000931,2011 super output areas - lower layer,298,Age 16 to 17,0.0
18840,2011,E01000931,2011 super output areas - lower layer,298,Age 18 to 19,0.0
18841,2011,E01000931,2011 super output areas - lower layer,298,Age 20 to 24,0.0
18842,2011,E01000931,2011 super output areas - lower layer,298,Age 25 to 29,0.0
18843,2011,E01000931,2011 super output areas - lower layer,298,Age 30 to 44,0.0
18844,2011,E01000931,2011 super output areas - lower layer,298,Age 45 to 59,0.0
18845,2011,E01000931,2011 super output areas - lower layer,298,Age 60 to 64,0.0
18846,2011,E01000931,2011 super output areas - lower layer,298,Age 65 to 74,0.0
18847,2011,E01000931,2011 super output areas - lower layer,298,Age 75 to 84,0.0
18848,2011,E01000931,2011 super output areas - lower layer,298,Age 85 to 89,0.0
18849,2011,E01000931,2011 super output areas - lower layer,298,Age 90 and over,0.0
18850,2011,E01000931,2011 super output areas - lower layer,298,Mean Age,
18851,2011,E01000931,2011 super output areas - lower layer,298,Median Age,0.5
18852,2011,E01000931,2011 super output areas - lower layer,298,All usual residents,0.0
18853,2011,E01000931,2011 super output areas - lower layer,298,Age 0 to 4,0.0
18854,2011,E01000931,2011 super output areas - lower layer,298,Age 5 to 7,0.0
18855,2011,E01000931,2011 super output areas - lower layer,298,Age 8 to 9,0.0
18856,2011,E01000931,2011 super output areas - lower layer,298,Age 10 to 14,0.0
18857,2011,E01000931,2011 super output areas - lower layer,298,Age 15,0.0
18858,2011,E01000931,2011 super output areas - lower layer,298,Age 16 to 17,0.0
18859,2011,E01000931,2011 super output areas - lower layer,298,Age 18 to 19,0.0
18860,2011,E01000931,2011 super output areas - lower layer,298,Age 20 to 24,0.0
18861,2011,E01000931,2011 super output areas - lower layer,298,Age 25 to 29,0.0
18862,2011,E01000931,2011 super output areas - lower layer,298,Age 30 to 44,0.0
18863,2011,E01000931,2011 super output areas - lower layer,298,Age 45 to 59,0.0
18864,2011,E01000931,2011 super output areas - lower layer,298,Age 60 to 64,0.0
18865,2011,E01000931,2011 super output areas - lower layer,298,Age 65 to 74,0.0
18866,2011,E01000931,2011 super output areas - lower layer,298,Age 75 to 84,0.0
18867,2011,E01000931,2011 super output areas - lower layer,298,Age 85 to 89,0.0
18868,2011,E01000931,2011 super output areas - lower layer,298,Age 90 and over,0.0
18869,2011,E01000931,2011 super output areas - lower layer,298,Mean Age,
18870,2011,E01000931,2011 super output areas - lower layer,298,Median Age,0.5
18871,2011,E01000931,2011 super output areas - lower layer,298,All usual residents,0.0
18872,2011,E01000931,2011 super output areas - lower layer,298,Age 0 to 4,0.0
18873,2011,E01000931,2011 super output areas - lower layer,298,Age 5 to 7,0.0
18874,2011,E01000931,2011 super output areas - lower layer,298,Age 8 to 9,0.0
18875,2011,E01000931,2011 super output areas - lower layer,298,Age 10 to 14,0.0
18876,2011,E01000931,2011 super output areas - lower layer,298,Age 15,0.0
18877,2011,E01000931,2011 super output areas - lower layer,298,Age 16 to 17,0.0
18878,2011,E01000931,2011 super output areas - lower layer,298,Age 18 to 19,0.0
18879,2011,E01000931,2011 super output areas - lower layer,298,Age 20 to 24,0.0
18880,2011,E01000931,2011 super output areas - lower layer,298,Age 25 to 29,0.0
18881,2011,E01000931,2011 super output areas - lower layer,298,Age 30 to 44,0.0
18882,2011,E01000931,2011 super output areas - lower layer,298,Age 45 to 59,0.0
18883,2011,E01000931,2011 super output areas - lower layer,298,Age 60 to 64,0.0
18884,2011,E01000931,2011 super output areas - lower layer,298,Age 65 to 74,0.0
18885,2011,E01000931,2011 super output areas - lower layer,298,Age 75 to 84,0.0
18886,2011,E01000931,2011 super output areas - lower layer,298,Age 85 to 89,0.0
18887,2011,E01000931,2011 super output areas - lower layer,298,Age 90 and over,0.0
18888,2011,E01000931,2011 super output areas - lower layer,298,Mean Age,
18889,2011,E01000931,2011 super output areas - lower layer,298,Median Age,0.5
18890,2011,E01000931,2011 super output areas - lower layer,298,All usual residents,0.0
18891,2011,E01000931,2011 super output areas - lower layer,298,Age 0 to 4,0.0
18892,2011,E01000931,2011 super output areas - lower layer,298,Age 5 to 7,0.0
18893,2011,E01000931,2011 super output areas - lower layer,298,Age 8 to 9,0.0
18894,2011,E01000931,2011 super output areas - lower layer,298,Age 10 to 14,0.0
18895,2011,E01000931,2011 super output areas - lower layer,298,Age 15,0.0
18896,2011,E01000931,2011 super output areas - lower layer,298,Age 16 to 17,0.0
18897,2011,E01000931,2011 super output areas - lower layer,298,Age 18 to 19,0.0
18898,2011,E01000931,2011 super output areas - lower layer,298,Age 20 to 24,0.0
18899,2011,E01000931,2011 super output areas - lower layer,298,Age 25 to 29,0.0
18900,2011,E01000931,2011 super output areas - lower layer,298,Age 30 to 44,0.0
18901,2011,E01000931,2011 super output areas - lower layer,298,Age 45 to 59,0.0
18902,2011,E01000931,2011 super output areas - lower layer,298,Age 60 to 64,0.0
18903,2011,E01000931,2011 super output areas - lower layer,298,Age 65 to 74,0.0
18904,2011,E01000931,2011 super output areas - lower layer,298,Age 75 to 84,0.0
18905,2011,E01000931,2011 super output areas - lower layer,298,Age 85 to 89,0.0
18906,2011,E01000931,2011 super output areas - lower layer,298,Age 90 and over,0.0
18907,2011,E01000931,2011 super output areas - lower layer,298,Mean Age,
18908,2011,E01000931,2011 super output areas - lower layer,298,Median Age,0.5
18909,2011,E01000931,2011 super output areas - lower layer,298,All usual residents,0.0
18910,2011,E01000931,2011 super output areas - lower layer,298,Age 0 to 4,0.0
18911,2011,E01000931,2011 super output areas - lower layer,298,Age 5 to 7,0.0
18912,2011,E01000931,2011 super output areas - lower layer,298,Age 8 to 9,0.0
18913,2011,E01000931,2011 super output areas - lower layer,298,Age 10 to 14,0.0
18914,2011,E01000931,2011 super output areas - lower layer,298,Age 15,0.0
18915,2011,E01000931,2011 super output areas - lower layer,298,Age 16 to 17,0.0
18916,2011,E01000931,2011 super output areas - lower layer,298,Age 18 to 19,0.0
18917,2011,E01000931,2011 super output areas - lower layer,298,Age 20 to 24,0.0
18918,2011,E01000931,2011 super output areas - lower layer,298,Age 25 to 29,0.0
18919,2011,E01000931,2011 super output areas - lower layer,298,Age 30 to 44,0.0
18920,2011,E01000931,2011 super output areas - lower layer,298,Age 45 to 59,0.0
18921,2011,E01000931,2011 super output areas - lower layer,298,Age 60 to 64,0.0
18922,2011,E01000931,2011 super output areas - lower layer,298,Age 65 to 74,0.0
18923,2011,E01000931,2011 super output areas - lower layer,298,Age 75 to 84,0.0
18924,2011,E01000931,2011 super output areas - lower layer,298,Age 85 to 89,0.0
18925,2011,E01000931,2011 super output areas - lower layer,298,Age 90 and over,0.0
18926,2011,E01000931,2011 super output areas - lower layer,298,Mean Age,
18927,2011,E01000931,2011 super output areas - lower layer,298,Median Age,0.5
18928,2011,E01000931,2011 super output areas - lower layer,298,All usual residents,0.0
18929,2011,E01000931,2011 super output areas - lower layer,298,Age 0 to 4,0.0
18930,2011,E01000931,2011 super output areas - lower layer,298,Age 5 to 7,0.0
18931,2011,E01000931,2011 super output areas - lower layer,298,Age 8 to 9,0.0
18932,2011,E01000931,2011 super output areas - lower layer,298,Age 10 to 14,0.0
18933,2011,E01000931,2011 super output areas - lower layer,298,Age 15,0.0
18934,2011,E01000931,2011 super output areas - lower layer,298,Age 16 to 17,0.0
18935,2011,E01000931,2011 super output areas - lower layer,298,Age 18 to 19,0.0
18936,2011,E01000931,2011 super output areas - lower layer,298,Age 20 to 24,0.0
18937,2011,E01000931,2011 super output areas - lower layer,298,Age 25 to 29,0.0
18938,2011,E01000931,2011 super output areas - lower layer,298,Age 30 to 44,0.0
18939,2011,E01000931,2011 super output areas - lower layer,298,Age 45 to 59,0.0
18940,2011,E01000931,2011 super output areas - lower layer,298,Age 60 to 64,0.0
18941,2011,E01000931,2011 super output areas - lower layer,298,Age 65 to 74,0.0
18942,2011,E01000931,2011 super output areas - lower layer,298,Age 75 to 84,0.0
18943,2011,E01000931,2011 super output areas - lower layer,298,Age 85 to 89,0.0
18944,2011,E01000931,2011 super output areas - lower layer,298,Age 90 and over,0.0
18945,2011,E01000931,2011 super output areas - lower layer,298,Mean Age,
18946,2011,E01000931,2011 super output areas - lower layer,298,Median Age,0.5
18947,2011,E01000931,2011 super output areas - lower layer,298,All usual residents,0.0
18948,2011,E01000931,2011 super output areas - lower layer,298,Age 0 to 4,0.0
18949,2011,E01000931,2011 super output areas - lower layer,298,Age 5 to 7,0.0
18950,2011,E01000931,2011 super output areas - lower layer,298,Age 8 to 9,0.0
18951,2011,E01000931,2011 super output areas - lower layer,298,Age 10 to 14,0.0
18952,2011,E01000931,2011 super output areas - lower layer,298,Age 15,0.0
18953,2011,E01000931,2011 super output areas - lower layer,298,Age 16 to 17,0.0
18954,2011,E01000931,2011 super output areas - lower layer,298,Age 18 to 19,0.0
18955,2011,E01000931,2011 super output areas - lower layer,298,Age 20 to 24,0.0
18956,2011,E01000931,2011 super output areas - lower layer,298,Age 25 to 29,0.0
18957,2011,E01000931,2011 super output areas - lower layer,298,Age 30 to 44,0.0
18958,2011,E01000931,2011 super output areas - lower layer,298,Age 45 to 59,0.0
18959,2011,E01000931,2011 super output areas - lower layer,298,Age 60 to 64,0.0
18960,2011,E01000931,2011 super output areas - lower layer,298,Age 65 to 74,0.0
18961,2011,E01000931,2011 super output areas - lower layer,298,Age 75 to 84,0.0
18962,2011,E01000931,2011 super output areas - lower layer,298,Age 85 to 89,0.0
18963,2011,E01000931,2011 super output areas - lower layer,298,Age 90 and over,0.0
18964,2011,E01000931,2011 super output areas - lower layer,298,Mean Age,
18965,2011,E01000931,2011 super output areas - lower layer,298,Median Age,0.5
18966,2011,E01000931,2011 super output areas - lower layer,298,All usual residents,0.0
18967,2011,E01000931,2011 super output areas - lower layer,298,Age 0 to 4,0.0
18968,2011,E01000931,2011 super output areas - lower layer,298,Age 5 to 7,0.0
18969,2011,E01000931,2011 super output areas - lower layer,298,Age 8 to 9,0.0
18970,2011,E01000931,2011 super output areas - lower layer,298,Age 10 to 14,0.0
18971,2011,E01000931,2011 super output areas - lower layer,298,Age 15,0.0
18972,2011,E01000931,2011 super output areas - lower layer,298,Age 16 to 17,0.0
18973,2011,E01000931,2011 super output areas - lower layer,298,Age 18 to 19,0.0
18974,2011,E01000931,2011 super output areas - lower layer,298,Age 20 to 24,0.0
18975,2011,E01000931,2011 super output areas - lower layer,298,Age 25 to 29,0.0
18976,2011,E01000931,2011 super output areas - lower layer,298,Age 30 to 44,0.0
18977,2011,E01000931,2011 super output areas - lower layer,298,Age 45 to 59,0.0
18978,2011,E01000931,2011 super output areas - lower layer,298,Age 60 to 64,0.0
18979,2011,E01000931,2011 super output areas - lower layer,298,Age 65 to 74,0.0
18980,2011,E01000931,2011 super output areas - lower layer,298,Age 75 to 84,0.0
18981,2011,E01000931,2011 super output areas - lower layer,298,Age 85 to 89,0.0
18982,2011,E01000931,2011 super output areas - lower layer,298,Age 90 and over,0.0
18983,2011,E01000931,2011 super output areas - lower layer,298,Mean Age,
18984,2011,E01000931,2011 super output areas - lower layer,298,Median Age,0.5
18985,2011,E01000931,2011 super output areas - lower layer,298,All usual residents,0.0
18986,2011,E01000931,2011 super output areas - lower layer,298,Age 0 to 4,0.0
18987,2011,E01000931,2011 super output areas - lower layer,298,Age 5 to 7,0.0
18988,2011,E01000931,2011 super output areas - lower layer,298,Age 8 to 9,0.0
18989,2011,E01000931,2011 super output areas - lower layer,298,Age 10 to 14,0.0
18990,2011,E01000931,2011 super output areas - lower layer,298,Age 15,0.0
18991,2011,E01000931,2011 super output areas - lower layer,298,Age 16 to 17,0.0
18992,2011,E01000931,2011 super output areas - lower layer,298,Age 18 to 19,0.0
18993,2011,E01000931,2011 super output areas - lower layer,298,Age 20 to 24,0.0
18994,2011,E01000931,2011 super output areas - lower layer,298,Age 25 to 29,0.0
18995,2011,E01000931,2011 super output areas - lower layer,298,Age 30 to 44,0.0
18996,2011,E01000931,2011 super output areas - lower layer,298,Age 45 to 59,0.0
18997,2011,E01000931,2011 super output areas - lower layer,298,Age 60 to 64,0.0
18998,2011,E01000931,2011 super output areas - lower layer,298,Age 65 to 74,0.0
18999,2011,E01000931,2011 super output areas - lower layer,298,Age 75 to 84,0.0
19000,2011,E01000931,2011 super output areas - lower layer,298,Age 85 to 89,0.0
19001,2011,E01000931,2011 super output areas - lower layer,298,Age 90 and over,0.0
19002,2011,E01000931,2011 super output areas - lower layer,298,Mean Age,
19003,2011,E01000931,2011 super output areas - lower layer,298,Median Age,0.5
19004,2011,E01000931,2011 super output areas - lower layer,298,All usual residents,0.0
19005,2011,E01000931,2011 super output areas - lower layer,298,Age 0 to 4,0.0
19006,2011,E01000931,2011 super output areas - lower layer,298,Age 5 to 7,0.0
19007,2011,E01000931,2011 super output areas - lower layer,298,Age 8 to 9,0.0
19008,2011,E01000931,2011 super output areas - lower layer,298,Age 10 to 14,0.0
19009,2011,E01000931,2011 super output areas - lower layer,298,Age 15,0.0
19010,2011,E01000931,2011 super output areas - lower layer,298,Age 16 to 17,0.0
19011,2011,E01000931,2011 super output areas - lower layer,298,Age 18 to 19,0.0
19012,2011,E01000931,2011 super output areas - lower layer,298,Age 20 to 24,0.0
19013,2011,E01000931,2011 super output areas - lower layer,298,Age 25 to 29,0.0
19014,2011,E01000931,2011 super output areas - lower layer,298,Age 30 to 44,0.0
19015,2011,E01000931,2011 super output areas - lower layer,298,Age 45 to 59,0.0
19016,2011,E01000931,2011 super output areas - lower layer,298,Age 60 to 64,0.0
19017,2011,E01000931,2011 super output areas - lower layer,298,Age 65 to 74,0.0
19018,2011,E01000931,2011 super output areas - lower layer,298,Age 75 to 84,0.0
19019,2011,E01000931,2011 super output areas - lower layer,298,Age 85 to 89,0.0
19020,2011,E01000931,2011 super output areas - lower layer,298,Age 90 and over,0.0
19021,2011,E01000931,2011 super output areas - lower layer,298,Mean Age,
19022,2011,E01000931,2011 super output areas - lower layer,298,Median Age,0.5
19023,2011,E01000932,2011 super output areas - lower layer,298,All usual residents,1838.0
19024,2011,E01000932,2011 super output areas - lower layer,298,Age 0 to 4,92.0
19025,2011,E01000932,2011 super output areas - lower layer,298,Age 5 to 7,28.0
19026,2011,E01000932,2011 super output areas - lower layer,298,Age 8 to 9,15.0
19027,2011,E01000932,2011 super output areas - lower layer,298,Age 10 to 14,26.0
19028,2011,E01000932,2011 super output areas - lower layer,298,Age 15,7.0
19029,2011,E01000932,2011 super output areas - lower layer,298,Age 16 to 17,17.0
19030,2011,E01000932,2011 super output areas - lower layer,298,Age 18 to 19,15.0
19031,2011,E01000932,2011 super output areas - lower layer,298,Age 20 to 24,136.0
19032,2011,E01000932,2011 super output areas - lower layer,298,Age 25 to 29,384.0
19033,2011,E01000932,2011 super output areas - lower layer,298,Age 30 to 44,639.0
19034,2011,E01000932,2011 super output areas - lower layer,298,Age 45 to 59,234.0
19035,2011,E01000932,2011 super output areas - lower layer,298,Age 60 to 64,96.0
19036,2011,E01000932,2011 super output areas - lower layer,298,Age 65 to 74,84.0
19037,2011,E01000932,2011 super output areas - lower layer,298,Age 75 to 84,54.0
19038,2011,E01000932,2011 super output areas - lower layer,298,Age 85 to 89,8.0
19039,2011,E01000932,2011 super output areas - lower layer,298,Age 90 and over,3.0
19040,2011,E01000932,2011 super output areas - lower layer,298,Mean Age,36.3
19041,2011,E01000932,2011 super output areas - lower layer,298,Median Age,32.0
19042,2011,E01000932,2011 super output areas - lower layer,298,All usual residents,0.0
19043,2011,E01000932,2011 super output areas - lower layer,298,Age 0 to 4,0.0
19044,2011,E01000932,2011 super output areas - lower layer,298,Age 5 to 7,0.0
19045,2011,E01000932,2011 super output areas - lower layer,298,Age 8 to 9,0.0
19046,2011,E01000932,2011 super output areas - lower layer,298,Age 10 to 14,0.0
19047,2011,E01000932,2011 super output areas - lower layer,298,Age 15,0.0
19048,2011,E01000932,2011 super output areas - lower layer,298,Age 16 to 17,0.0
19049,2011,E01000932,2011 super output areas - lower layer,298,Age 18 to 19,0.0
19050,2011,E01000932,2011 super output areas - lower layer,298,Age 20 to 24,0.0
19051,2011,E01000932,2011 super output areas - lower layer,298,Age 25 to 29,0.0
19052,2011,E01000932,2011 super output areas - lower layer,298,Age 30 to 44,0.0
19053,2011,E01000932,2011 super output areas - lower layer,298,Age 45 to 59,0.0
19054,2011,E01000932,2011 super output areas - lower layer,298,Age 60 to 64,0.0
19055,2011,E01000932,2011 super output areas - lower layer,298,Age 65 to 74,0.0
19056,2011,E01000932,2011 super output areas - lower layer,298,Age 75 to 84,0.0
19057,2011,E01000932,2011 super output areas - lower layer,298,Age 85 to 89,0.0
19058,2011,E01000932,2011 super output areas - lower layer,298,Age 90 and over,0.0
19059,2011,E01000932,2011 super output areas - lower layer,298,Mean Age,
19060,2011,E01000932,2011 super output areas - lower layer,298,Median Age,0.5
19061,2011,E01000932,2011 super output areas - lower layer,298,All usual residents,0.0
19062,2011,E01000932,2011 super output areas - lower layer,298,Age 0 to 4,0.0
19063,2011,E01000932,2011 super output areas - lower layer,298,Age 5 to 7,0.0
19064,2011,E01000932,2011 super output areas - lower layer,298,Age 8 to 9,0.0
19065,2011,E01000932,2011 super output areas - lower layer,298,Age 10 to 14,0.0
19066,2011,E01000932,2011 super output areas - lower layer,298,Age 15,0.0
19067,2011,E01000932,2011 super output areas - lower layer,298,Age 16 to 17,0.0
19068,2011,E01000932,2011 super output areas - lower layer,298,Age 18 to 19,0.0
19069,2011,E01000932,2011 super output areas - lower layer,298,Age 20 to 24,0.0
19070,2011,E01000932,2011 super output areas - lower layer,298,Age 25 to 29,0.0
19071,2011,E01000932,2011 super output areas - lower layer,298,Age 30 to 44,0.0
19072,2011,E01000932,2011 super output areas - lower layer,298,Age 45 to 59,0.0
19073,2011,E01000932,2011 super output areas - lower layer,298,Age 60 to 64,0.0
19074,2011,E01000932,2011 super output areas - lower layer,298,Age 65 to 74,0.0
19075,2011,E01000932,2011 super output areas - lower layer,298,Age 75 to 84,0.0
19076,2011,E01000932,2011 super output areas - lower layer,298,Age 85 to 89,0.0
19077,2011,E01000932,2011 super output areas - lower layer,298,Age 90 and over,0.0
19078,2011,E01000932,2011 super output areas - lower layer,298,Mean Age,
19079,2011,E01000932,2011 super output areas - lower layer,298,Median Age,0.5
19080,2011,E01000932,2011 super output areas - lower layer,298,All usual residents,0.0
19081,2011,E01000932,2011 super output areas - lower layer,298,Age 0 to 4,0.0
19082,2011,E01000932,2011 super output areas - lower layer,298,Age 5 to 7,0.0
19083,2011,E01000932,2011 super output areas - lower layer,298,Age 8 to 9,0.0
19084,2011,E01000932,2011 super output areas - lower layer,298,Age 10 to 14,0.0
19085,2011,E01000932,2011 super output areas - lower layer,298,Age 15,0.0
19086,2011,E01000932,2011 super output areas - lower layer,298,Age 16 to 17,0.0
19087,2011,E01000932,2011 super output areas - lower layer,298,Age 18 to 19,0.0
19088,2011,E01000932,2011 super output areas - lower layer,298,Age 20 to 24,0.0
19089,2011,E01000932,2011 super output areas - lower layer,298,Age 25 to 29,0.0
19090,2011,E01000932,2011 super output areas - lower layer,298,Age 30 to 44,0.0
19091,2011,E01000932,2011 super output areas - lower layer,298,Age 45 to 59,0.0
19092,2011,E01000932,2011 super output areas - lower layer,298,Age 60 to 64,0.0
19093,2011,E01000932,2011 super output areas - lower layer,298,Age 65 to 74,0.0
19094,2011,E01000932,2011 super output areas - lower layer,298,Age 75 to 84,0.0
19095,2011,E01000932,2011 super output areas - lower layer,298,Age 85 to 89,0.0
19096,2011,E01000932,2011 super output areas - lower layer,298,Age 90 and over,0.0
19097,2011,E01000932,2011 super output areas - lower layer,298,Mean Age,
19098,2011,E01000932,2011 super output areas - lower layer,298,Median Age,0.5
19099,2011,E01000932,2011 super output areas - lower layer,298,All usual residents,0.0
19100,2011,E01000932,2011 super output areas - lower layer,298,Age 0 to 4,0.0
19101,2011,E01000932,2011 super output areas - lower layer,298,Age 5 to 7,0.0
19102,2011,E01000932,2011 super output areas - lower layer,298,Age 8 to 9,0.0
19103,2011,E01000932,2011 super output areas - lower layer,298,Age 10 to 14,0.0
19104,2011,E01000932,2011 super output areas - lower layer,298,Age 15,0.0
19105,2011,E01000932,2011 super output areas - lower layer,298,Age 16 to 17,0.0
19106,2011,E01000932,2011 super output areas - lower layer,298,Age 18 to 19,0.0
19107,2011,E01000932,2011 super output areas - lower layer,298,Age 20 to 24,0.0
19108,2011,E01000932,2011 super output areas - lower layer,298,Age 25 to 29,0.0
19109,2011,E01000932,2011 super output areas - lower layer,298,Age 30 to 44,0.0
19110,2011,E01000932,2011 super output areas - lower layer,298,Age 45 to 59,0.0
19111,2011,E01000932,2011 super output areas - lower layer,298,Age 60 to 64,0.0
19112,2011,E01000932,2011 super output areas - lower layer,298,Age 65 to 74,0.0
19113,2011,E01000932,2011 super output areas - lower layer,298,Age 75 to 84,0.0
19114,2011,E01000932,2011 super output areas - lower layer,298,Age 85 to 89,0.0
19115,2011,E01000932,2011 super output areas - lower layer,298,Age 90 and over,0.0
19116,2011,E01000932,2011 super output areas - lower layer,298,Mean Age,
19117,2011,E01000932,2011 super output areas - lower layer,298,Median Age,0.5
19118,2011,E01000932,2011 super output areas - lower layer,298,All usual residents,0.0
19119,2011,E01000932,2011 super output areas - lower layer,298,Age 0 to 4,0.0
19120,2011,E01000932,2011 super output areas - lower layer,298,Age 5 to 7,0.0
19121,2011,E01000932,2011 super output areas - lower layer,298,Age 8 to 9,0.0
19122,2011,E01000932,2011 super output areas - lower layer,298,Age 10 to 14,0.0
19123,2011,E01000932,2011 super output areas - lower layer,298,Age 15,0.0
19124,2011,E01000932,2011 super output areas - lower layer,298,Age 16 to 17,0.0
19125,2011,E01000932,2011 super output areas - lower layer,298,Age 18 to 19,0.0
19126,2011,E01000932,2011 super output areas - lower layer,298,Age 20 to 24,0.0
19127,2011,E01000932,2011 super output areas - lower layer,298,Age 25 to 29,0.0
19128,2011,E01000932,2011 super output areas - lower layer,298,Age 30 to 44,0.0
19129,2011,E01000932,2011 super output areas - lower layer,298,Age 45 to 59,0.0
19130,2011,E01000932,2011 super output areas - lower layer,298,Age 60 to 64,0.0
19131,2011,E01000932,2011 super output areas - lower layer,298,Age 65 to 74,0.0
19132,2011,E01000932,2011 super output areas - lower layer,298,Age 75 to 84,0.0
19133,2011,E01000932,2011 super output areas - lower layer,298,Age 85 to 89,0.0
19134,2011,E01000932,2011 super output areas - lower layer,298,Age 90 and over,0.0
19135,2011,E01000932,2011 super output areas - lower layer,298,Mean Age,
19136,2011,E01000932,2011 super output areas - lower layer,298,Median Age,0.5
19137,2011,E01000932,2011 super output areas - lower layer,298,All usual residents,0.0
19138,2011,E01000932,2011 super output areas - lower layer,298,Age 0 to 4,0.0
19139,2011,E01000932,2011 super output areas - lower layer,298,Age 5 to 7,0.0
19140,2011,E01000932,2011 super output areas - lower layer,298,Age 8 to 9,0.0
19141,2011,E01000932,2011 super output areas - lower layer,298,Age 10 to 14,0.0
19142,2011,E01000932,2011 super output areas - lower layer,298,Age 15,0.0
19143,2011,E01000932,2011 super output areas - lower layer,298,Age 16 to 17,0.0
19144,2011,E01000932,2011 super output areas - lower layer,298,Age 18 to 19,0.0
19145,2011,E01000932,2011 super output areas - lower layer,298,Age 20 to 24,0.0
19146,2011,E01000932,2011 super output areas - lower layer,298,Age 25 to 29,0.0
19147,2011,E01000932,2011 super output areas - lower layer,298,Age 30 to 44,0.0
19148,2011,E01000932,2011 super output areas - lower layer,298,Age 45 to 59,0.0
19149,2011,E01000932,2011 super output areas - lower layer,298,Age 60 to 64,0.0
19150,2011,E01000932,2011 super output areas - lower layer,298,Age 65 to 74,0.0
19151,2011,E01000932,2011 super output areas - lower layer,298,Age 75 to 84,0.0
19152,2011,E01000932,2011 super output areas - lower layer,298,Age 85 to 89,0.0
19153,2011,E01000932,2011 super output areas - lower layer,298,Age 90 and over,0.0
19154,2011,E01000932,2011 super output areas - lower layer,298,Mean Age,
19155,2011,E01000932,2011 super output areas - lower layer,298,Median Age,0.5
19156,2011,E01000932,2011 super output areas - lower layer,298,All usual residents,0.0
19157,2011,E01000932,2011 super output areas - lower layer,298,Age 0 to 4,0.0
19158,2011,E01000932,2011 super output areas - lower layer,298,Age 5 to 7,0.0
19159,2011,E01000932,2011 super output areas - lower layer,298,Age 8 to 9,0.0
19160,2011,E01000932,2011 super output areas - lower layer,298,Age 10 to 14,0.0
19161,2011,E01000932,2011 super output areas - lower layer,298,Age 15,0.0
19162,2011,E01000932,2011 super output areas - lower layer,298,Age 16 to 17,0.0
19163,2011,E01000932,2011 super output areas - lower layer,298,Age 18 to 19,0.0
19164,2011,E01000932,2011 super output areas - lower layer,298,Age 20 to 24,0.0
19165,2011,E01000932,2011 super output areas - lower layer,298,Age 25 to 29,0.0
19166,2011,E01000932,2011 super output areas - lower layer,298,Age 30 to 44,0.0
19167,2011,E01000932,2011 super output areas - lower layer,298,Age 45 to 59,0.0
19168,2011,E01000932,2011 super output areas - lower layer,298,Age 60 to 64,0.0
19169,2011,E01000932,2011 super output areas - lower layer,298,Age 65 to 74,0.0
19170,2011,E01000932,2011 super output areas - lower layer,298,Age 75 to 84,0.0
19171,2011,E01000932,2011 super output areas - lower layer,298,Age 85 to 89,0.0
19172,2011,E01000932,2011 super output areas - lower layer,298,Age 90 and over,0.0
19173,2011,E01000932,2011 super output areas - lower layer,298,Mean Age,
19174,2011,E01000932,2011 super output areas - lower layer,298,Median Age,0.5
19175,2011,E01000932,2011 super output areas - lower layer,298,All usual residents,0.0
19176,2011,E01000932,2011 super output areas - lower layer,298,Age 0 to 4,0.0
19177,2011,E01000932,2011 super output areas - lower layer,298,Age 5 to 7,0.0
19178,2011,E01000932,2011 super output areas - lower layer,298,Age 8 to 9,0.0
19179,2011,E01000932,2011 super output areas - lower layer,298,Age 10 to 14,0.0
19180,2011,E01000932,2011 super output areas - lower layer,298,Age 15,0.0
19181,2011,E01000932,2011 super output areas - lower layer,298,Age 16 to 17,0.0
19182,2011,E01000932,2011 super output areas - lower layer,298,Age 18 to 19,0.0
19183,2011,E01000932,2011 super output areas - lower layer,298,Age 20 to 24,0.0
19184,2011,E01000932,2011 super output areas - lower layer,298,Age 25 to 29,0.0
19185,2011,E01000932,2011 super output areas - lower layer,298,Age 30 to 44,0.0
19186,2011,E01000932,2011 super output areas - lower layer,298,Age 45 to 59,0.0
19187,2011,E01000932,2011 super output areas - lower layer,298,Age 60 to 64,0.0
19188,2011,E01000932,2011 super output areas - lower layer,298,Age 65 to 74,0.0
19189,2011,E01000932,2011 super output areas - lower layer,298,Age 75 to 84,0.0
19190,2011,E01000932,2011 super output areas - lower layer,298,Age 85 to 89,0.0
19191,2011,E01000932,2011 super output areas - lower layer,298,Age 90 and over,0.0
19192,2011,E01000932,2011 super output areas - lower layer,298,Mean Age,
19193,2011,E01000932,2011 super output areas - lower layer,298,Median Age,0.5
19194,2011,E01000932,2011 super output areas - lower layer,298,All usual residents,0.0
19195,2011,E01000932,2011 super output areas - lower layer,298,Age 0 to 4,0.0
19196,2011,E01000932,2011 super output areas - lower layer,298,Age 5 to 7,0.0
19197,2011,E01000932,2011 super output areas - lower layer,298,Age 8 to 9,0.0
19198,2011,E01000932,2011 super output areas - lower layer,298,Age 10 to 14,0.0
19199,2011,E01000932,2011 super output areas - lower layer,298,Age 15,0.0
19200,2011,E01000932,2011 super output areas - lower layer,298,Age 16 to 17,0.0
19201,2011,E01000932,2011 super output areas - lower layer,298,Age 18 to 19,0.0
19202,2011,E01000932,2011 super output areas - lower layer,298,Age 20 to 24,0.0
19203,2011,E01000932,2011 super output areas - lower layer,298,Age 25 to 29,0.0
19204,2011,E01000932,2011 super output areas - lower layer,298,Age 30 to 44,0.0
19205,2011,E01000932,2011 super output areas - lower layer,298,Age 45 to 59,0.0
19206,2011,E01000932,2011 super output areas - lower layer,298,Age 60 to 64,0.0
19207,2011,E01000932,2011 super output areas - lower layer,298,Age 65 to 74,0.0
19208,2011,E01000932,2011 super output areas - lower layer,298,Age 75 to 84,0.0
19209,2011,E01000932,2011 super output areas - lower layer,298,Age 85 to 89,0.0
19210,2011,E01000932,2011 super output areas - lower layer,298,Age 90 and over,0.0
19211,2011,E01000932,2011 super output areas - lower layer,298,Mean Age,
19212,2011,E01000932,2011 super output areas - lower layer,298,Median Age,0.5
19213,2011,E01000932,2011 super output areas - lower layer,298,All usual residents,0.0
19214,2011,E01000932,2011 super output areas - lower layer,298,Age 0 to 4,0.0
19215,2011,E01000932,2011 super output areas - lower layer,298,Age 5 to 7,0.0
19216,2011,E01000932,2011 super output areas - lower layer,298,Age 8 to 9,0.0
19217,2011,E01000932,2011 super output areas - lower layer,298,Age 10 to 14,0.0
19218,2011,E01000932,2011 super output areas - lower layer,298,Age 15,0.0
19219,2011,E01000932,2011 super output areas - lower layer,298,Age 16 to 17,0.0
19220,2011,E01000932,2011 super output areas - lower layer,298,Age 18 to 19,0.0
19221,2011,E01000932,2011 super output areas - lower layer,298,Age 20 to 24,0.0
19222,2011,E01000932,2011 super output areas - lower layer,298,Age 25 to 29,0.0
19223,2011,E01000932,2011 super output areas - lower layer,298,Age 30 to 44,0.0
19224,2011,E01000932,2011 super output areas - lower layer,298,Age 45 to 59,0.0
19225,2011,E01000932,2011 super output areas - lower layer,298,Age 60 to 64,0.0
19226,2011,E01000932,2011 super output areas - lower layer,298,Age 65 to 74,0.0
19227,2011,E01000932,2011 super output areas - lower layer,298,Age 75 to 84,0.0
19228,2011,E01000932,2011 super output areas - lower layer,298,Age 85 to 89,0.0
19229,2011,E01000932,2011 super output areas - lower layer,298,Age 90 and over,0.0
19230,2011,E01000932,2011 super output areas - lower layer,298,Mean Age,
19231,2011,E01000932,2011 super output areas - lower layer,298,Median Age,0.5
19232,2011,E01000932,2011 super output areas - lower layer,298,All usual residents,0.0
19233,2011,E01000932,2011 super output areas - lower layer,298,Age 0 to 4,0.0
19234,2011,E01000932,2011 super output areas - lower layer,298,Age 5 to 7,0.0
19235,2011,E01000932,2011 super output areas - lower layer,298,Age 8 to 9,0.0
19236,2011,E01000932,2011 super output areas - lower layer,298,Age 10 to 14,0.0
19237,2011,E01000932,2011 super output areas - lower layer,298,Age 15,0.0
19238,2011,E01000932,2011 super output areas - lower layer,298,Age 16 to 17,0.0
19239,2011,E01000932,2011 super output areas - lower layer,298,Age 18 to 19,0.0
19240,2011,E01000932,2011 super output areas - lower layer,298,Age 20 to 24,0.0
19241,2011,E01000932,2011 super output areas - lower layer,298,Age 25 to 29,0.0
19242,2011,E01000932,2011 super output areas - lower layer,298,Age 30 to 44,0.0
19243,2011,E01000932,2011 super output areas - lower layer,298,Age 45 to 59,0.0
19244,2011,E01000932,2011 super output areas - lower layer,298,Age 60 to 64,0.0
19245,2011,E01000932,2011 super output areas - lower layer,298,Age 65 to 74,0.0
19246,2011,E01000932,2011 super output areas - lower layer,298,Age 75 to 84,0.0
19247,2011,E01000932,2011 super output areas - lower layer,298,Age 85 to 89,0.0
19248,2011,E01000932,2011 super output areas - lower layer,298,Age 90 and over,0.0
19249,2011,E01000932,2011 super output areas - lower layer,298,Mean Age,
19250,2011,E01000932,2011 super output areas - lower layer,298,Median Age,0.5
19251,2011,E01000932,2011 super output areas - lower layer,298,All usual residents,0.0
19252,2011,E01000932,2011 super output areas - lower layer,298,Age 0 to 4,0.0
19253,2011,E01000932,2011 super output areas - lower layer,298,Age 5 to 7,0.0
19254,2011,E01000932,2011 super output areas - lower layer,298,Age 8 to 9,0.0
19255,2011,E01000932,2011 super output areas - lower layer,298,Age 10 to 14,0.0
19256,2011,E01000932,2011 super output areas - lower layer,298,Age 15,0.0
19257,2011,E01000932,2011 super output areas - lower layer,298,Age 16 to 17,0.0
19258,2011,E01000932,2011 super output areas - lower layer,298,Age 18 to 19,0.0
19259,2011,E01000932,2011 super output areas - lower layer,298,Age 20 to 24,0.0
19260,2011,E01000932,2011 super output areas - lower layer,298,Age 25 to 29,0.0
19261,2011,E01000932,2011 super output areas - lower layer,298,Age 30 to 44,0.0
19262,2011,E01000932,2011 super output areas - lower layer,298,Age 45 to 59,0.0
19263,2011,E01000932,2011 super output areas - lower layer,298,Age 60 to 64,0.0
19264,2011,E01000932,2011 super output areas - lower layer,298,Age 65 to 74,0.0
19265,2011,E01000932,2011 super output areas - lower layer,298,Age 75 to 84,0.0
19266,2011,E01000932,2011 super output areas - lower layer,298,Age 85 to 89,0.0
19267,2011,E01000932,2011 super output areas - lower layer,298,Age 90 and over,0.0
19268,2011,E01000932,2011 super output areas - lower layer,298,Mean Age,
19269,2011,E01000932,2011 super output areas - lower layer,298,Median Age,0.5
19270,2011,E01000974,2011 super output areas - lower layer,298,All usual residents,1707.0
19271,2011,E01000974,2011 super output areas - lower layer,298,Age 0 to 4,88.0
19272,2011,E01000974,2011 super output areas - lower layer,298,Age 5 to 7,39.0
19273,2011,E01000974,2011 super output areas - lower layer,298,Age 8 to 9,22.0
19274,2011,E01000974,2011 super output areas - lower layer,298,Age 10 to 14,58.0
19275,2011,E01000974,2011 super output areas - lower layer,298,Age 15,9.0
19276,2011,E01000974,2011 super output areas - lower layer,298,Age 16 to 17,48.0
19277,2011,E01000974,2011 super output areas - lower layer,298,Age 18 to 19,44.0
19278,2011,E01000974,2011 super output areas - lower layer,298,Age 20 to 24,153.0
19279,2011,E01000974,2011 super output areas - lower layer,298,Age 25 to 29,288.0
19280,2011,E01000974,2011 super output areas - lower layer,298,Age 30 to 44,509.0
19281,2011,E01000974,2011 super output areas - lower layer,298,Age 45 to 59,241.0
19282,2011,E01000974,2011 super output areas - lower layer,298,Age 60 to 64,56.0
19283,2011,E01000974,2011 super output areas - lower layer,298,Age 65 to 74,75.0
19284,2011,E01000974,2011 super output areas - lower layer,298,Age 75 to 84,61.0
19285,2011,E01000974,2011 super output areas - lower layer,298,Age 85 to 89,12.0
19286,2011,E01000974,2011 super output areas - lower layer,298,Age 90 and over,4.0
19287,2011,E01000974,2011 super output areas - lower layer,298,Mean Age,35.0
19288,2011,E01000974,2011 super output areas - lower layer,298,Median Age,32.0
19289,2011,E01000974,2011 super output areas - lower layer,298,All usual residents,0.0
19290,2011,E01000974,2011 super output areas - lower layer,298,Age 0 to 4,0.0
19291,2011,E01000974,2011 super output areas - lower layer,298,Age 5 to 7,0.0
19292,2011,E01000974,2011 super output areas - lower layer,298,Age 8 to 9,0.0
19293,2011,E01000974,2011 super output areas - lower layer,298,Age 10 to 14,0.0
19294,2011,E01000974,2011 super output areas - lower layer,298,Age 15,0.0
19295,2011,E01000974,2011 super output areas - lower layer,298,Age 16 to 17,0.0
19296,2011,E01000974,2011 super output areas - lower layer,298,Age 18 to 19,0.0
19297,2011,E01000974,2011 super output areas - lower layer,298,Age 20 to 24,0.0
19298,2011,E01000974,2011 super output areas - lower layer,298,Age 25 to 29,0.0
19299,2011,E01000974,2011 super output areas - lower layer,298,Age 30 to 44,0.0
19300,2011,E01000974,2011 super output areas - lower layer,298,Age 45 to 59,0.0
19301,2011,E01000974,2011 super output areas - lower layer,298,Age 60 to 64,0.0
19302,2011,E01000974,2011 super output areas - lower layer,298,Age 65 to 74,0.0
19303,2011,E01000974,2011 super output areas - lower layer,298,Age 75 to 84,0.0
19304,2011,E01000974,2011 super output areas - lower layer,298,Age 85 to 89,0.0
19305,2011,E01000974,2011 super output areas - lower layer,298,Age 90 and over,0.0
19306,2011,E01000974,2011 super output areas - lower layer,298,Mean Age,
19307,2011,E01000974,2011 super output areas - lower layer,298,Median Age,0.5
19308,2011,E01000974,2011 super output areas - lower layer,298,All usual residents,0.0
19309,2011,E01000974,2011 super output areas - lower layer,298,Age 0 to 4,0.0
19310,2011,E01000974,2011 super output areas - lower layer,298,Age 5 to 7,0.0
19311,2011,E01000974,2011 super output areas - lower layer,298,Age 8 to 9,0.0
19312,2011,E01000974,2011 super output areas - lower layer,298,Age 10 to 14,0.0
19313,2011,E01000974,2011 super output areas - lower layer,298,Age 15,0.0
19314,2011,E01000974,2011 super output areas - lower layer,298,Age 16 to 17,0.0
19315,2011,E01000974,2011 super output areas - lower layer,298,Age 18 to 19,0.0
19316,2011,E01000974,2011 super output areas - lower layer,298,Age 20 to 24,0.0
19317,2011,E01000974,2011 super output areas - lower layer,298,Age 25 to 29,0.0
19318,2011,E01000974,2011 super output areas - lower layer,298,Age 30 to 44,0.0
19319,2011,E01000974,2011 super output areas - lower layer,298,Age 45 to 59,0.0
19320,2011,E01000974,2011 super output areas - lower layer,298,Age 60 to 64,0.0
19321,2011,E01000974,2011 super output areas - lower layer,298,Age 65 to 74,0.0
19322,2011,E01000974,2011 super output areas - lower layer,298,Age 75 to 84,0.0
19323,2011,E01000974,2011 super output areas - lower layer,298,Age 85 to 89,0.0
19324,2011,E01000974,2011 super output areas - lower layer,298,Age 90 and over,0.0
19325,2011,E01000974,2011 super output areas - lower layer,298,Mean Age,
19326,2011,E01000974,2011 super output areas - lower layer,298,Median Age,0.5
19327,2011,E01000974,2011 super output areas - lower layer,298,All usual residents,0.0
19328,2011,E01000974,2011 super output areas - lower layer,298,Age 0 to 4,0.0
19329,2011,E01000974,2011 super output areas - lower layer,298,Age 5 to 7,0.0
19330,2011,E01000974,2011 super output areas - lower layer,298,Age 8 to 9,0.0
19331,2011,E01000974,2011 super output areas - lower layer,298,Age 10 to 14,0.0
19332,2011,E01000974,2011 super output areas - lower layer,298,Age 15,0.0
19333,2011,E01000974,2011 super output areas - lower layer,298,Age 16 to 17,0.0
19334,2011,E01000974,2011 super output areas - lower layer,298,Age 18 to 19,0.0
19335,2011,E01000974,2011 super output areas - lower layer,298,Age 20 to 24,0.0
19336,2011,E01000974,2011 super output areas - lower layer,298,Age 25 to 29,0.0
19337,2011,E01000974,2011 super output areas - lower layer,298,Age 30 to 44,0.0
19338,2011,E01000974,2011 super output areas - lower layer,298,Age 45 to 59,0.0
19339,2011,E01000974,2011 super output areas - lower layer,298,Age 60 to 64,0.0
19340,2011,E01000974,2011 super output areas - lower layer,298,Age 65 to 74,0.0
19341,2011,E01000974,2011 super output areas - lower layer,298,Age 75 to 84,0.0
19342,2011,E01000974,2011 super output areas - lower layer,298,Age 85 to 89,0.0
19343,2011,E01000974,2011 super output areas - lower layer,298,Age 90 and over,0.0
19344,2011,E01000974,2011 super output areas - lower layer,298,Mean Age,
19345,2011,E01000974,2011 super output areas - lower layer,298,Median Age,0.5
19346,2011,E01000974,2011 super output areas - lower layer,298,All usual residents,0.0
19347,2011,E01000974,2011 super output areas - lower layer,298,Age 0 to 4,0.0
19348,2011,E01000974,2011 super output areas - lower layer,298,Age 5 to 7,0.0
19349,2011,E01000974,2011 super output areas - lower layer,298,Age 8 to 9,0.0
19350,2011,E01000974,2011 super output areas - lower layer,298,Age 10 to 14,0.0
19351,2011,E01000974,2011 super output areas - lower layer,298,Age 15,0.0
19352,2011,E01000974,2011 super output areas - lower layer,298,Age 16 to 17,0.0
19353,2011,E01000974,2011 super output areas - lower layer,298,Age 18 to 19,0.0
19354,2011,E01000974,2011 super output areas - lower layer,298,Age 20 to 24,0.0
19355,2011,E01000974,2011 super output areas - lower layer,298,Age 25 to 29,0.0
19356,2011,E01000974,2011 super output areas - lower layer,298,Age 30 to 44,0.0
19357,2011,E01000974,2011 super output areas - lower layer,298,Age 45 to 59,0.0
19358,2011,E01000974,2011 super output areas - lower layer,298,Age 60 to 64,0.0
19359,2011,E01000974,2011 super output areas - lower layer,298,Age 65 to 74,0.0
19360,2011,E01000974,2011 super output areas - lower layer,298,Age 75 to 84,0.0
19361,2011,E01000974,2011 super output areas - lower layer,298,Age 85 to 89,0.0
19362,2011,E01000974,2011 super output areas - lower layer,298,Age 90 and over,0.0
19363,2011,E01000974,2011 super output areas - lower layer,298,Mean Age,
19364,2011,E01000974,2011 super output areas - lower layer,298,Median Age,0.5
19365,2011,E01000974,2011 super output areas - lower layer,298,All usual residents,0.0
19366,2011,E01000974,2011 super output areas - lower layer,298,Age 0 to 4,0.0
19367,2011,E01000974,2011 super output areas - lower layer,298,Age 5 to 7,0.0
19368,2011,E01000974,2011 super output areas - lower layer,298,Age 8 to 9,0.0
19369,2011,E01000974,2011 super output areas - lower layer,298,Age 10 to 14,0.0
19370,2011,E01000974,2011 super output areas - lower layer,298,Age 15,0.0
19371,2011,E01000974,2011 super output areas - lower layer,298,Age 16 to 17,0.0
19372,2011,E01000974,2011 super output areas - lower layer,298,Age 18 to 19,0.0
19373,2011,E01000974,2011 super output areas - lower layer,298,Age 20 to 24,0.0
19374,2011,E01000974,2011 super output areas - lower layer,298,Age 25 to 29,0.0
19375,2011,E01000974,2011 super output areas - lower layer,298,Age 30 to 44,0.0
19376,2011,E01000974,2011 super output areas - lower layer,298,Age 45 to 59,0.0
19377,2011,E01000974,2011 super output areas - lower layer,298,Age 60 to 64,0.0
19378,2011,E01000974,2011 super output areas - lower layer,298,Age 65 to 74,0.0
19379,2011,E01000974,2011 super output areas - lower layer,298,Age 75 to 84,0.0
19380,2011,E01000974,2011 super output areas - lower layer,298,Age 85 to 89,0.0
19381,2011,E01000974,2011 super output areas - lower layer,298,Age 90 and over,0.0
19382,2011,E01000974,2011 super output areas - lower layer,298,Mean Age,
19383,2011,E01000974,2011 super output areas - lower layer,298,Median Age,0.5
19384,2011,E01000974,2011 super output areas - lower layer,298,All usual residents,0.0
19385,2011,E01000974,2011 super output areas - lower layer,298,Age 0 to 4,0.0
19386,2011,E01000974,2011 super output areas - lower layer,298,Age 5 to 7,0.0
19387,2011,E01000974,2011 super output areas - lower layer,298,Age 8 to 9,0.0
19388,2011,E01000974,2011 super output areas - lower layer,298,Age 10 to 14,0.0
19389,2011,E01000974,2011 super output areas - lower layer,298,Age 15,0.0
19390,2011,E01000974,2011 super output areas - lower layer,298,Age 16 to 17,0.0
19391,2011,E01000974,2011 super output areas - lower layer,298,Age 18 to 19,0.0
19392,2011,E01000974,2011 super output areas - lower layer,298,Age 20 to 24,0.0
19393,2011,E01000974,2011 super output areas - lower layer,298,Age 25 to 29,0.0
19394,2011,E01000974,2011 super output areas - lower layer,298,Age 30 to 44,0.0
19395,2011,E01000974,2011 super output areas - lower layer,298,Age 45 to 59,0.0
19396,2011,E01000974,2011 super output areas - lower layer,298,Age 60 to 64,0.0
19397,2011,E01000974,2011 super output areas - lower layer,298,Age 65 to 74,0.0
19398,2011,E01000974,2011 super output areas - lower layer,298,Age 75 to 84,0.0
19399,2011,E01000974,2011 super output areas - lower layer,298,Age 85 to 89,0.0
19400,2011,E01000974,2011 super output areas - lower layer,298,Age 90 and over,0.0
19401,2011,E01000974,2011 super output areas - lower layer,298,Mean Age,
19402,2011,E01000974,2011 super output areas - lower layer,298,Median Age,0.5
19403,2011,E01000974,2011 super output areas - lower layer,298,All usual residents,0.0
19404,2011,E01000974,2011 super output areas - lower layer,298,Age 0 to 4,0.0
19405,2011,E01000974,2011 super output areas - lower layer,298,Age 5 to 7,0.0
19406,2011,E01000974,2011 super output areas - lower layer,298,Age 8 to 9,0.0
19407,2011,E01000974,2011 super output areas - lower layer,298,Age 10 to 14,0.0
19408,2011,E01000974,2011 super output areas - lower layer,298,Age 15,0.0
19409,2011,E01000974,2011 super output areas - lower layer,298,Age 16 to 17,0.0
19410,2011,E01000974,2011 super output areas - lower layer,298,Age 18 to 19,0.0
19411,2011,E01000974,2011 super output areas - lower layer,298,Age 20 to 24,0.0
19412,2011,E01000974,2011 super output areas - lower layer,298,Age 25 to 29,0.0
19413,2011,E01000974,2011 super output areas - lower layer,298,Age 30 to 44,0.0
19414,2011,E01000974,2011 super output areas - lower layer,298,Age 45 to 59,0.0
19415,2011,E01000974,2011 super output areas - lower layer,298,Age 60 to 64,0.0
19416,2011,E01000974,2011 super output areas - lower layer,298,Age 65 to 74,0.0
19417,2011,E01000974,2011 super output areas - lower layer,298,Age 75 to 84,0.0
19418,2011,E01000974,2011 super output areas - lower layer,298,Age 85 to 89,0.0
19419,2011,E01000974,2011 super output areas - lower layer,298,Age 90 and over,0.0
19420,2011,E01000974,2011 super output areas - lower layer,298,Mean Age,
19421,2011,E01000974,2011 super output areas - lower layer,298,Median Age,0.5
19422,2011,E01000974,2011 super output areas - lower layer,298,All usual residents,0.0
19423,2011,E01000974,2011 super output areas - lower layer,298,Age 0 to 4,0.0
19424,2011,E01000974,2011 super output areas - lower layer,298,Age 5 to 7,0.0
19425,2011,E01000974,2011 super output areas - lower layer,298,Age 8 to 9,0.0
19426,2011,E01000974,2011 super output areas - lower layer,298,Age 10 to 14,0.0
19427,2011,E01000974,2011 super output areas - lower layer,298,Age 15,0.0
19428,2011,E01000974,2011 super output areas - lower layer,298,Age 16 to 17,0.0
19429,2011,E01000974,2011 super output areas - lower layer,298,Age 18 to 19,0.0
19430,2011,E01000974,2011 super output areas - lower layer,298,Age 20 to 24,0.0
19431,2011,E01000974,2011 super output areas - lower layer,298,Age 25 to 29,0.0
19432,2011,E01000974,2011 super output areas - lower layer,298,Age 30 to 44,0.0
19433,2011,E01000974,2011 super output areas - lower layer,298,Age 45 to 59,0.0
19434,2011,E01000974,2011 super output areas - lower layer,298,Age 60 to 64,0.0
19435,2011,E01000974,2011 super output areas - lower layer,298,Age 65 to 74,0.0
19436,2011,E01000974,2011 super output areas - lower layer,298,Age 75 to 84,0.0
19437,2011,E01000974,2011 super output areas - lower layer,298,Age 85 to 89,0.0
19438,2011,E01000974,2011 super output areas - lower layer,298,Age 90 and over,0.0
19439,2011,E01000974,2011 super output areas - lower layer,298,Mean Age,
19440,2011,E01000974,2011 super output areas - lower layer,298,Median Age,0.5
19441,2011,E01000974,2011 super output areas - lower layer,298,All usual residents,0.0
19442,2011,E01000974,2011 super output areas - lower layer,298,Age 0 to 4,0.0
19443,2011,E01000974,2011 super output areas - lower layer,298,Age 5 to 7,0.0
19444,2011,E01000974,2011 super output areas - lower layer,298,Age 8 to 9,0.0
19445,2011,E01000974,2011 super output areas - lower layer,298,Age 10 to 14,0.0
19446,2011,E01000974,2011 super output areas - lower layer,298,Age 15,0.0
19447,2011,E01000974,2011 super output areas - lower layer,298,Age 16 to 17,0.0
19448,2011,E01000974,2011 super output areas - lower layer,298,Age 18 to 19,0.0
19449,2011,E01000974,2011 super output areas - lower layer,298,Age 20 to 24,0.0
19450,2011,E01000974,2011 super output areas - lower layer,298,Age 25 to 29,0.0
19451,2011,E01000974,2011 super output areas - lower layer,298,Age 30 to 44,0.0
19452,2011,E01000974,2011 super output areas - lower layer,298,Age 45 to 59,0.0
19453,2011,E01000974,2011 super output areas - lower layer,298,Age 60 to 64,0.0
19454,2011,E01000974,2011 super output areas - lower layer,298,Age 65 to 74,0.0
19455,2011,E01000974,2011 super output areas - lower layer,298,Age 75 to 84,0.0
19456,2011,E01000974,2011 super output areas - lower layer,298,Age 85 to 89,0.0
19457,2011,E01000974,2011 super output areas - lower layer,298,Age 90 and over,0.0
19458,2011,E01000974,2011 super output areas - lower layer,298,Mean Age,
19459,2011,E01000974,2011 super output areas - lower layer,298,Median Age,0.5
19460,2011,E01000974,2011 super output areas - lower layer,298,All usual residents,0.0
19461,2011,E01000974,2011 super output areas - lower layer,298,Age 0 to 4,0.0
19462,2011,E01000974,2011 super output areas - lower layer,298,Age 5 to 7,0.0
19463,2011,E01000974,2011 super output areas - lower layer,298,Age 8 to 9,0.0
19464,2011,E01000974,2011 super output areas - lower layer,298,Age 10 to 14,0.0
19465,2011,E01000974,2011 super output areas - lower layer,298,Age 15,0.0
19466,2011,E01000974,2011 super output areas - lower layer,298,Age 16 to 17,0.0
19467,2011,E01000974,2011 super output areas - lower layer,298,Age 18 to 19,0.0
19468,2011,E01000974,2011 super output areas - lower layer,298,Age 20 to 24,0.0
19469,2011,E01000974,2011 super output areas - lower layer,298,Age 25 to 29,0.0
19470,2011,E01000974,2011 super output areas - lower layer,298,Age 30 to 44,0.0
19471,2011,E01000974,2011 super output areas - lower layer,298,Age 45 to 59,0.0
19472,2011,E01000974,2011 super output areas - lower layer,298,Age 60 to 64,0.0
19473,2011,E01000974,2011 super output areas - lower layer,298,Age 65 to 74,0.0
19474,2011,E01000974,2011 super output areas - lower layer,298,Age 75 to 84,0.0
19475,2011,E01000974,2011 super output areas - lower layer,298,Age 85 to 89,0.0
19476,2011,E01000974,2011 super output areas - lower layer,298,Age 90 and over,0.0
19477,2011,E01000974,2011 super output areas - lower layer,298,Mean Age,
19478,2011,E01000974,2011 super output areas - lower layer,298,Median Age,0.5
19479,2011,E01000974,2011 super output areas - lower layer,298,All usual residents,0.0
19480,2011,E01000974,2011 super output areas - lower layer,298,Age 0 to 4,0.0
19481,2011,E01000974,2011 super output areas - lower layer,298,Age 5 to 7,0.0
19482,2011,E01000974,2011 super output areas - lower layer,298,Age 8 to 9,0.0
19483,2011,E01000974,2011 super output areas - lower layer,298,Age 10 to 14,0.0
19484,2011,E01000974,2011 super output areas - lower layer,298,Age 15,0.0
19485,2011,E01000974,2011 super output areas - lower layer,298,Age 16 to 17,0.0
19486,2011,E01000974,2011 super output areas - lower layer,298,Age 18 to 19,0.0
19487,2011,E01000974,2011 super output areas - lower layer,298,Age 20 to 24,0.0
19488,2011,E01000974,2011 super output areas - lower layer,298,Age 25 to 29,0.0
19489,2011,E01000974,2011 super output areas - lower layer,298,Age 30 to 44,0.0
19490,2011,E01000974,2011 super output areas - lower layer,298,Age 45 to 59,0.0
19491,2011,E01000974,2011 super output areas - lower layer,298,Age 60 to 64,0.0
19492,2011,E01000974,2011 super output areas - lower layer,298,Age 65 to 74,0.0
19493,2011,E01000974,2011 super output areas - lower layer,298,Age 75 to 84,0.0
19494,2011,E01000974,2011 super output areas - lower layer,298,Age 85 to 89,0.0
19495,2011,E01000974,2011 super output areas - lower layer,298,Age 90 and over,0.0
19496,2011,E01000974,2011 super output areas - lower layer,298,Mean Age,
19497,2011,E01000974,2011 super output areas - lower layer,298,Median Age,0.5
19498,2011,E01000974,2011 super output areas - lower layer,298,All usual residents,0.0
19499,2011,E01000974,2011 super output areas - lower layer,298,Age 0 to 4,0.0
19500,2011,E01000974,2011 super output areas - lower layer,298,Age 5 to 7,0.0
19501,2011,E01000974,2011 super output areas - lower layer,298,Age 8 to 9,0.0
19502,2011,E01000974,2011 super output areas - lower layer,298,Age 10 to 14,0.0
19503,2011,E01000974,2011 super output areas - lower layer,298,Age 15,0.0
19504,2011,E01000974,2011 super output areas - lower layer,298,Age 16 to 17,0.0
19505,2011,E01000974,2011 super output areas - lower layer,298,Age 18 to 19,0.0
19506,2011,E01000974,2011 super output areas - lower layer,298,Age 20 to 24,0.0
19507,2011,E01000974,2011 super output areas - lower layer,298,Age 25 to 29,0.0
19508,2011,E01000974,2011 super output areas - lower layer,298,Age 30 to 44,0.0
19509,2011,E01000974,2011 super output areas - lower layer,298,Age 45 to 59,0.0
19510,2011,E01000974,2011 super output areas - lower layer,298,Age 60 to 64,0.0
19511,2011,E01000974,2011 super output areas - lower layer,298,Age 65 to 74,0.0
19512,2011,E01000974,2011 super output areas - lower layer,298,Age 75 to 84,0.0
19513,2011,E01000974,2011 super output areas - lower layer,298,Age 85 to 89,0.0
19514,2011,E01000974,2011 super output areas - lower layer,298,Age 90 and over,0.0
19515,2011,E01000974,2011 super output areas - lower layer,298,Mean Age,
19516,2011,E01000974,2011 super output areas - lower layer,298,Median Age,0.5
19517,2011,E01000843,2011 super output areas - lower layer,298,All usual residents,1678.0
19518,2011,E01000843,2011 super output areas - lower layer,298,Age 0 to 4,190.0
19519,2011,E01000843,2011 super output areas - lower layer,298,Age 5 to 7,54.0
19520,2011,E01000843,2011 super output areas - lower layer,298,Age 8 to 9,22.0
19521,2011,E01000843,2011 super output areas - lower layer,298,Age 10 to 14,36.0
19522,2011,E01000843,2011 super output areas - lower layer,298,Age 15,6.0
19523,2011,E01000843,2011 super output areas - lower layer,298,Age 16 to 17,15.0
19524,2011,E01000843,2011 super output areas - lower layer,298,Age 18 to 19,22.0
19525,2011,E01000843,2011 super output areas - lower layer,298,Age 20 to 24,112.0
19526,2011,E01000843,2011 super output areas - lower layer,298,Age 25 to 29,190.0
19527,2011,E01000843,2011 super output areas - lower layer,298,Age 30 to 44,571.0
19528,2011,E01000843,2011 super output areas - lower layer,298,Age 45 to 59,203.0
19529,2011,E01000843,2011 super output areas - lower layer,298,Age 60 to 64,74.0
19530,2011,E01000843,2011 super output areas - lower layer,298,Age 65 to 74,112.0
19531,2011,E01000843,2011 super output areas - lower layer,298,Age 75 to 84,55.0
19532,2011,E01000843,2011 super output areas - lower layer,298,Age 85 to 89,10.0
19533,2011,E01000843,2011 super output areas - lower layer,298,Age 90 and over,6.0
19534,2011,E01000843,2011 super output areas - lower layer,298,Mean Age,35.0
19535,2011,E01000843,2011 super output areas - lower layer,298,Median Age,33.0
19536,2011,E01000843,2011 super output areas - lower layer,298,All usual residents,0.0
19537,2011,E01000843,2011 super output areas - lower layer,298,Age 0 to 4,0.0
19538,2011,E01000843,2011 super output areas - lower layer,298,Age 5 to 7,0.0
19539,2011,E01000843,2011 super output areas - lower layer,298,Age 8 to 9,0.0
19540,2011,E01000843,2011 super output areas - lower layer,298,Age 10 to 14,0.0
19541,2011,E01000843,2011 super output areas - lower layer,298,Age 15,0.0
19542,2011,E01000843,2011 super output areas - lower layer,298,Age 16 to 17,0.0
19543,2011,E01000843,2011 super output areas - lower layer,298,Age 18 to 19,0.0
19544,2011,E01000843,2011 super output areas - lower layer,298,Age 20 to 24,0.0
19545,2011,E01000843,2011 super output areas - lower layer,298,Age 25 to 29,0.0
19546,2011,E01000843,2011 super output areas - lower layer,298,Age 30 to 44,0.0
19547,2011,E01000843,2011 super output areas - lower layer,298,Age 45 to 59,0.0
19548,2011,E01000843,2011 super output areas - lower layer,298,Age 60 to 64,0.0
19549,2011,E01000843,2011 super output areas - lower layer,298,Age 65 to 74,0.0
19550,2011,E01000843,2011 super output areas - lower layer,298,Age 75 to 84,0.0
19551,2011,E01000843,2011 super output areas - lower layer,298,Age 85 to 89,0.0
19552,2011,E01000843,2011 super output areas - lower layer,298,Age 90 and over,0.0
19553,2011,E01000843,2011 super output areas - lower layer,298,Mean Age,
19554,2011,E01000843,2011 super output areas - lower layer,298,Median Age,0.5
19555,2011,E01000843,2011 super output areas - lower layer,298,All usual residents,0.0
19556,2011,E01000843,2011 super output areas - lower layer,298,Age 0 to 4,0.0
19557,2011,E01000843,2011 super output areas - lower layer,298,Age 5 to 7,0.0
19558,2011,E01000843,2011 super output areas - lower layer,298,Age 8 to 9,0.0
19559,2011,E01000843,2011 super output areas - lower layer,298,Age 10 to 14,0.0
19560,2011,E01000843,2011 super output areas - lower layer,298,Age 15,0.0
19561,2011,E01000843,2011 super output areas - lower layer,298,Age 16 to 17,0.0
19562,2011,E01000843,2011 super output areas - lower layer,298,Age 18 to 19,0.0
19563,2011,E01000843,2011 super output areas - lower layer,298,Age 20 to 24,0.0
19564,2011,E01000843,2011 super output areas - lower layer,298,Age 25 to 29,0.0
19565,2011,E01000843,2011 super output areas - lower layer,298,Age 30 to 44,0.0
19566,2011,E01000843,2011 super output areas - lower layer,298,Age 45 to 59,0.0
19567,2011,E01000843,2011 super output areas - lower layer,298,Age 60 to 64,0.0
19568,2011,E01000843,2011 super output areas - lower layer,298,Age 65 to 74,0.0
19569,2011,E01000843,2011 super output areas - lower layer,298,Age 75 to 84,0.0
19570,2011,E01000843,2011 super output areas - lower layer,298,Age 85 to 89,0.0
19571,2011,E01000843,2011 super output areas - lower layer,298,Age 90 and over,0.0
19572,2011,E01000843,2011 super output areas - lower layer,298,Mean Age,
19573,2011,E01000843,2011 super output areas - lower layer,298,Median Age,0.5
19574,2011,E01000843,2011 super output areas - lower layer,298,All usual residents,0.0
19575,2011,E01000843,2011 super output areas - lower layer,298,Age 0 to 4,0.0
19576,2011,E01000843,2011 super output areas - lower layer,298,Age 5 to 7,0.0
19577,2011,E01000843,2011 super output areas - lower layer,298,Age 8 to 9,0.0
19578,2011,E01000843,2011 super output areas - lower layer,298,Age 10 to 14,0.0
19579,2011,E01000843,2011 super output areas - lower layer,298,Age 15,0.0
19580,2011,E01000843,2011 super output areas - lower layer,298,Age 16 to 17,0.0
19581,2011,E01000843,2011 super output areas - lower layer,298,Age 18 to 19,0.0
19582,2011,E01000843,2011 super output areas - lower layer,298,Age 20 to 24,0.0
19583,2011,E01000843,2011 super output areas - lower layer,298,Age 25 to 29,0.0
19584,2011,E01000843,2011 super output areas - lower layer,298,Age 30 to 44,0.0
19585,2011,E01000843,2011 super output areas - lower layer,298,Age 45 to 59,0.0
19586,2011,E01000843,2011 super output areas - lower layer,298,Age 60 to 64,0.0
19587,2011,E01000843,2011 super output areas - lower layer,298,Age 65 to 74,0.0
19588,2011,E01000843,2011 super output areas - lower layer,298,Age 75 to 84,0.0
19589,2011,E01000843,2011 super output areas - lower layer,298,Age 85 to 89,0.0
19590,2011,E01000843,2011 super output areas - lower layer,298,Age 90 and over,0.0
19591,2011,E01000843,2011 super output areas - lower layer,298,Mean Age,
19592,2011,E01000843,2011 super output areas - lower layer,298,Median Age,0.5
19593,2011,E01000843,2011 super output areas - lower layer,298,All usual residents,0.0
19594,2011,E01000843,2011 super output areas - lower layer,298,Age 0 to 4,0.0
19595,2011,E01000843,2011 super output areas - lower layer,298,Age 5 to 7,0.0
19596,2011,E01000843,2011 super output areas - lower layer,298,Age 8 to 9,0.0
19597,2011,E01000843,2011 super output areas - lower layer,298,Age 10 to 14,0.0
19598,2011,E01000843,2011 super output areas - lower layer,298,Age 15,0.0
19599,2011,E01000843,2011 super output areas - lower layer,298,Age 16 to 17,0.0
19600,2011,E01000843,2011 super output areas - lower layer,298,Age 18 to 19,0.0
19601,2011,E01000843,2011 super output areas - lower layer,298,Age 20 to 24,0.0
19602,2011,E01000843,2011 super output areas - lower layer,298,Age 25 to 29,0.0
19603,2011,E01000843,2011 super output areas - lower layer,298,Age 30 to 44,0.0
19604,2011,E01000843,2011 super output areas - lower layer,298,Age 45 to 59,0.0
19605,2011,E01000843,2011 super output areas - lower layer,298,Age 60 to 64,0.0
19606,2011,E01000843,2011 super output areas - lower layer,298,Age 65 to 74,0.0
19607,2011,E01000843,2011 super output areas - lower layer,298,Age 75 to 84,0.0
19608,2011,E01000843,2011 super output areas - lower layer,298,Age 85 to 89,0.0
19609,2011,E01000843,2011 super output areas - lower layer,298,Age 90 and over,0.0
19610,2011,E01000843,2011 super output areas - lower layer,298,Mean Age,
19611,2011,E01000843,2011 super output areas - lower layer,298,Median Age,0.5
19612,2011,E01000843,2011 super output areas - lower layer,298,All usual residents,0.0
19613,2011,E01000843,2011 super output areas - lower layer,298,Age 0 to 4,0.0
19614,2011,E01000843,2011 super output areas - lower layer,298,Age 5 to 7,0.0
19615,2011,E01000843,2011 super output areas - lower layer,298,Age 8 to 9,0.0
19616,2011,E01000843,2011 super output areas - lower layer,298,Age 10 to 14,0.0
19617,2011,E01000843,2011 super output areas - lower layer,298,Age 15,0.0
19618,2011,E01000843,2011 super output areas - lower layer,298,Age 16 to 17,0.0
19619,2011,E01000843,2011 super output areas - lower layer,298,Age 18 to 19,0.0
19620,2011,E01000843,2011 super output areas - lower layer,298,Age 20 to 24,0.0
19621,2011,E01000843,2011 super output areas - lower layer,298,Age 25 to 29,0.0
19622,2011,E01000843,2011 super output areas - lower layer,298,Age 30 to 44,0.0
19623,2011,E01000843,2011 super output areas - lower layer,298,Age 45 to 59,0.0
19624,2011,E01000843,2011 super output areas - lower layer,298,Age 60 to 64,0.0
19625,2011,E01000843,2011 super output areas - lower layer,298,Age 65 to 74,0.0
19626,2011,E01000843,2011 super output areas - lower layer,298,Age 75 to 84,0.0
19627,2011,E01000843,2011 super output areas - lower layer,298,Age 85 to 89,0.0
19628,2011,E01000843,2011 super output areas - lower layer,298,Age 90 and over,0.0
19629,2011,E01000843,2011 super output areas - lower layer,298,Mean Age,
19630,2011,E01000843,2011 super output areas - lower layer,298,Median Age,0.5
19631,2011,E01000843,2011 super output areas - lower layer,298,All usual residents,0.0
19632,2011,E01000843,2011 super output areas - lower layer,298,Age 0 to 4,0.0
19633,2011,E01000843,2011 super output areas - lower layer,298,Age 5 to 7,0.0
19634,2011,E01000843,2011 super output areas - lower layer,298,Age 8 to 9,0.0
19635,2011,E01000843,2011 super output areas - lower layer,298,Age 10 to 14,0.0
19636,2011,E01000843,2011 super output areas - lower layer,298,Age 15,0.0
19637,2011,E01000843,2011 super output areas - lower layer,298,Age 16 to 17,0.0
19638,2011,E01000843,2011 super output areas - lower layer,298,Age 18 to 19,0.0
19639,2011,E01000843,2011 super output areas - lower layer,298,Age 20 to 24,0.0
19640,2011,E01000843,2011 super output areas - lower layer,298,Age 25 to 29,0.0
19641,2011,E01000843,2011 super output areas - lower layer,298,Age 30 to 44,0.0
19642,2011,E01000843,2011 super output areas - lower layer,298,Age 45 to 59,0.0
19643,2011,E01000843,2011 super output areas - lower layer,298,Age 60 to 64,0.0
19644,2011,E01000843,2011 super output areas - lower layer,298,Age 65 to 74,0.0
19645,2011,E01000843,2011 super output areas - lower layer,298,Age 75 to 84,0.0
19646,2011,E01000843,2011 super output areas - lower layer,298,Age 85 to 89,0.0
19647,2011,E01000843,2011 super output areas - lower layer,298,Age 90 and over,0.0
19648,2011,E01000843,2011 super output areas - lower layer,298,Mean Age,
19649,2011,E01000843,2011 super output areas - lower layer,298,Median Age,0.5
19650,2011,E01000843,2011 super output areas - lower layer,298,All usual residents,0.0
19651,2011,E01000843,2011 super output areas - lower layer,298,Age 0 to 4,0.0
19652,2011,E01000843,2011 super output areas - lower layer,298,Age 5 to 7,0.0
19653,2011,E01000843,2011 super output areas - lower layer,298,Age 8 to 9,0.0
19654,2011,E01000843,2011 super output areas - lower layer,298,Age 10 to 14,0.0
19655,2011,E01000843,2011 super output areas - lower layer,298,Age 15,0.0
19656,2011,E01000843,2011 super output areas - lower layer,298,Age 16 to 17,0.0
19657,2011,E01000843,2011 super output areas - lower layer,298,Age 18 to 19,0.0
19658,2011,E01000843,2011 super output areas - lower layer,298,Age 20 to 24,0.0
19659,2011,E01000843,2011 super output areas - lower layer,298,Age 25 to 29,0.0
19660,2011,E01000843,2011 super output areas - lower layer,298,Age 30 to 44,0.0
19661,2011,E01000843,2011 super output areas - lower layer,298,Age 45 to 59,0.0
19662,2011,E01000843,2011 super output areas - lower layer,298,Age 60 to 64,0.0
19663,2011,E01000843,2011 super output areas - lower layer,298,Age 65 to 74,0.0
19664,2011,E01000843,2011 super output areas - lower layer,298,Age 75 to 84,0.0
19665,2011,E01000843,2011 super output areas - lower layer,298,Age 85 to 89,0.0
19666,2011,E01000843,2011 super output areas - lower layer,298,Age 90 and over,0.0
19667,2011,E01000843,2011 super output areas - lower layer,298,Mean Age,
19668,2011,E01000843,2011 super output areas - lower layer,298,Median Age,0.5
19669,2011,E01000843,2011 super output areas - lower layer,298,All usual residents,0.0
19670,2011,E01000843,2011 super output areas - lower layer,298,Age 0 to 4,0.0
19671,2011,E01000843,2011 super output areas - lower layer,298,Age 5 to 7,0.0
19672,2011,E01000843,2011 super output areas - lower layer,298,Age 8 to 9,0.0
19673,2011,E01000843,2011 super output areas - lower layer,298,Age 10 to 14,0.0
19674,2011,E01000843,2011 super output areas - lower layer,298,Age 15,0.0
19675,2011,E01000843,2011 super output areas - lower layer,298,Age 16 to 17,0.0
19676,2011,E01000843,2011 super output areas - lower layer,298,Age 18 to 19,0.0
19677,2011,E01000843,2011 super output areas - lower layer,298,Age 20 to 24,0.0
19678,2011,E01000843,2011 super output areas - lower layer,298,Age 25 to 29,0.0
19679,2011,E01000843,2011 super output areas - lower layer,298,Age 30 to 44,0.0
19680,2011,E01000843,2011 super output areas - lower layer,298,Age 45 to 59,0.0
19681,2011,E01000843,2011 super output areas - lower layer,298,Age 60 to 64,0.0
19682,2011,E01000843,2011 super output areas - lower layer,298,Age 65 to 74,0.0
19683,2011,E01000843,2011 super output areas - lower layer,298,Age 75 to 84,0.0
19684,2011,E01000843,2011 super output areas - lower layer,298,Age 85 to 89,0.0
19685,2011,E01000843,2011 super output areas - lower layer,298,Age 90 and over,0.0
19686,2011,E01000843,2011 super output areas - lower layer,298,Mean Age,
19687,2011,E01000843,2011 super output areas - lower layer,298,Median Age,0.5
19688,2011,E01000843,2011 super output areas - lower layer,298,All usual residents,0.0
19689,2011,E01000843,2011 super output areas - lower layer,298,Age 0 to 4,0.0
19690,2011,E01000843,2011 super output areas - lower layer,298,Age 5 to 7,0.0
19691,2011,E01000843,2011 super output areas - lower layer,298,Age 8 to 9,0.0
19692,2011,E01000843,2011 super output areas - lower layer,298,Age 10 to 14,0.0
19693,2011,E01000843,2011 super output areas - lower layer,298,Age 15,0.0
19694,2011,E01000843,2011 super output areas - lower layer,298,Age 16 to 17,0.0
19695,2011,E01000843,2011 super output areas - lower layer,298,Age 18 to 19,0.0
19696,2011,E01000843,2011 super output areas - lower layer,298,Age 20 to 24,0.0
19697,2011,E01000843,2011 super output areas - lower layer,298,Age 25 to 29,0.0
19698,2011,E01000843,2011 super output areas - lower layer,298,Age 30 to 44,0.0
19699,2011,E01000843,2011 super output areas - lower layer,298,Age 45 to 59,0.0
19700,2011,E01000843,2011 super output areas - lower layer,298,Age 60 to 64,0.0
19701,2011,E01000843,2011 super output areas - lower layer,298,Age 65 to 74,0.0
19702,2011,E01000843,2011 super output areas - lower layer,298,Age 75 to 84,0.0
19703,2011,E01000843,2011 super output areas - lower layer,298,Age 85 to 89,0.0
19704,2011,E01000843,2011 super output areas - lower layer,298,Age 90 and over,0.0
19705,2011,E01000843,2011 super output areas - lower layer,298,Mean Age,
19706,2011,E01000843,2011 super output areas - lower layer,298,Median Age,0.5
19707,2011,E01000843,2011 super output areas - lower layer,298,All usual residents,0.0
19708,2011,E01000843,2011 super output areas - lower layer,298,Age 0 to 4,0.0
19709,2011,E01000843,2011 super output areas - lower layer,298,Age 5 to 7,0.0
19710,2011,E01000843,2011 super output areas - lower layer,298,Age 8 to 9,0.0
19711,2011,E01000843,2011 super output areas - lower layer,298,Age 10 to 14,0.0
19712,2011,E01000843,2011 super output areas - lower layer,298,Age 15,0.0
19713,2011,E01000843,2011 super output areas - lower layer,298,Age 16 to 17,0.0
19714,2011,E01000843,2011 super output areas - lower layer,298,Age 18 to 19,0.0
19715,2011,E01000843,2011 super output areas - lower layer,298,Age 20 to 24,0.0
19716,2011,E01000843,2011 super output areas - lower layer,298,Age 25 to 29,0.0
19717,2011,E01000843,2011 super output areas - lower layer,298,Age 30 to 44,0.0
19718,2011,E01000843,2011 super output areas - lower layer,298,Age 45 to 59,0.0
19719,2011,E01000843,2011 super output areas - lower layer,298,Age 60 to 64,0.0
19720,2011,E01000843,2011 super output areas - lower layer,298,Age 65 to 74,0.0
19721,2011,E01000843,2011 super output areas - lower layer,298,Age 75 to 84,0.0
19722,2011,E01000843,2011 super output areas - lower layer,298,Age 85 to 89,0.0
19723,2011,E01000843,2011 super output areas - lower layer,298,Age 90 and over,0.0
19724,2011,E01000843,2011 super output areas - lower layer,298,Mean Age,
19725,2011,E01000843,2011 super output areas - lower layer,298,Median Age,0.5
19726,2011,E01000843,2011 super output areas - lower layer,298,All usual residents,0.0
19727,2011,E01000843,2011 super output areas - lower layer,298,Age 0 to 4,0.0
19728,2011,E01000843,2011 super output areas - lower layer,298,Age 5 to 7,0.0
19729,2011,E01000843,2011 super output areas - lower layer,298,Age 8 to 9,0.0
19730,2011,E01000843,2011 super output areas - lower layer,298,Age 10 to 14,0.0
19731,2011,E01000843,2011 super output areas - lower layer,298,Age 15,0.0
19732,2011,E01000843,2011 super output areas - lower layer,298,Age 16 to 17,0.0
19733,2011,E01000843,2011 super output areas - lower layer,298,Age 18 to 19,0.0
19734,2011,E01000843,2011 super output areas - lower layer,298,Age 20 to 24,0.0
19735,2011,E01000843,2011 super output areas - lower layer,298,Age 25 to 29,0.0
19736,2011,E01000843,2011 super output areas - lower layer,298,Age 30 to 44,0.0
19737,2011,E01000843,2011 super output areas - lower layer,298,Age 45 to 59,0.0
19738,2011,E01000843,2011 super output areas - lower layer,298,Age 60 to 64,0.0
19739,2011,E01000843,2011 super output areas - lower layer,298,Age 65 to 74,0.0
19740,2011,E01000843,2011 super output areas - lower layer,298,Age 75 to 84,0.0
19741,2011,E01000843,2011 super output areas - lower layer,298,Age 85 to 89,0.0
19742,2011,E01000843,2011 super output areas - lower layer,298,Age 90 and over,0.0
19743,2011,E01000843,2011 super output areas - lower layer,298,Mean Age,
19744,2011,E01000843,2011 super output areas - lower layer,298,Median Age,0.5
19745,2011,E01000843,2011 super output areas - lower layer,298,All usual residents,0.0
19746,2011,E01000843,2011 super output areas - lower layer,298,Age 0 to 4,0.0
19747,2011,E01000843,2011 super output areas - lower layer,298,Age 5 to 7,0.0
19748,2011,E01000843,2011 super output areas - lower layer,298,Age 8 to 9,0.0
19749,2011,E01000843,2011 super output areas - lower layer,298,Age 10 to 14,0.0
19750,2011,E01000843,2011 super output areas - lower layer,298,Age 15,0.0
19751,2011,E01000843,2011 super output areas - lower layer,298,Age 16 to 17,0.0
19752,2011,E01000843,2011 super output areas - lower layer,298,Age 18 to 19,0.0
19753,2011,E01000843,2011 super output areas - lower layer,298,Age 20 to 24,0.0
19754,2011,E01000843,2011 super output areas - lower layer,298,Age 25 to 29,0.0
19755,2011,E01000843,2011 super output areas - lower layer,298,Age 30 to 44,0.0
19756,2011,E01000843,2011 super output areas - lower layer,298,Age 45 to 59,0.0
19757,2011,E01000843,2011 super output areas - lower layer,298,Age 60 to 64,0.0
19758,2011,E01000843,2011 super output areas - lower layer,298,Age 65 to 74,0.0
19759,2011,E01000843,2011 super output areas - lower layer,298,Age 75 to 84,0.0
19760,2011,E01000843,2011 super output areas - lower layer,298,Age 85 to 89,0.0
19761,2011,E01000843,2011 super output areas - lower layer,298,Age 90 and over,0.0
19762,2011,E01000843,2011 super output areas - lower layer,298,Mean Age,
19763,2011,E01000843,2011 super output areas - lower layer,298,Median Age,0.5
19764,2011,E01000845,2011 super output areas - lower layer,298,All usual residents,1464.0
19765,2011,E01000845,2011 super output areas - lower layer,298,Age 0 to 4,86.0
19766,2011,E01000845,2011 super output areas - lower layer,298,Age 5 to 7,34.0
19767,2011,E01000845,2011 super output areas - lower layer,298,Age 8 to 9,26.0
19768,2011,E01000845,2011 super output areas - lower layer,298,Age 10 to 14,50.0
19769,2011,E01000845,2011 super output areas - lower layer,298,Age 15,12.0
19770,2011,E01000845,2011 super output areas - lower layer,298,Age 16 to 17,13.0
19771,2011,E01000845,2011 super output areas - lower layer,298,Age 18 to 19,16.0
19772,2011,E01000845,2011 super output areas - lower layer,298,Age 20 to 24,83.0
19773,2011,E01000845,2011 super output areas - lower layer,298,Age 25 to 29,211.0
19774,2011,E01000845,2011 super output areas - lower layer,298,Age 30 to 44,459.0
19775,2011,E01000845,2011 super output areas - lower layer,298,Age 45 to 59,219.0
19776,2011,E01000845,2011 super output areas - lower layer,298,Age 60 to 64,82.0
19777,2011,E01000845,2011 super output areas - lower layer,298,Age 65 to 74,83.0
19778,2011,E01000845,2011 super output areas - lower layer,298,Age 75 to 84,61.0
19779,2011,E01000845,2011 super output areas - lower layer,298,Age 85 to 89,20.0
19780,2011,E01000845,2011 super output areas - lower layer,298,Age 90 and over,9.0
19781,2011,E01000845,2011 super output areas - lower layer,298,Mean Age,37.9
19782,2011,E01000845,2011 super output areas - lower layer,298,Median Age,34.0
19783,2011,E01000845,2011 super output areas - lower layer,298,All usual residents,0.0
19784,2011,E01000845,2011 super output areas - lower layer,298,Age 0 to 4,0.0
19785,2011,E01000845,2011 super output areas - lower layer,298,Age 5 to 7,0.0
19786,2011,E01000845,2011 super output areas - lower layer,298,Age 8 to 9,0.0
19787,2011,E01000845,2011 super output areas - lower layer,298,Age 10 to 14,0.0
19788,2011,E01000845,2011 super output areas - lower layer,298,Age 15,0.0
19789,2011,E01000845,2011 super output areas - lower layer,298,Age 16 to 17,0.0
19790,2011,E01000845,2011 super output areas - lower layer,298,Age 18 to 19,0.0
19791,2011,E01000845,2011 super output areas - lower layer,298,Age 20 to 24,0.0
19792,2011,E01000845,2011 super output areas - lower layer,298,Age 25 to 29,0.0
19793,2011,E01000845,2011 super output areas - lower layer,298,Age 30 to 44,0.0
19794,2011,E01000845,2011 super output areas - lower layer,298,Age 45 to 59,0.0
19795,2011,E01000845,2011 super output areas - lower layer,298,Age 60 to 64,0.0
19796,2011,E01000845,2011 super output areas - lower layer,298,Age 65 to 74,0.0
19797,2011,E01000845,2011 super output areas - lower layer,298,Age 75 to 84,0.0
19798,2011,E01000845,2011 super output areas - lower layer,298,Age 85 to 89,0.0
19799,2011,E01000845,2011 super output areas - lower layer,298,Age 90 and over,0.0
19800,2011,E01000845,2011 super output areas - lower layer,298,Mean Age,
19801,2011,E01000845,2011 super output areas - lower layer,298,Median Age,0.5
19802,2011,E01000845,2011 super output areas - lower layer,298,All usual residents,0.0
19803,2011,E01000845,2011 super output areas - lower layer,298,Age 0 to 4,0.0
19804,2011,E01000845,2011 super output areas - lower layer,298,Age 5 to 7,0.0
19805,2011,E01000845,2011 super output areas - lower layer,298,Age 8 to 9,0.0
19806,2011,E01000845,2011 super output areas - lower layer,298,Age 10 to 14,0.0
19807,2011,E01000845,2011 super output areas - lower layer,298,Age 15,0.0
19808,2011,E01000845,2011 super output areas - lower layer,298,Age 16 to 17,0.0
19809,2011,E01000845,2011 super output areas - lower layer,298,Age 18 to 19,0.0
19810,2011,E01000845,2011 super output areas - lower layer,298,Age 20 to 24,0.0
19811,2011,E01000845,2011 super output areas - lower layer,298,Age 25 to 29,0.0
19812,2011,E01000845,2011 super output areas - lower layer,298,Age 30 to 44,0.0
19813,2011,E01000845,2011 super output areas - lower layer,298,Age 45 to 59,0.0
19814,2011,E01000845,2011 super output areas - lower layer,298,Age 60 to 64,0.0
19815,2011,E01000845,2011 super output areas - lower layer,298,Age 65 to 74,0.0
19816,2011,E01000845,2011 super output areas - lower layer,298,Age 75 to 84,0.0
19817,2011,E01000845,2011 super output areas - lower layer,298,Age 85 to 89,0.0
19818,2011,E01000845,2011 super output areas - lower layer,298,Age 90 and over,0.0
19819,2011,E01000845,2011 super output areas - lower layer,298,Mean Age,
19820,2011,E01000845,2011 super output areas - lower layer,298,Median Age,0.5
19821,2011,E01000845,2011 super output areas - lower layer,298,All usual residents,0.0
19822,2011,E01000845,2011 super output areas - lower layer,298,Age 0 to 4,0.0
19823,2011,E01000845,2011 super output areas - lower layer,298,Age 5 to 7,0.0
19824,2011,E01000845,2011 super output areas - lower layer,298,Age 8 to 9,0.0
19825,2011,E01000845,2011 super output areas - lower layer,298,Age 10 to 14,0.0
19826,2011,E01000845,2011 super output areas - lower layer,298,Age 15,0.0
19827,2011,E01000845,2011 super output areas - lower layer,298,Age 16 to 17,0.0
19828,2011,E01000845,2011 super output areas - lower layer,298,Age 18 to 19,0.0
19829,2011,E01000845,2011 super output areas - lower layer,298,Age 20 to 24,0.0
19830,2011,E01000845,2011 super output areas - lower layer,298,Age 25 to 29,0.0
19831,2011,E01000845,2011 super output areas - lower layer,298,Age 30 to 44,0.0
19832,2011,E01000845,2011 super output areas - lower layer,298,Age 45 to 59,0.0
19833,2011,E01000845,2011 super output areas - lower layer,298,Age 60 to 64,0.0
19834,2011,E01000845,2011 super output areas - lower layer,298,Age 65 to 74,0.0
19835,2011,E01000845,2011 super output areas - lower layer,298,Age 75 to 84,0.0
19836,2011,E01000845,2011 super output areas - lower layer,298,Age 85 to 89,0.0
19837,2011,E01000845,2011 super output areas - lower layer,298,Age 90 and over,0.0
19838,2011,E01000845,2011 super output areas - lower layer,298,Mean Age,
19839,2011,E01000845,2011 super output areas - lower layer,298,Median Age,0.5
19840,2011,E01000845,2011 super output areas - lower layer,298,All usual residents,0.0
19841,2011,E01000845,2011 super output areas - lower layer,298,Age 0 to 4,0.0
19842,2011,E01000845,2011 super output areas - lower layer,298,Age 5 to 7,0.0
19843,2011,E01000845,2011 super output areas - lower layer,298,Age 8 to 9,0.0
19844,2011,E01000845,2011 super output areas - lower layer,298,Age 10 to 14,0.0
19845,2011,E01000845,2011 super output areas - lower layer,298,Age 15,0.0
19846,2011,E01000845,2011 super output areas - lower layer,298,Age 16 to 17,0.0
19847,2011,E01000845,2011 super output areas - lower layer,298,Age 18 to 19,0.0
19848,2011,E01000845,2011 super output areas - lower layer,298,Age 20 to 24,0.0
19849,2011,E01000845,2011 super output areas - lower layer,298,Age 25 to 29,0.0
19850,2011,E01000845,2011 super output areas - lower layer,298,Age 30 to 44,0.0
19851,2011,E01000845,2011 super output areas - lower layer,298,Age 45 to 59,0.0
19852,2011,E01000845,2011 super output areas - lower layer,298,Age 60 to 64,0.0
19853,2011,E01000845,2011 super output areas - lower layer,298,Age 65 to 74,0.0
19854,2011,E01000845,2011 super output areas - lower layer,298,Age 75 to 84,0.0
19855,2011,E01000845,2011 super output areas - lower layer,298,Age 85 to 89,0.0
19856,2011,E01000845,2011 super output areas - lower layer,298,Age 90 and over,0.0
19857,2011,E01000845,2011 super output areas - lower layer,298,Mean Age,
19858,2011,E01000845,2011 super output areas - lower layer,298,Median Age,0.5
19859,2011,E01000845,2011 super output areas - lower layer,298,All usual residents,0.0
19860,2011,E01000845,2011 super output areas - lower layer,298,Age 0 to 4,0.0
19861,2011,E01000845,2011 super output areas - lower layer,298,Age 5 to 7,0.0
19862,2011,E01000845,2011 super output areas - lower layer,298,Age 8 to 9,0.0
19863,2011,E01000845,2011 super output areas - lower layer,298,Age 10 to 14,0.0
19864,2011,E01000845,2011 super output areas - lower layer,298,Age 15,0.0
19865,2011,E01000845,2011 super output areas - lower layer,298,Age 16 to 17,0.0
19866,2011,E01000845,2011 super output areas - lower layer,298,Age 18 to 19,0.0
19867,2011,E01000845,2011 super output areas - lower layer,298,Age 20 to 24,0.0
19868,2011,E01000845,2011 super output areas - lower layer,298,Age 25 to 29,0.0
19869,2011,E01000845,2011 super output areas - lower layer,298,Age 30 to 44,0.0
19870,2011,E01000845,2011 super output areas - lower layer,298,Age 45 to 59,0.0
19871,2011,E01000845,2011 super output areas - lower layer,298,Age 60 to 64,0.0
19872,2011,E01000845,2011 super output areas - lower layer,298,Age 65 to 74,0.0
19873,2011,E01000845,2011 super output areas - lower layer,298,Age 75 to 84,0.0
19874,2011,E01000845,2011 super output areas - lower layer,298,Age 85 to 89,0.0
19875,2011,E01000845,2011 super output areas - lower layer,298,Age 90 and over,0.0
19876,2011,E01000845,2011 super output areas - lower layer,298,Mean Age,
19877,2011,E01000845,2011 super output areas - lower layer,298,Median Age,0.5
19878,2011,E01000845,2011 super output areas - lower layer,298,All usual residents,0.0
19879,2011,E01000845,2011 super output areas - lower layer,298,Age 0 to 4,0.0
19880,2011,E01000845,2011 super output areas - lower layer,298,Age 5 to 7,0.0
19881,2011,E01000845,2011 super output areas - lower layer,298,Age 8 to 9,0.0
19882,2011,E01000845,2011 super output areas - lower layer,298,Age 10 to 14,0.0
19883,2011,E01000845,2011 super output areas - lower layer,298,Age 15,0.0
19884,2011,E01000845,2011 super output areas - lower layer,298,Age 16 to 17,0.0
19885,2011,E01000845,2011 super output areas - lower layer,298,Age 18 to 19,0.0
19886,2011,E01000845,2011 super output areas - lower layer,298,Age 20 to 24,0.0
19887,2011,E01000845,2011 super output areas - lower layer,298,Age 25 to 29,0.0
19888,2011,E01000845,2011 super output areas - lower layer,298,Age 30 to 44,0.0
19889,2011,E01000845,2011 super output areas - lower layer,298,Age 45 to 59,0.0
19890,2011,E01000845,2011 super output areas - lower layer,298,Age 60 to 64,0.0
19891,2011,E01000845,2011 super output areas - lower layer,298,Age 65 to 74,0.0
19892,2011,E01000845,2011 super output areas - lower layer,298,Age 75 to 84,0.0
19893,2011,E01000845,2011 super output areas - lower layer,298,Age 85 to 89,0.0
19894,2011,E01000845,2011 super output areas - lower layer,298,Age 90 and over,0.0
19895,2011,E01000845,2011 super output areas - lower layer,298,Mean Age,
19896,2011,E01000845,2011 super output areas - lower layer,298,Median Age,0.5
19897,2011,E01000845,2011 super output areas - lower layer,298,All usual residents,0.0
19898,2011,E01000845,2011 super output areas - lower layer,298,Age 0 to 4,0.0
19899,2011,E01000845,2011 super output areas - lower layer,298,Age 5 to 7,0.0
19900,2011,E01000845,2011 super output areas - lower layer,298,Age 8 to 9,0.0
19901,2011,E01000845,2011 super output areas - lower layer,298,Age 10 to 14,0.0
19902,2011,E01000845,2011 super output areas - lower layer,298,Age 15,0.0
19903,2011,E01000845,2011 super output areas - lower layer,298,Age 16 to 17,0.0
19904,2011,E01000845,2011 super output areas - lower layer,298,Age 18 to 19,0.0
19905,2011,E01000845,2011 super output areas - lower layer,298,Age 20 to 24,0.0
19906,2011,E01000845,2011 super output areas - lower layer,298,Age 25 to 29,0.0
19907,2011,E01000845,2011 super output areas - lower layer,298,Age 30 to 44,0.0
19908,2011,E01000845,2011 super output areas - lower layer,298,Age 45 to 59,0.0
19909,2011,E01000845,2011 super output areas - lower layer,298,Age 60 to 64,0.0
19910,2011,E01000845,2011 super output areas - lower layer,298,Age 65 to 74,0.0
19911,2011,E01000845,2011 super output areas - lower layer,298,Age 75 to 84,0.0
19912,2011,E01000845,2011 super output areas - lower layer,298,Age 85 to 89,0.0
19913,2011,E01000845,2011 super output areas - lower layer,298,Age 90 and over,0.0
19914,2011,E01000845,2011 super output areas - lower layer,298,Mean Age,
19915,2011,E01000845,2011 super output areas - lower layer,298,Median Age,0.5
19916,2011,E01000845,2011 super output areas - lower layer,298,All usual residents,0.0
19917,2011,E01000845,2011 super output areas - lower layer,298,Age 0 to 4,0.0
19918,2011,E01000845,2011 super output areas - lower layer,298,Age 5 to 7,0.0
19919,2011,E01000845,2011 super output areas - lower layer,298,Age 8 to 9,0.0
19920,2011,E01000845,2011 super output areas - lower layer,298,Age 10 to 14,0.0
19921,2011,E01000845,2011 super output areas - lower layer,298,Age 15,0.0
19922,2011,E01000845,2011 super output areas - lower layer,298,Age 16 to 17,0.0
19923,2011,E01000845,2011 super output areas - lower layer,298,Age 18 to 19,0.0
19924,2011,E01000845,2011 super output areas - lower layer,298,Age 20 to 24,0.0
19925,2011,E01000845,2011 super output areas - lower layer,298,Age 25 to 29,0.0
19926,2011,E01000845,2011 super output areas - lower layer,298,Age 30 to 44,0.0
19927,2011,E01000845,2011 super output areas - lower layer,298,Age 45 to 59,0.0
19928,2011,E01000845,2011 super output areas - lower layer,298,Age 60 to 64,0.0
19929,2011,E01000845,2011 super output areas - lower layer,298,Age 65 to 74,0.0
19930,2011,E01000845,2011 super output areas - lower layer,298,Age 75 to 84,0.0
19931,2011,E01000845,2011 super output areas - lower layer,298,Age 85 to 89,0.0
19932,2011,E01000845,2011 super output areas - lower layer,298,Age 90 and over,0.0
19933,2011,E01000845,2011 super output areas - lower layer,298,Mean Age,
19934,2011,E01000845,2011 super output areas - lower layer,298,Median Age,0.5
19935,2011,E01000845,2011 super output areas - lower layer,298,All usual residents,0.0
19936,2011,E01000845,2011 super output areas - lower layer,298,Age 0 to 4,0.0
19937,2011,E01000845,2011 super output areas - lower layer,298,Age 5 to 7,0.0
19938,2011,E01000845,2011 super output areas - lower layer,298,Age 8 to 9,0.0
19939,2011,E01000845,2011 super output areas - lower layer,298,Age 10 to 14,0.0
19940,2011,E01000845,2011 super output areas - lower layer,298,Age 15,0.0
19941,2011,E01000845,2011 super output areas - lower layer,298,Age 16 to 17,0.0
19942,2011,E01000845,2011 super output areas - lower layer,298,Age 18 to 19,0.0
19943,2011,E01000845,2011 super output areas - lower layer,298,Age 20 to 24,0.0
19944,2011,E01000845,2011 super output areas - lower layer,298,Age 25 to 29,0.0
19945,2011,E01000845,2011 super output areas - lower layer,298,Age 30 to 44,0.0
19946,2011,E01000845,2011 super output areas - lower layer,298,Age 45 to 59,0.0
19947,2011,E01000845,2011 super output areas - lower layer,298,Age 60 to 64,0.0
19948,2011,E01000845,2011 super output areas - lower layer,298,Age 65 to 74,0.0
19949,2011,E01000845,2011 super output areas - lower layer,298,Age 75 to 84,0.0
19950,2011,E01000845,2011 super output areas - lower layer,298,Age 85 to 89,0.0
19951,2011,E01000845,2011 super output areas - lower layer,298,Age 90 and over,0.0
19952,2011,E01000845,2011 super output areas - lower layer,298,Mean Age,
19953,2011,E01000845,2011 super output areas - lower layer,298,Median Age,0.5
19954,2011,E01000845,2011 super output areas - lower layer,298,All usual residents,0.0
19955,2011,E01000845,2011 super output areas - lower layer,298,Age 0 to 4,0.0
19956,2011,E01000845,2011 super output areas - lower layer,298,Age 5 to 7,0.0
19957,2011,E01000845,2011 super output areas - lower layer,298,Age 8 to 9,0.0
19958,2011,E01000845,2011 super output areas - lower layer,298,Age 10 to 14,0.0
19959,2011,E01000845,2011 super output areas - lower layer,298,Age 15,0.0
19960,2011,E01000845,2011 super output areas - lower layer,298,Age 16 to 17,0.0
19961,2011,E01000845,2011 super output areas - lower layer,298,Age 18 to 19,0.0
19962,2011,E01000845,2011 super output areas - lower layer,298,Age 20 to 24,0.0
19963,2011,E01000845,2011 super output areas - lower layer,298,Age 25 to 29,0.0
19964,2011,E01000845,2011 super output areas - lower layer,298,Age 30 to 44,0.0
19965,2011,E01000845,2011 super output areas - lower layer,298,Age 45 to 59,0.0
19966,2011,E01000845,2011 super output areas - lower layer,298,Age 60 to 64,0.0
19967,2011,E01000845,2011 super output areas - lower layer,298,Age 65 to 74,0.0
19968,2011,E01000845,2011 super output areas - lower layer,298,Age 75 to 84,0.0
19969,2011,E01000845,2011 super output areas - lower layer,298,Age 85 to 89,0.0
19970,2011,E01000845,2011 super output areas - lower layer,298,Age 90 and over,0.0
19971,2011,E01000845,2011 super output areas - lower layer,298,Mean Age,
19972,2011,E01000845,2011 super output areas - lower layer,298,Median Age,0.5
19973,2011,E01000845,2011 super output areas - lower layer,298,All usual residents,0.0
19974,2011,E01000845,2011 super output areas - lower layer,298,Age 0 to 4,0.0
19975,2011,E01000845,2011 super output areas - lower layer,298,Age 5 to 7,0.0
19976,2011,E01000845,2011 super output areas - lower layer,298,Age 8 to 9,0.0
19977,2011,E01000845,2011 super output areas - lower layer,298,Age 10 to 14,0.0
19978,2011,E01000845,2011 super output areas - lower layer,298,Age 15,0.0
19979,2011,E01000845,2011 super output areas - lower layer,298,Age 16 to 17,0.0
19980,2011,E01000845,2011 super output areas - lower layer,298,Age 18 to 19,0.0
19981,2011,E01000845,2011 super output areas - lower layer,298,Age 20 to 24,0.0
19982,2011,E01000845,2011 super output areas - lower layer,298,Age 25 to 29,0.0
19983,2011,E01000845,2011 super output areas - lower layer,298,Age 30 to 44,0.0
19984,2011,E01000845,2011 super output areas - lower layer,298,Age 45 to 59,0.0
19985,2011,E01000845,2011 super output areas - lower layer,298,Age 60 to 64,0.0
19986,2011,E01000845,2011 super output areas - lower layer,298,Age 65 to 74,0.0
19987,2011,E01000845,2011 super output areas - lower layer,298,Age 75 to 84,0.0
19988,2011,E01000845,2011 super output areas - lower layer,298,Age 85 to 89,0.0
19989,2011,E01000845,2011 super output areas - lower layer,298,Age 90 and over,0.0
19990,2011,E01000845,2011 super output areas - lower layer,298,Mean Age,
19991,2011,E01000845,2011 super output areas - lower layer,298,Median Age,0.5
19992,2011,E01000845,2011 super output areas - lower layer,298,All usual residents,0.0
19993,2011,E01000845,2011 super output areas - lower layer,298,Age 0 to 4,0.0
19994,2011,E01000845,2011 super output areas - lower layer,298,Age 5 to 7,0.0
19995,2011,E01000845,2011 super output areas - lower layer,298,Age 8 to 9,0.0
19996,2011,E01000845,2011 super output areas - lower layer,298,Age 10 to 14,0.0
19997,2011,E01000845,2011 super output areas - lower layer,298,Age 15,0.0
19998,2011,E01000845,2011 super output areas - lower layer,298,Age 16 to 17,0.0
19999,2011,E01000845,2011 super output areas - lower layer,298,Age 18 to 19,0.0
20000,2011,E01000845,2011 super output areas - lower layer,298,Age 20 to 24,0.0
20001,2011,E01000845,2011 super output areas - lower layer,298,Age 25 to 29,0.0
20002,2011,E01000845,2011 super output areas - lower layer,298,Age 30 to 44,0.0
20003,2011,E01000845,2011 super output areas - lower layer,298,Age 45 to 59,0.0
20004,2011,E01000845,2011 super output areas - lower layer,298,Age 60 to 64,0.0
20005,2011,E01000845,2011 super output areas - lower layer,298,Age 65 to 74,0.0
20006,2011,E01000845,2011 super output areas - lower layer,298,Age 75 to 84,0.0
20007,2011,E01000845,2011 super output areas - lower layer,298,Age 85 to 89,0.0
20008,2011,E01000845,2011 super output areas - lower layer,298,Age 90 and over,0.0
20009,2011,E01000845,2011 super output areas - lower layer,298,Mean Age,
20010,2011,E01000845,2011 super output areas - lower layer,298,Median Age,0.5
20011,2011,E01000846,2011 super output areas - lower layer,298,All usual residents,1501.0
20012,2011,E01000846,2011 super output areas - lower layer,298,Age 0 to 4,115.0
20013,2011,E01000846,2011 super output areas - lower layer,298,Age 5 to 7,85.0
20014,2011,E01000846,2011 super output areas - lower layer,298,Age 8 to 9,40.0
20015,2011,E01000846,2011 super output areas - lower layer,298,Age 10 to 14,101.0
20016,2011,E01000846,2011 super output areas - lower layer,298,Age 15,34.0
20017,2011,E01000846,2011 super output areas - lower layer,298,Age 16 to 17,33.0
20018,2011,E01000846,2011 super output areas - lower layer,298,Age 18 to 19,38.0
20019,2011,E01000846,2011 super output areas - lower layer,298,Age 20 to 24,77.0
20020,2011,E01000846,2011 super output areas - lower layer,298,Age 25 to 29,113.0
20021,2011,E01000846,2011 super output areas - lower layer,298,Age 30 to 44,352.0
20022,2011,E01000846,2011 super output areas - lower layer,298,Age 45 to 59,251.0
20023,2011,E01000846,2011 super output areas - lower layer,298,Age 60 to 64,50.0
20024,2011,E01000846,2011 super output areas - lower layer,298,Age 65 to 74,113.0
20025,2011,E01000846,2011 super output areas - lower layer,298,Age 75 to 84,70.0
20026,2011,E01000846,2011 super output areas - lower layer,298,Age 85 to 89,18.0
20027,2011,E01000846,2011 super output areas - lower layer,298,Age 90 and over,11.0
20028,2011,E01000846,2011 super output areas - lower layer,298,Mean Age,35.9
20029,2011,E01000846,2011 super output areas - lower layer,298,Median Age,35.0
20030,2011,E01000846,2011 super output areas - lower layer,298,All usual residents,0.0
20031,2011,E01000846,2011 super output areas - lower layer,298,Age 0 to 4,0.0
20032,2011,E01000846,2011 super output areas - lower layer,298,Age 5 to 7,0.0
20033,2011,E01000846,2011 super output areas - lower layer,298,Age 8 to 9,0.0
20034,2011,E01000846,2011 super output areas - lower layer,298,Age 10 to 14,0.0
20035,2011,E01000846,2011 super output areas - lower layer,298,Age 15,0.0
20036,2011,E01000846,2011 super output areas - lower layer,298,Age 16 to 17,0.0
20037,2011,E01000846,2011 super output areas - lower layer,298,Age 18 to 19,0.0
20038,2011,E01000846,2011 super output areas - lower layer,298,Age 20 to 24,0.0
20039,2011,E01000846,2011 super output areas - lower layer,298,Age 25 to 29,0.0
20040,2011,E01000846,2011 super output areas - lower layer,298,Age 30 to 44,0.0
20041,2011,E01000846,2011 super output areas - lower layer,298,Age 45 to 59,0.0
20042,2011,E01000846,2011 super output areas - lower layer,298,Age 60 to 64,0.0
20043,2011,E01000846,2011 super output areas - lower layer,298,Age 65 to 74,0.0
20044,2011,E01000846,2011 super output areas - lower layer,298,Age 75 to 84,0.0
20045,2011,E01000846,2011 super output areas - lower layer,298,Age 85 to 89,0.0
20046,2011,E01000846,2011 super output areas - lower layer,298,Age 90 and over,0.0
20047,2011,E01000846,2011 super output areas - lower layer,298,Mean Age,
20048,2011,E01000846,2011 super output areas - lower layer,298,Median Age,0.5
20049,2011,E01000846,2011 super output areas - lower layer,298,All usual residents,0.0
20050,2011,E01000846,2011 super output areas - lower layer,298,Age 0 to 4,0.0
20051,2011,E01000846,2011 super output areas - lower layer,298,Age 5 to 7,0.0
20052,2011,E01000846,2011 super output areas - lower layer,298,Age 8 to 9,0.0
20053,2011,E01000846,2011 super output areas - lower layer,298,Age 10 to 14,0.0
20054,2011,E01000846,2011 super output areas - lower layer,298,Age 15,0.0
20055,2011,E01000846,2011 super output areas - lower layer,298,Age 16 to 17,0.0
20056,2011,E01000846,2011 super output areas - lower layer,298,Age 18 to 19,0.0
20057,2011,E01000846,2011 super output areas - lower layer,298,Age 20 to 24,0.0
20058,2011,E01000846,2011 super output areas - lower layer,298,Age 25 to 29,0.0
20059,2011,E01000846,2011 super output areas - lower layer,298,Age 30 to 44,0.0
20060,2011,E01000846,2011 super output areas - lower layer,298,Age 45 to 59,0.0
20061,2011,E01000846,2011 super output areas - lower layer,298,Age 60 to 64,0.0
20062,2011,E01000846,2011 super output areas - lower layer,298,Age 65 to 74,0.0
20063,2011,E01000846,2011 super output areas - lower layer,298,Age 75 to 84,0.0
20064,2011,E01000846,2011 super output areas - lower layer,298,Age 85 to 89,0.0
20065,2011,E01000846,2011 super output areas - lower layer,298,Age 90 and over,0.0
20066,2011,E01000846,2011 super output areas - lower layer,298,Mean Age,
20067,2011,E01000846,2011 super output areas - lower layer,298,Median Age,0.5
20068,2011,E01000846,2011 super output areas - lower layer,298,All usual residents,0.0
20069,2011,E01000846,2011 super output areas - lower layer,298,Age 0 to 4,0.0
20070,2011,E01000846,2011 super output areas - lower layer,298,Age 5 to 7,0.0
20071,2011,E01000846,2011 super output areas - lower layer,298,Age 8 to 9,0.0
20072,2011,E01000846,2011 super output areas - lower layer,298,Age 10 to 14,0.0
20073,2011,E01000846,2011 super output areas - lower layer,298,Age 15,0.0
20074,2011,E01000846,2011 super output areas - lower layer,298,Age 16 to 17,0.0
20075,2011,E01000846,2011 super output areas - lower layer,298,Age 18 to 19,0.0
20076,2011,E01000846,2011 super output areas - lower layer,298,Age 20 to 24,0.0
20077,2011,E01000846,2011 super output areas - lower layer,298,Age 25 to 29,0.0
20078,2011,E01000846,2011 super output areas - lower layer,298,Age 30 to 44,0.0
20079,2011,E01000846,2011 super output areas - lower layer,298,Age 45 to 59,0.0
20080,2011,E01000846,2011 super output areas - lower layer,298,Age 60 to 64,0.0
20081,2011,E01000846,2011 super output areas - lower layer,298,Age 65 to 74,0.0
20082,2011,E01000846,2011 super output areas - lower layer,298,Age 75 to 84,0.0
20083,2011,E01000846,2011 super output areas - lower layer,298,Age 85 to 89,0.0
20084,2011,E01000846,2011 super output areas - lower layer,298,Age 90 and over,0.0
20085,2011,E01000846,2011 super output areas - lower layer,298,Mean Age,
20086,2011,E01000846,2011 super output areas - lower layer,298,Median Age,0.5
20087,2011,E01000846,2011 super output areas - lower layer,298,All usual residents,0.0
20088,2011,E01000846,2011 super output areas - lower layer,298,Age 0 to 4,0.0
20089,2011,E01000846,2011 super output areas - lower layer,298,Age 5 to 7,0.0
20090,2011,E01000846,2011 super output areas - lower layer,298,Age 8 to 9,0.0
20091,2011,E01000846,2011 super output areas - lower layer,298,Age 10 to 14,0.0
20092,2011,E01000846,2011 super output areas - lower layer,298,Age 15,0.0
20093,2011,E01000846,2011 super output areas - lower layer,298,Age 16 to 17,0.0
20094,2011,E01000846,2011 super output areas - lower layer,298,Age 18 to 19,0.0
20095,2011,E01000846,2011 super output areas - lower layer,298,Age 20 to 24,0.0
20096,2011,E01000846,2011 super output areas - lower layer,298,Age 25 to 29,0.0
20097,2011,E01000846,2011 super output areas - lower layer,298,Age 30 to 44,0.0
20098,2011,E01000846,2011 super output areas - lower layer,298,Age 45 to 59,0.0
20099,2011,E01000846,2011 super output areas - lower layer,298,Age 60 to 64,0.0
20100,2011,E01000846,2011 super output areas - lower layer,298,Age 65 to 74,0.0
20101,2011,E01000846,2011 super output areas - lower layer,298,Age 75 to 84,0.0
20102,2011,E01000846,2011 super output areas - lower layer,298,Age 85 to 89,0.0
20103,2011,E01000846,2011 super output areas - lower layer,298,Age 90 and over,0.0
20104,2011,E01000846,2011 super output areas - lower layer,298,Mean Age,
20105,2011,E01000846,2011 super output areas - lower layer,298,Median Age,0.5
20106,2011,E01000846,2011 super output areas - lower layer,298,All usual residents,0.0
20107,2011,E01000846,2011 super output areas - lower layer,298,Age 0 to 4,0.0
20108,2011,E01000846,2011 super output areas - lower layer,298,Age 5 to 7,0.0
20109,2011,E01000846,2011 super output areas - lower layer,298,Age 8 to 9,0.0
20110,2011,E01000846,2011 super output areas - lower layer,298,Age 10 to 14,0.0
20111,2011,E01000846,2011 super output areas - lower layer,298,Age 15,0.0
20112,2011,E01000846,2011 super output areas - lower layer,298,Age 16 to 17,0.0
20113,2011,E01000846,2011 super output areas - lower layer,298,Age 18 to 19,0.0
20114,2011,E01000846,2011 super output areas - lower layer,298,Age 20 to 24,0.0
20115,2011,E01000846,2011 super output areas - lower layer,298,Age 25 to 29,0.0
20116,2011,E01000846,2011 super output areas - lower layer,298,Age 30 to 44,0.0
20117,2011,E01000846,2011 super output areas - lower layer,298,Age 45 to 59,0.0
20118,2011,E01000846,2011 super output areas - lower layer,298,Age 60 to 64,0.0
20119,2011,E01000846,2011 super output areas - lower layer,298,Age 65 to 74,0.0
20120,2011,E01000846,2011 super output areas - lower layer,298,Age 75 to 84,0.0
20121,2011,E01000846,2011 super output areas - lower layer,298,Age 85 to 89,0.0
20122,2011,E01000846,2011 super output areas - lower layer,298,Age 90 and over,0.0
20123,2011,E01000846,2011 super output areas - lower layer,298,Mean Age,
20124,2011,E01000846,2011 super output areas - lower layer,298,Median Age,0.5
20125,2011,E01000846,2011 super output areas - lower layer,298,All usual residents,0.0
20126,2011,E01000846,2011 super output areas - lower layer,298,Age 0 to 4,0.0
20127,2011,E01000846,2011 super output areas - lower layer,298,Age 5 to 7,0.0
20128,2011,E01000846,2011 super output areas - lower layer,298,Age 8 to 9,0.0
20129,2011,E01000846,2011 super output areas - lower layer,298,Age 10 to 14,0.0
20130,2011,E01000846,2011 super output areas - lower layer,298,Age 15,0.0
20131,2011,E01000846,2011 super output areas - lower layer,298,Age 16 to 17,0.0
20132,2011,E01000846,2011 super output areas - lower layer,298,Age 18 to 19,0.0
20133,2011,E01000846,2011 super output areas - lower layer,298,Age 20 to 24,0.0
20134,2011,E01000846,2011 super output areas - lower layer,298,Age 25 to 29,0.0
20135,2011,E01000846,2011 super output areas - lower layer,298,Age 30 to 44,0.0
20136,2011,E01000846,2011 super output areas - lower layer,298,Age 45 to 59,0.0
20137,2011,E01000846,2011 super output areas - lower layer,298,Age 60 to 64,0.0
20138,2011,E01000846,2011 super output areas - lower layer,298,Age 65 to 74,0.0
20139,2011,E01000846,2011 super output areas - lower layer,298,Age 75 to 84,0.0
20140,2011,E01000846,2011 super output areas - lower layer,298,Age 85 to 89,0.0
20141,2011,E01000846,2011 super output areas - lower layer,298,Age 90 and over,0.0
20142,2011,E01000846,2011 super output areas - lower layer,298,Mean Age,
20143,2011,E01000846,2011 super output areas - lower layer,298,Median Age,0.5
20144,2011,E01000846,2011 super output areas - lower layer,298,All usual residents,0.0
20145,2011,E01000846,2011 super output areas - lower layer,298,Age 0 to 4,0.0
20146,2011,E01000846,2011 super output areas - lower layer,298,Age 5 to 7,0.0
20147,2011,E01000846,2011 super output areas - lower layer,298,Age 8 to 9,0.0
20148,2011,E01000846,2011 super output areas - lower layer,298,Age 10 to 14,0.0
20149,2011,E01000846,2011 super output areas - lower layer,298,Age 15,0.0
20150,2011,E01000846,2011 super output areas - lower layer,298,Age 16 to 17,0.0
20151,2011,E01000846,2011 super output areas - lower layer,298,Age 18 to 19,0.0
20152,2011,E01000846,2011 super output areas - lower layer,298,Age 20 to 24,0.0
20153,2011,E01000846,2011 super output areas - lower layer,298,Age 25 to 29,0.0
20154,2011,E01000846,2011 super output areas - lower layer,298,Age 30 to 44,0.0
20155,2011,E01000846,2011 super output areas - lower layer,298,Age 45 to 59,0.0
20156,2011,E01000846,2011 super output areas - lower layer,298,Age 60 to 64,0.0
20157,2011,E01000846,2011 super output areas - lower layer,298,Age 65 to 74,0.0
20158,2011,E01000846,2011 super output areas - lower layer,298,Age 75 to 84,0.0
20159,2011,E01000846,2011 super output areas - lower layer,298,Age 85 to 89,0.0
20160,2011,E01000846,2011 super output areas - lower layer,298,Age 90 and over,0.0
20161,2011,E01000846,2011 super output areas - lower layer,298,Mean Age,
20162,2011,E01000846,2011 super output areas - lower layer,298,Median Age,0.5
20163,2011,E01000846,2011 super output areas - lower layer,298,All usual residents,0.0
20164,2011,E01000846,2011 super output areas - lower layer,298,Age 0 to 4,0.0
20165,2011,E01000846,2011 super output areas - lower layer,298,Age 5 to 7,0.0
20166,2011,E01000846,2011 super output areas - lower layer,298,Age 8 to 9,0.0
20167,2011,E01000846,2011 super output areas - lower layer,298,Age 10 to 14,0.0
20168,2011,E01000846,2011 super output areas - lower layer,298,Age 15,0.0
20169,2011,E01000846,2011 super output areas - lower layer,298,Age 16 to 17,0.0
20170,2011,E01000846,2011 super output areas - lower layer,298,Age 18 to 19,0.0
20171,2011,E01000846,2011 super output areas - lower layer,298,Age 20 to 24,0.0
20172,2011,E01000846,2011 super output areas - lower layer,298,Age 25 to 29,0.0
20173,2011,E01000846,2011 super output areas - lower layer,298,Age 30 to 44,0.0
20174,2011,E01000846,2011 super output areas - lower layer,298,Age 45 to 59,0.0
20175,2011,E01000846,2011 super output areas - lower layer,298,Age 60 to 64,0.0
20176,2011,E01000846,2011 super output areas - lower layer,298,Age 65 to 74,0.0
20177,2011,E01000846,2011 super output areas - lower layer,298,Age 75 to 84,0.0
20178,2011,E01000846,2011 super output areas - lower layer,298,Age 85 to 89,0.0
20179,2011,E01000846,2011 super output areas - lower layer,298,Age 90 and over,0.0
20180,2011,E01000846,2011 super output areas - lower layer,298,Mean Age,
20181,2011,E01000846,2011 super output areas - lower layer,298,Median Age,0.5
20182,2011,E01000846,2011 super output areas - lower layer,298,All usual residents,0.0
20183,2011,E01000846,2011 super output areas - lower layer,298,Age 0 to 4,0.0
20184,2011,E01000846,2011 super output areas - lower layer,298,Age 5 to 7,0.0
20185,2011,E01000846,2011 super output areas - lower layer,298,Age 8 to 9,0.0
20186,2011,E01000846,2011 super output areas - lower layer,298,Age 10 to 14,0.0
20187,2011,E01000846,2011 super output areas - lower layer,298,Age 15,0.0
20188,2011,E01000846,2011 super output areas - lower layer,298,Age 16 to 17,0.0
20189,2011,E01000846,2011 super output areas - lower layer,298,Age 18 to 19,0.0
20190,2011,E01000846,2011 super output areas - lower layer,298,Age 20 to 24,0.0
20191,2011,E01000846,2011 super output areas - lower layer,298,Age 25 to 29,0.0
20192,2011,E01000846,2011 super output areas - lower layer,298,Age 30 to 44,0.0
20193,2011,E01000846,2011 super output areas - lower layer,298,Age 45 to 59,0.0
20194,2011,E01000846,2011 super output areas - lower layer,298,Age 60 to 64,0.0
20195,2011,E01000846,2011 super output areas - lower layer,298,Age 65 to 74,0.0
20196,2011,E01000846,2011 super output areas - lower layer,298,Age 75 to 84,0.0
20197,2011,E01000846,2011 super output areas - lower layer,298,Age 85 to 89,0.0
20198,2011,E01000846,2011 super output areas - lower layer,298,Age 90 and over,0.0
20199,2011,E01000846,2011 super output areas - lower layer,298,Mean Age,
20200,2011,E01000846,2011 super output areas - lower layer,298,Median Age,0.5
20201,2011,E01000846,2011 super output areas - lower layer,298,All usual residents,0.0
20202,2011,E01000846,2011 super output areas - lower layer,298,Age 0 to 4,0.0
20203,2011,E01000846,2011 super output areas - lower layer,298,Age 5 to 7,0.0
20204,2011,E01000846,2011 super output areas - lower layer,298,Age 8 to 9,0.0
20205,2011,E01000846,2011 super output areas - lower layer,298,Age 10 to 14,0.0
20206,2011,E01000846,2011 super output areas - lower layer,298,Age 15,0.0
20207,2011,E01000846,2011 super output areas - lower layer,298,Age 16 to 17,0.0
20208,2011,E01000846,2011 super output areas - lower layer,298,Age 18 to 19,0.0
20209,2011,E01000846,2011 super output areas - lower layer,298,Age 20 to 24,0.0
20210,2011,E01000846,2011 super output areas - lower layer,298,Age 25 to 29,0.0
20211,2011,E01000846,2011 super output areas - lower layer,298,Age 30 to 44,0.0
20212,2011,E01000846,2011 super output areas - lower layer,298,Age 45 to 59,0.0
20213,2011,E01000846,2011 super output areas - lower layer,298,Age 60 to 64,0.0
20214,2011,E01000846,2011 super output areas - lower layer,298,Age 65 to 74,0.0
20215,2011,E01000846,2011 super output areas - lower layer,298,Age 75 to 84,0.0
20216,2011,E01000846,2011 super output areas - lower layer,298,Age 85 to 89,0.0
20217,2011,E01000846,2011 super output areas - lower layer,298,Age 90 and over,0.0
20218,2011,E01000846,2011 super output areas - lower layer,298,Mean Age,
20219,2011,E01000846,2011 super output areas - lower layer,298,Median Age,0.5
20220,2011,E01000846,2011 super output areas - lower layer,298,All usual residents,0.0
20221,2011,E01000846,2011 super output areas - lower layer,298,Age 0 to 4,0.0
20222,2011,E01000846,2011 super output areas - lower layer,298,Age 5 to 7,0.0
20223,2011,E01000846,2011 super output areas - lower layer,298,Age 8 to 9,0.0
20224,2011,E01000846,2011 super output areas - lower layer,298,Age 10 to 14,0.0
20225,2011,E01000846,2011 super output areas - lower layer,298,Age 15,0.0
20226,2011,E01000846,2011 super output areas - lower layer,298,Age 16 to 17,0.0
20227,2011,E01000846,2011 super output areas - lower layer,298,Age 18 to 19,0.0
20228,2011,E01000846,2011 super output areas - lower layer,298,Age 20 to 24,0.0
20229,2011,E01000846,2011 super output areas - lower layer,298,Age 25 to 29,0.0
20230,2011,E01000846,2011 super output areas - lower layer,298,Age 30 to 44,0.0
20231,2011,E01000846,2011 super output areas - lower layer,298,Age 45 to 59,0.0
20232,2011,E01000846,2011 super output areas - lower layer,298,Age 60 to 64,0.0
20233,2011,E01000846,2011 super output areas - lower layer,298,Age 65 to 74,0.0
20234,2011,E01000846,2011 super output areas - lower layer,298,Age 75 to 84,0.0
20235,2011,E01000846,2011 super output areas - lower layer,298,Age 85 to 89,0.0
20236,2011,E01000846,2011 super output areas - lower layer,298,Age 90 and over,0.0
20237,2011,E01000846,2011 super output areas - lower layer,298,Mean Age,
20238,2011,E01000846,2011 super output areas - lower layer,298,Median Age,0.5
20239,2011,E01000846,2011 super output areas - lower layer,298,All usual residents,0.0
20240,2011,E01000846,2011 super output areas - lower layer,298,Age 0 to 4,0.0
20241,2011,E01000846,2011 super output areas - lower layer,298,Age 5 to 7,0.0
20242,2011,E01000846,2011 super output areas - lower layer,298,Age 8 to 9,0.0
20243,2011,E01000846,2011 super output areas - lower layer,298,Age 10 to 14,0.0
20244,2011,E01000846,2011 super output areas - lower layer,298,Age 15,0.0
20245,2011,E01000846,2011 super output areas - lower layer,298,Age 16 to 17,0.0
20246,2011,E01000846,2011 super output areas - lower layer,298,Age 18 to 19,0.0
20247,2011,E01000846,2011 super output areas - lower layer,298,Age 20 to 24,0.0
20248,2011,E01000846,2011 super output areas - lower layer,298,Age 25 to 29,0.0
20249,2011,E01000846,2011 super output areas - lower layer,298,Age 30 to 44,0.0
20250,2011,E01000846,2011 super output areas - lower layer,298,Age 45 to 59,0.0
20251,2011,E01000846,2011 super output areas - lower layer,298,Age 60 to 64,0.0
20252,2011,E01000846,2011 super output areas - lower layer,298,Age 65 to 74,0.0
20253,2011,E01000846,2011 super output areas - lower layer,298,Age 75 to 84,0.0
20254,2011,E01000846,2011 super output areas - lower layer,298,Age 85 to 89,0.0
20255,2011,E01000846,2011 super output areas - lower layer,298,Age 90 and over,0.0
20256,2011,E01000846,2011 super output areas - lower layer,298,Mean Age,
20257,2011,E01000846,2011 super output areas - lower layer,298,Median Age,0.5
20258,2011,E01000847,2011 super output areas - lower layer,298,All usual residents,1686.0
20259,2011,E01000847,2011 super output areas - lower layer,298,Age 0 to 4,158.0
20260,2011,E01000847,2011 super output areas - lower layer,298,Age 5 to 7,85.0
20261,2011,E01000847,2011 super output areas - lower layer,298,Age 8 to 9,50.0
20262,2011,E01000847,2011 super output areas - lower layer,298,Age 10 to 14,118.0
20263,2011,E01000847,2011 super output areas - lower layer,298,Age 15,17.0
20264,2011,E01000847,2011 super output areas - lower layer,298,Age 16 to 17,31.0
20265,2011,E01000847,2011 super output areas - lower layer,298,Age 18 to 19,35.0
20266,2011,E01000847,2011 super output areas - lower layer,298,Age 20 to 24,88.0
20267,2011,E01000847,2011 super output areas - lower layer,298,Age 25 to 29,170.0
20268,2011,E01000847,2011 super output areas - lower layer,298,Age 30 to 44,397.0
20269,2011,E01000847,2011 super output areas - lower layer,298,Age 45 to 59,281.0
20270,2011,E01000847,2011 super output areas - lower layer,298,Age 60 to 64,67.0
20271,2011,E01000847,2011 super output areas - lower layer,298,Age 65 to 74,102.0
20272,2011,E01000847,2011 super output areas - lower layer,298,Age 75 to 84,62.0
20273,2011,E01000847,2011 super output areas - lower layer,298,Age 85 to 89,21.0
20274,2011,E01000847,2011 super output areas - lower layer,298,Age 90 and over,4.0
20275,2011,E01000847,2011 super output areas - lower layer,298,Mean Age,34.3
20276,2011,E01000847,2011 super output areas - lower layer,298,Median Age,33.0
20277,2011,E01000847,2011 super output areas - lower layer,298,All usual residents,0.0
20278,2011,E01000847,2011 super output areas - lower layer,298,Age 0 to 4,0.0
20279,2011,E01000847,2011 super output areas - lower layer,298,Age 5 to 7,0.0
20280,2011,E01000847,2011 super output areas - lower layer,298,Age 8 to 9,0.0
20281,2011,E01000847,2011 super output areas - lower layer,298,Age 10 to 14,0.0
20282,2011,E01000847,2011 super output areas - lower layer,298,Age 15,0.0
20283,2011,E01000847,2011 super output areas - lower layer,298,Age 16 to 17,0.0
20284,2011,E01000847,2011 super output areas - lower layer,298,Age 18 to 19,0.0
20285,2011,E01000847,2011 super output areas - lower layer,298,Age 20 to 24,0.0
20286,2011,E01000847,2011 super output areas - lower layer,298,Age 25 to 29,0.0
20287,2011,E01000847,2011 super output areas - lower layer,298,Age 30 to 44,0.0
20288,2011,E01000847,2011 super output areas - lower layer,298,Age 45 to 59,0.0
20289,2011,E01000847,2011 super output areas - lower layer,298,Age 60 to 64,0.0
20290,2011,E01000847,2011 super output areas - lower layer,298,Age 65 to 74,0.0
20291,2011,E01000847,2011 super output areas - lower layer,298,Age 75 to 84,0.0
20292,2011,E01000847,2011 super output areas - lower layer,298,Age 85 to 89,0.0
20293,2011,E01000847,2011 super output areas - lower layer,298,Age 90 and over,0.0
20294,2011,E01000847,2011 super output areas - lower layer,298,Mean Age,
20295,2011,E01000847,2011 super output areas - lower layer,298,Median Age,0.5
20296,2011,E01000847,2011 super output areas - lower layer,298,All usual residents,0.0
20297,2011,E01000847,2011 super output areas - lower layer,298,Age 0 to 4,0.0
20298,2011,E01000847,2011 super output areas - lower layer,298,Age 5 to 7,0.0
20299,2011,E01000847,2011 super output areas - lower layer,298,Age 8 to 9,0.0
20300,2011,E01000847,2011 super output areas - lower layer,298,Age 10 to 14,0.0
20301,2011,E01000847,2011 super output areas - lower layer,298,Age 15,0.0
20302,2011,E01000847,2011 super output areas - lower layer,298,Age 16 to 17,0.0
20303,2011,E01000847,2011 super output areas - lower layer,298,Age 18 to 19,0.0
20304,2011,E01000847,2011 super output areas - lower layer,298,Age 20 to 24,0.0
20305,2011,E01000847,2011 super output areas - lower layer,298,Age 25 to 29,0.0
20306,2011,E01000847,2011 super output areas - lower layer,298,Age 30 to 44,0.0
20307,2011,E01000847,2011 super output areas - lower layer,298,Age 45 to 59,0.0
20308,2011,E01000847,2011 super output areas - lower layer,298,Age 60 to 64,0.0
20309,2011,E01000847,2011 super output areas - lower layer,298,Age 65 to 74,0.0
20310,2011,E01000847,2011 super output areas - lower layer,298,Age 75 to 84,0.0
20311,2011,E01000847,2011 super output areas - lower layer,298,Age 85 to 89,0.0
20312,2011,E01000847,2011 super output areas - lower layer,298,Age 90 and over,0.0
20313,2011,E01000847,2011 super output areas - lower layer,298,Mean Age,
20314,2011,E01000847,2011 super output areas - lower layer,298,Median Age,0.5
20315,2011,E01000847,2011 super output areas - lower layer,298,All usual residents,0.0
20316,2011,E01000847,2011 super output areas - lower layer,298,Age 0 to 4,0.0
20317,2011,E01000847,2011 super output areas - lower layer,298,Age 5 to 7,0.0
20318,2011,E01000847,2011 super output areas - lower layer,298,Age 8 to 9,0.0
20319,2011,E01000847,2011 super output areas - lower layer,298,Age 10 to 14,0.0
20320,2011,E01000847,2011 super output areas - lower layer,298,Age 15,0.0
20321,2011,E01000847,2011 super output areas - lower layer,298,Age 16 to 17,0.0
20322,2011,E01000847,2011 super output areas - lower layer,298,Age 18 to 19,0.0
20323,2011,E01000847,2011 super output areas - lower layer,298,Age 20 to 24,0.0
20324,2011,E01000847,2011 super output areas - lower layer,298,Age 25 to 29,0.0
20325,2011,E01000847,2011 super output areas - lower layer,298,Age 30 to 44,0.0
20326,2011,E01000847,2011 super output areas - lower layer,298,Age 45 to 59,0.0
20327,2011,E01000847,2011 super output areas - lower layer,298,Age 60 to 64,0.0
20328,2011,E01000847,2011 super output areas - lower layer,298,Age 65 to 74,0.0
20329,2011,E01000847,2011 super output areas - lower layer,298,Age 75 to 84,0.0
20330,2011,E01000847,2011 super output areas - lower layer,298,Age 85 to 89,0.0
20331,2011,E01000847,2011 super output areas - lower layer,298,Age 90 and over,0.0
20332,2011,E01000847,2011 super output areas - lower layer,298,Mean Age,
20333,2011,E01000847,2011 super output areas - lower layer,298,Median Age,0.5
20334,2011,E01000847,2011 super output areas - lower layer,298,All usual residents,0.0
20335,2011,E01000847,2011 super output areas - lower layer,298,Age 0 to 4,0.0
20336,2011,E01000847,2011 super output areas - lower layer,298,Age 5 to 7,0.0
20337,2011,E01000847,2011 super output areas - lower layer,298,Age 8 to 9,0.0
20338,2011,E01000847,2011 super output areas - lower layer,298,Age 10 to 14,0.0
20339,2011,E01000847,2011 super output areas - lower layer,298,Age 15,0.0
20340,2011,E01000847,2011 super output areas - lower layer,298,Age 16 to 17,0.0
20341,2011,E01000847,2011 super output areas - lower layer,298,Age 18 to 19,0.0
20342,2011,E01000847,2011 super output areas - lower layer,298,Age 20 to 24,0.0
20343,2011,E01000847,2011 super output areas - lower layer,298,Age 25 to 29,0.0
20344,2011,E01000847,2011 super output areas - lower layer,298,Age 30 to 44,0.0
20345,2011,E01000847,2011 super output areas - lower layer,298,Age 45 to 59,0.0
20346,2011,E01000847,2011 super output areas - lower layer,298,Age 60 to 64,0.0
20347,2011,E01000847,2011 super output areas - lower layer,298,Age 65 to 74,0.0
20348,2011,E01000847,2011 super output areas - lower layer,298,Age 75 to 84,0.0
20349,2011,E01000847,2011 super output areas - lower layer,298,Age 85 to 89,0.0
20350,2011,E01000847,2011 super output areas - lower layer,298,Age 90 and over,0.0
20351,2011,E01000847,2011 super output areas - lower layer,298,Mean Age,
20352,2011,E01000847,2011 super output areas - lower layer,298,Median Age,0.5
20353,2011,E01000847,2011 super output areas - lower layer,298,All usual residents,0.0
20354,2011,E01000847,2011 super output areas - lower layer,298,Age 0 to 4,0.0
20355,2011,E01000847,2011 super output areas - lower layer,298,Age 5 to 7,0.0
20356,2011,E01000847,2011 super output areas - lower layer,298,Age 8 to 9,0.0
20357,2011,E01000847,2011 super output areas - lower layer,298,Age 10 to 14,0.0
20358,2011,E01000847,2011 super output areas - lower layer,298,Age 15,0.0
20359,2011,E01000847,2011 super output areas - lower layer,298,Age 16 to 17,0.0
20360,2011,E01000847,2011 super output areas - lower layer,298,Age 18 to 19,0.0
20361,2011,E01000847,2011 super output areas - lower layer,298,Age 20 to 24,0.0
20362,2011,E01000847,2011 super output areas - lower layer,298,Age 25 to 29,0.0
20363,2011,E01000847,2011 super output areas - lower layer,298,Age 30 to 44,0.0
20364,2011,E01000847,2011 super output areas - lower layer,298,Age 45 to 59,0.0
20365,2011,E01000847,2011 super output areas - lower layer,298,Age 60 to 64,0.0
20366,2011,E01000847,2011 super output areas - lower layer,298,Age 65 to 74,0.0
20367,2011,E01000847,2011 super output areas - lower layer,298,Age 75 to 84,0.0
20368,2011,E01000847,2011 super output areas - lower layer,298,Age 85 to 89,0.0
20369,2011,E01000847,2011 super output areas - lower layer,298,Age 90 and over,0.0
20370,2011,E01000847,2011 super output areas - lower layer,298,Mean Age,
20371,2011,E01000847,2011 super output areas - lower layer,298,Median Age,0.5
20372,2011,E01000847,2011 super output areas - lower layer,298,All usual residents,0.0
20373,2011,E01000847,2011 super output areas - lower layer,298,Age 0 to 4,0.0
20374,2011,E01000847,2011 super output areas - lower layer,298,Age 5 to 7,0.0
20375,2011,E01000847,2011 super output areas - lower layer,298,Age 8 to 9,0.0
20376,2011,E01000847,2011 super output areas - lower layer,298,Age 10 to 14,0.0
20377,2011,E01000847,2011 super output areas - lower layer,298,Age 15,0.0
20378,2011,E01000847,2011 super output areas - lower layer,298,Age 16 to 17,0.0
20379,2011,E01000847,2011 super output areas - lower layer,298,Age 18 to 19,0.0
20380,2011,E01000847,2011 super output areas - lower layer,298,Age 20 to 24,0.0
20381,2011,E01000847,2011 super output areas - lower layer,298,Age 25 to 29,0.0
20382,2011,E01000847,2011 super output areas - lower layer,298,Age 30 to 44,0.0
20383,2011,E01000847,2011 super output areas - lower layer,298,Age 45 to 59,0.0
20384,2011,E01000847,2011 super output areas - lower layer,298,Age 60 to 64,0.0
20385,2011,E01000847,2011 super output areas - lower layer,298,Age 65 to 74,0.0
20386,2011,E01000847,2011 super output areas - lower layer,298,Age 75 to 84,0.0
20387,2011,E01000847,2011 super output areas - lower layer,298,Age 85 to 89,0.0
20388,2011,E01000847,2011 super output areas - lower layer,298,Age 90 and over,0.0
20389,2011,E01000847,2011 super output areas - lower layer,298,Mean Age,
20390,2011,E01000847,2011 super output areas - lower layer,298,Median Age,0.5
20391,2011,E01000847,2011 super output areas - lower layer,298,All usual residents,0.0
20392,2011,E01000847,2011 super output areas - lower layer,298,Age 0 to 4,0.0
20393,2011,E01000847,2011 super output areas - lower layer,298,Age 5 to 7,0.0
20394,2011,E01000847,2011 super output areas - lower layer,298,Age 8 to 9,0.0
20395,2011,E01000847,2011 super output areas - lower layer,298,Age 10 to 14,0.0
20396,2011,E01000847,2011 super output areas - lower layer,298,Age 15,0.0
20397,2011,E01000847,2011 super output areas - lower layer,298,Age 16 to 17,0.0
20398,2011,E01000847,2011 super output areas - lower layer,298,Age 18 to 19,0.0
20399,2011,E01000847,2011 super output areas - lower layer,298,Age 20 to 24,0.0
20400,2011,E01000847,2011 super output areas - lower layer,298,Age 25 to 29,0.0
20401,2011,E01000847,2011 super output areas - lower layer,298,Age 30 to 44,0.0
20402,2011,E01000847,2011 super output areas - lower layer,298,Age 45 to 59,0.0
20403,2011,E01000847,2011 super output areas - lower layer,298,Age 60 to 64,0.0
20404,2011,E01000847,2011 super output areas - lower layer,298,Age 65 to 74,0.0
20405,2011,E01000847,2011 super output areas - lower layer,298,Age 75 to 84,0.0
20406,2011,E01000847,2011 super output areas - lower layer,298,Age 85 to 89,0.0
20407,2011,E01000847,2011 super output areas - lower layer,298,Age 90 and over,0.0
20408,2011,E01000847,2011 super output areas - lower layer,298,Mean Age,
20409,2011,E01000847,2011 super output areas - lower layer,298,Median Age,0.5
20410,2011,E01000847,2011 super output areas - lower layer,298,All usual residents,0.0
20411,2011,E01000847,2011 super output areas - lower layer,298,Age 0 to 4,0.0
20412,2011,E01000847,2011 super output areas - lower layer,298,Age 5 to 7,0.0
20413,2011,E01000847,2011 super output areas - lower layer,298,Age 8 to 9,0.0
20414,2011,E01000847,2011 super output areas - lower layer,298,Age 10 to 14,0.0
20415,2011,E01000847,2011 super output areas - lower layer,298,Age 15,0.0
20416,2011,E01000847,2011 super output areas - lower layer,298,Age 16 to 17,0.0
20417,2011,E01000847,2011 super output areas - lower layer,298,Age 18 to 19,0.0
20418,2011,E01000847,2011 super output areas - lower layer,298,Age 20 to 24,0.0
20419,2011,E01000847,2011 super output areas - lower layer,298,Age 25 to 29,0.0
20420,2011,E01000847,2011 super output areas - lower layer,298,Age 30 to 44,0.0
20421,2011,E01000847,2011 super output areas - lower layer,298,Age 45 to 59,0.0
20422,2011,E01000847,2011 super output areas - lower layer,298,Age 60 to 64,0.0
20423,2011,E01000847,2011 super output areas - lower layer,298,Age 65 to 74,0.0
20424,2011,E01000847,2011 super output areas - lower layer,298,Age 75 to 84,0.0
20425,2011,E01000847,2011 super output areas - lower layer,298,Age 85 to 89,0.0
20426,2011,E01000847,2011 super output areas - lower layer,298,Age 90 and over,0.0
20427,2011,E01000847,2011 super output areas - lower layer,298,Mean Age,
20428,2011,E01000847,2011 super output areas - lower layer,298,Median Age,0.5
20429,2011,E01000847,2011 super output areas - lower layer,298,All usual residents,0.0
20430,2011,E01000847,2011 super output areas - lower layer,298,Age 0 to 4,0.0
20431,2011,E01000847,2011 super output areas - lower layer,298,Age 5 to 7,0.0
20432,2011,E01000847,2011 super output areas - lower layer,298,Age 8 to 9,0.0
20433,2011,E01000847,2011 super output areas - lower layer,298,Age 10 to 14,0.0
20434,2011,E01000847,2011 super output areas - lower layer,298,Age 15,0.0
20435,2011,E01000847,2011 super output areas - lower layer,298,Age 16 to 17,0.0
20436,2011,E01000847,2011 super output areas - lower layer,298,Age 18 to 19,0.0
20437,2011,E01000847,2011 super output areas - lower layer,298,Age 20 to 24,0.0
20438,2011,E01000847,2011 super output areas - lower layer,298,Age 25 to 29,0.0
20439,2011,E01000847,2011 super output areas - lower layer,298,Age 30 to 44,0.0
20440,2011,E01000847,2011 super output areas - lower layer,298,Age 45 to 59,0.0
20441,2011,E01000847,2011 super output areas - lower layer,298,Age 60 to 64,0.0
20442,2011,E01000847,2011 super output areas - lower layer,298,Age 65 to 74,0.0
20443,2011,E01000847,2011 super output areas - lower layer,298,Age 75 to 84,0.0
20444,2011,E01000847,2011 super output areas - lower layer,298,Age 85 to 89,0.0
20445,2011,E01000847,2011 super output areas - lower layer,298,Age 90 and over,0.0
20446,2011,E01000847,2011 super output areas - lower layer,298,Mean Age,
20447,2011,E01000847,2011 super output areas - lower layer,298,Median Age,0.5
20448,2011,E01000847,2011 super output areas - lower layer,298,All usual residents,0.0
20449,2011,E01000847,2011 super output areas - lower layer,298,Age 0 to 4,0.0
20450,2011,E01000847,2011 super output areas - lower layer,298,Age 5 to 7,0.0
20451,2011,E01000847,2011 super output areas - lower layer,298,Age 8 to 9,0.0
20452,2011,E01000847,2011 super output areas - lower layer,298,Age 10 to 14,0.0
20453,2011,E01000847,2011 super output areas - lower layer,298,Age 15,0.0
20454,2011,E01000847,2011 super output areas - lower layer,298,Age 16 to 17,0.0
20455,2011,E01000847,2011 super output areas - lower layer,298,Age 18 to 19,0.0
20456,2011,E01000847,2011 super output areas - lower layer,298,Age 20 to 24,0.0
20457,2011,E01000847,2011 super output areas - lower layer,298,Age 25 to 29,0.0
20458,2011,E01000847,2011 super output areas - lower layer,298,Age 30 to 44,0.0
20459,2011,E01000847,2011 super output areas - lower layer,298,Age 45 to 59,0.0
20460,2011,E01000847,2011 super output areas - lower layer,298,Age 60 to 64,0.0
20461,2011,E01000847,2011 super output areas - lower layer,298,Age 65 to 74,0.0
20462,2011,E01000847,2011 super output areas - lower layer,298,Age 75 to 84,0.0
20463,2011,E01000847,2011 super output areas - lower layer,298,Age 85 to 89,0.0
20464,2011,E01000847,2011 super output areas - lower layer,298,Age 90 and over,0.0
20465,2011,E01000847,2011 super output areas - lower layer,298,Mean Age,
20466,2011,E01000847,2011 super output areas - lower layer,298,Median Age,0.5
20467,2011,E01000847,2011 super output areas - lower layer,298,All usual residents,0.0
20468,2011,E01000847,2011 super output areas - lower layer,298,Age 0 to 4,0.0
20469,2011,E01000847,2011 super output areas - lower layer,298,Age 5 to 7,0.0
20470,2011,E01000847,2011 super output areas - lower layer,298,Age 8 to 9,0.0
20471,2011,E01000847,2011 super output areas - lower layer,298,Age 10 to 14,0.0
20472,2011,E01000847,2011 super output areas - lower layer,298,Age 15,0.0
20473,2011,E01000847,2011 super output areas - lower layer,298,Age 16 to 17,0.0
20474,2011,E01000847,2011 super output areas - lower layer,298,Age 18 to 19,0.0
20475,2011,E01000847,2011 super output areas - lower layer,298,Age 20 to 24,0.0
20476,2011,E01000847,2011 super output areas - lower layer,298,Age 25 to 29,0.0
20477,2011,E01000847,2011 super output areas - lower layer,298,Age 30 to 44,0.0
20478,2011,E01000847,2011 super output areas - lower layer,298,Age 45 to 59,0.0
20479,2011,E01000847,2011 super output areas - lower layer,298,Age 60 to 64,0.0
20480,2011,E01000847,2011 super output areas - lower layer,298,Age 65 to 74,0.0
20481,2011,E01000847,2011 super output areas - lower layer,298,Age 75 to 84,0.0
20482,2011,E01000847,2011 super output areas - lower layer,298,Age 85 to 89,0.0
20483,2011,E01000847,2011 super output areas - lower layer,298,Age 90 and over,0.0
20484,2011,E01000847,2011 super output areas - lower layer,298,Mean Age,
20485,2011,E01000847,2011 super output areas - lower layer,298,Median Age,0.5
20486,2011,E01000847,2011 super output areas - lower layer,298,All usual residents,0.0
20487,2011,E01000847,2011 super output areas - lower layer,298,Age 0 to 4,0.0
20488,2011,E01000847,2011 super output areas - lower layer,298,Age 5 to 7,0.0
20489,2011,E01000847,2011 super output areas - lower layer,298,Age 8 to 9,0.0
20490,2011,E01000847,2011 super output areas - lower layer,298,Age 10 to 14,0.0
20491,2011,E01000847,2011 super output areas - lower layer,298,Age 15,0.0
20492,2011,E01000847,2011 super output areas - lower layer,298,Age 16 to 17,0.0
20493,2011,E01000847,2011 super output areas - lower layer,298,Age 18 to 19,0.0
20494,2011,E01000847,2011 super output areas - lower layer,298,Age 20 to 24,0.0
20495,2011,E01000847,2011 super output areas - lower layer,298,Age 25 to 29,0.0
20496,2011,E01000847,2011 super output areas - lower layer,298,Age 30 to 44,0.0
20497,2011,E01000847,2011 super output areas - lower layer,298,Age 45 to 59,0.0
20498,2011,E01000847,2011 super output areas - lower layer,298,Age 60 to 64,0.0
20499,2011,E01000847,2011 super output areas - lower layer,298,Age 65 to 74,0.0
20500,2011,E01000847,2011 super output areas - lower layer,298,Age 75 to 84,0.0
20501,2011,E01000847,2011 super output areas - lower layer,298,Age 85 to 89,0.0
20502,2011,E01000847,2011 super output areas - lower layer,298,Age 90 and over,0.0
20503,2011,E01000847,2011 super output areas - lower layer,298,Mean Age,
20504,2011,E01000847,2011 super output areas - lower layer,298,Median Age,0.5
20505,2011,E01000864,2011 super output areas - lower layer,298,All usual residents,1537.0
20506,2011,E01000864,2011 super output areas - lower layer,298,Age 0 to 4,89.0
20507,2011,E01000864,2011 super output areas - lower layer,298,Age 5 to 7,23.0
20508,2011,E01000864,2011 super output areas - lower layer,298,Age 8 to 9,17.0
20509,2011,E01000864,2011 super output areas - lower layer,298,Age 10 to 14,66.0
20510,2011,E01000864,2011 super output areas - lower layer,298,Age 15,11.0
20511,2011,E01000864,2011 super output areas - lower layer,298,Age 16 to 17,28.0
20512,2011,E01000864,2011 super output areas - lower layer,298,Age 18 to 19,30.0
20513,2011,E01000864,2011 super output areas - lower layer,298,Age 20 to 24,183.0
20514,2011,E01000864,2011 super output areas - lower layer,298,Age 25 to 29,231.0
20515,2011,E01000864,2011 super output areas - lower layer,298,Age 30 to 44,423.0
20516,2011,E01000864,2011 super output areas - lower layer,298,Age 45 to 59,260.0
20517,2011,E01000864,2011 super output areas - lower layer,298,Age 60 to 64,50.0
20518,2011,E01000864,2011 super output areas - lower layer,298,Age 65 to 74,71.0
20519,2011,E01000864,2011 super output areas - lower layer,298,Age 75 to 84,40.0
20520,2011,E01000864,2011 super output areas - lower layer,298,Age 85 to 89,14.0
20521,2011,E01000864,2011 super output areas - lower layer,298,Age 90 and over,1.0
20522,2011,E01000864,2011 super output areas - lower layer,298,Mean Age,34.9
20523,2011,E01000864,2011 super output areas - lower layer,298,Median Age,32.0
20524,2011,E01000864,2011 super output areas - lower layer,298,All usual residents,0.0
20525,2011,E01000864,2011 super output areas - lower layer,298,Age 0 to 4,0.0
20526,2011,E01000864,2011 super output areas - lower layer,298,Age 5 to 7,0.0
20527,2011,E01000864,2011 super output areas - lower layer,298,Age 8 to 9,0.0
20528,2011,E01000864,2011 super output areas - lower layer,298,Age 10 to 14,0.0
20529,2011,E01000864,2011 super output areas - lower layer,298,Age 15,0.0
20530,2011,E01000864,2011 super output areas - lower layer,298,Age 16 to 17,0.0
20531,2011,E01000864,2011 super output areas - lower layer,298,Age 18 to 19,0.0
20532,2011,E01000864,2011 super output areas - lower layer,298,Age 20 to 24,0.0
20533,2011,E01000864,2011 super output areas - lower layer,298,Age 25 to 29,0.0
20534,2011,E01000864,2011 super output areas - lower layer,298,Age 30 to 44,0.0
20535,2011,E01000864,2011 super output areas - lower layer,298,Age 45 to 59,0.0
20536,2011,E01000864,2011 super output areas - lower layer,298,Age 60 to 64,0.0
20537,2011,E01000864,2011 super output areas - lower layer,298,Age 65 to 74,0.0
20538,2011,E01000864,2011 super output areas - lower layer,298,Age 75 to 84,0.0
20539,2011,E01000864,2011 super output areas - lower layer,298,Age 85 to 89,0.0
20540,2011,E01000864,2011 super output areas - lower layer,298,Age 90 and over,0.0
20541,2011,E01000864,2011 super output areas - lower layer,298,Mean Age,
20542,2011,E01000864,2011 super output areas - lower layer,298,Median Age,0.5
20543,2011,E01000864,2011 super output areas - lower layer,298,All usual residents,0.0
20544,2011,E01000864,2011 super output areas - lower layer,298,Age 0 to 4,0.0
20545,2011,E01000864,2011 super output areas - lower layer,298,Age 5 to 7,0.0
20546,2011,E01000864,2011 super output areas - lower layer,298,Age 8 to 9,0.0
20547,2011,E01000864,2011 super output areas - lower layer,298,Age 10 to 14,0.0
20548,2011,E01000864,2011 super output areas - lower layer,298,Age 15,0.0
20549,2011,E01000864,2011 super output areas - lower layer,298,Age 16 to 17,0.0
20550,2011,E01000864,2011 super output areas - lower layer,298,Age 18 to 19,0.0
20551,2011,E01000864,2011 super output areas - lower layer,298,Age 20 to 24,0.0
20552,2011,E01000864,2011 super output areas - lower layer,298,Age 25 to 29,0.0
20553,2011,E01000864,2011 super output areas - lower layer,298,Age 30 to 44,0.0
20554,2011,E01000864,2011 super output areas - lower layer,298,Age 45 to 59,0.0
20555,2011,E01000864,2011 super output areas - lower layer,298,Age 60 to 64,0.0
20556,2011,E01000864,2011 super output areas - lower layer,298,Age 65 to 74,0.0
20557,2011,E01000864,2011 super output areas - lower layer,298,Age 75 to 84,0.0
20558,2011,E01000864,2011 super output areas - lower layer,298,Age 85 to 89,0.0
20559,2011,E01000864,2011 super output areas - lower layer,298,Age 90 and over,0.0
20560,2011,E01000864,2011 super output areas - lower layer,298,Mean Age,
20561,2011,E01000864,2011 super output areas - lower layer,298,Median Age,0.5
20562,2011,E01000864,2011 super output areas - lower layer,298,All usual residents,0.0
20563,2011,E01000864,2011 super output areas - lower layer,298,Age 0 to 4,0.0
20564,2011,E01000864,2011 super output areas - lower layer,298,Age 5 to 7,0.0
20565,2011,E01000864,2011 super output areas - lower layer,298,Age 8 to 9,0.0
20566,2011,E01000864,2011 super output areas - lower layer,298,Age 10 to 14,0.0
20567,2011,E01000864,2011 super output areas - lower layer,298,Age 15,0.0
20568,2011,E01000864,2011 super output areas - lower layer,298,Age 16 to 17,0.0
20569,2011,E01000864,2011 super output areas - lower layer,298,Age 18 to 19,0.0
20570,2011,E01000864,2011 super output areas - lower layer,298,Age 20 to 24,0.0
20571,2011,E01000864,2011 super output areas - lower layer,298,Age 25 to 29,0.0
20572,2011,E01000864,2011 super output areas - lower layer,298,Age 30 to 44,0.0
20573,2011,E01000864,2011 super output areas - lower layer,298,Age 45 to 59,0.0
20574,2011,E01000864,2011 super output areas - lower layer,298,Age 60 to 64,0.0
20575,2011,E01000864,2011 super output areas - lower layer,298,Age 65 to 74,0.0
20576,2011,E01000864,2011 super output areas - lower layer,298,Age 75 to 84,0.0
20577,2011,E01000864,2011 super output areas - lower layer,298,Age 85 to 89,0.0
20578,2011,E01000864,2011 super output areas - lower layer,298,Age 90 and over,0.0
20579,2011,E01000864,2011 super output areas - lower layer,298,Mean Age,
20580,2011,E01000864,2011 super output areas - lower layer,298,Median Age,0.5
20581,2011,E01000864,2011 super output areas - lower layer,298,All usual residents,0.0
20582,2011,E01000864,2011 super output areas - lower layer,298,Age 0 to 4,0.0
20583,2011,E01000864,2011 super output areas - lower layer,298,Age 5 to 7,0.0
20584,2011,E01000864,2011 super output areas - lower layer,298,Age 8 to 9,0.0
20585,2011,E01000864,2011 super output areas - lower layer,298,Age 10 to 14,0.0
20586,2011,E01000864,2011 super output areas - lower layer,298,Age 15,0.0
20587,2011,E01000864,2011 super output areas - lower layer,298,Age 16 to 17,0.0
20588,2011,E01000864,2011 super output areas - lower layer,298,Age 18 to 19,0.0
20589,2011,E01000864,2011 super output areas - lower layer,298,Age 20 to 24,0.0
20590,2011,E01000864,2011 super output areas - lower layer,298,Age 25 to 29,0.0
20591,2011,E01000864,2011 super output areas - lower layer,298,Age 30 to 44,0.0
20592,2011,E01000864,2011 super output areas - lower layer,298,Age 45 to 59,0.0
20593,2011,E01000864,2011 super output areas - lower layer,298,Age 60 to 64,0.0
20594,2011,E01000864,2011 super output areas - lower layer,298,Age 65 to 74,0.0
20595,2011,E01000864,2011 super output areas - lower layer,298,Age 75 to 84,0.0
20596,2011,E01000864,2011 super output areas - lower layer,298,Age 85 to 89,0.0
20597,2011,E01000864,2011 super output areas - lower layer,298,Age 90 and over,0.0
20598,2011,E01000864,2011 super output areas - lower layer,298,Mean Age,
20599,2011,E01000864,2011 super output areas - lower layer,298,Median Age,0.5
20600,2011,E01000864,2011 super output areas - lower layer,298,All usual residents,0.0
20601,2011,E01000864,2011 super output areas - lower layer,298,Age 0 to 4,0.0
20602,2011,E01000864,2011 super output areas - lower layer,298,Age 5 to 7,0.0
20603,2011,E01000864,2011 super output areas - lower layer,298,Age 8 to 9,0.0
20604,2011,E01000864,2011 super output areas - lower layer,298,Age 10 to 14,0.0
20605,2011,E01000864,2011 super output areas - lower layer,298,Age 15,0.0
20606,2011,E01000864,2011 super output areas - lower layer,298,Age 16 to 17,0.0
20607,2011,E01000864,2011 super output areas - lower layer,298,Age 18 to 19,0.0
20608,2011,E01000864,2011 super output areas - lower layer,298,Age 20 to 24,0.0
20609,2011,E01000864,2011 super output areas - lower layer,298,Age 25 to 29,0.0
20610,2011,E01000864,2011 super output areas - lower layer,298,Age 30 to 44,0.0
20611,2011,E01000864,2011 super output areas - lower layer,298,Age 45 to 59,0.0
20612,2011,E01000864,2011 super output areas - lower layer,298,Age 60 to 64,0.0
20613,2011,E01000864,2011 super output areas - lower layer,298,Age 65 to 74,0.0
20614,2011,E01000864,2011 super output areas - lower layer,298,Age 75 to 84,0.0
20615,2011,E01000864,2011 super output areas - lower layer,298,Age 85 to 89,0.0
20616,2011,E01000864,2011 super output areas - lower layer,298,Age 90 and over,0.0
20617,2011,E01000864,2011 super output areas - lower layer,298,Mean Age,
20618,2011,E01000864,2011 super output areas - lower layer,298,Median Age,0.5
20619,2011,E01000864,2011 super output areas - lower layer,298,All usual residents,0.0
20620,2011,E01000864,2011 super output areas - lower layer,298,Age 0 to 4,0.0
20621,2011,E01000864,2011 super output areas - lower layer,298,Age 5 to 7,0.0
20622,2011,E01000864,2011 super output areas - lower layer,298,Age 8 to 9,0.0
20623,2011,E01000864,2011 super output areas - lower layer,298,Age 10 to 14,0.0
20624,2011,E01000864,2011 super output areas - lower layer,298,Age 15,0.0
20625,2011,E01000864,2011 super output areas - lower layer,298,Age 16 to 17,0.0
20626,2011,E01000864,2011 super output areas - lower layer,298,Age 18 to 19,0.0
20627,2011,E01000864,2011 super output areas - lower layer,298,Age 20 to 24,0.0
20628,2011,E01000864,2011 super output areas - lower layer,298,Age 25 to 29,0.0
20629,2011,E01000864,2011 super output areas - lower layer,298,Age 30 to 44,0.0
20630,2011,E01000864,2011 super output areas - lower layer,298,Age 45 to 59,0.0
20631,2011,E01000864,2011 super output areas - lower layer,298,Age 60 to 64,0.0
20632,2011,E01000864,2011 super output areas - lower layer,298,Age 65 to 74,0.0
20633,2011,E01000864,2011 super output areas - lower layer,298,Age 75 to 84,0.0
20634,2011,E01000864,2011 super output areas - lower layer,298,Age 85 to 89,0.0
20635,2011,E01000864,2011 super output areas - lower layer,298,Age 90 and over,0.0
20636,2011,E01000864,2011 super output areas - lower layer,298,Mean Age,
20637,2011,E01000864,2011 super output areas - lower layer,298,Median Age,0.5
20638,2011,E01000864,2011 super output areas - lower layer,298,All usual residents,0.0
20639,2011,E01000864,2011 super output areas - lower layer,298,Age 0 to 4,0.0
20640,2011,E01000864,2011 super output areas - lower layer,298,Age 5 to 7,0.0
20641,2011,E01000864,2011 super output areas - lower layer,298,Age 8 to 9,0.0
20642,2011,E01000864,2011 super output areas - lower layer,298,Age 10 to 14,0.0
20643,2011,E01000864,2011 super output areas - lower layer,298,Age 15,0.0
20644,2011,E01000864,2011 super output areas - lower layer,298,Age 16 to 17,0.0
20645,2011,E01000864,2011 super output areas - lower layer,298,Age 18 to 19,0.0
20646,2011,E01000864,2011 super output areas - lower layer,298,Age 20 to 24,0.0
20647,2011,E01000864,2011 super output areas - lower layer,298,Age 25 to 29,0.0
20648,2011,E01000864,2011 super output areas - lower layer,298,Age 30 to 44,0.0
20649,2011,E01000864,2011 super output areas - lower layer,298,Age 45 to 59,0.0
20650,2011,E01000864,2011 super output areas - lower layer,298,Age 60 to 64,0.0
20651,2011,E01000864,2011 super output areas - lower layer,298,Age 65 to 74,0.0
20652,2011,E01000864,2011 super output areas - lower layer,298,Age 75 to 84,0.0
20653,2011,E01000864,2011 super output areas - lower layer,298,Age 85 to 89,0.0
20654,2011,E01000864,2011 super output areas - lower layer,298,Age 90 and over,0.0
20655,2011,E01000864,2011 super output areas - lower layer,298,Mean Age,
20656,2011,E01000864,2011 super output areas - lower layer,298,Median Age,0.5
20657,2011,E01000864,2011 super output areas - lower layer,298,All usual residents,0.0
20658,2011,E01000864,2011 super output areas - lower layer,298,Age 0 to 4,0.0
20659,2011,E01000864,2011 super output areas - lower layer,298,Age 5 to 7,0.0
20660,2011,E01000864,2011 super output areas - lower layer,298,Age 8 to 9,0.0
20661,2011,E01000864,2011 super output areas - lower layer,298,Age 10 to 14,0.0
20662,2011,E01000864,2011 super output areas - lower layer,298,Age 15,0.0
20663,2011,E01000864,2011 super output areas - lower layer,298,Age 16 to 17,0.0
20664,2011,E01000864,2011 super output areas - lower layer,298,Age 18 to 19,0.0
20665,2011,E01000864,2011 super output areas - lower layer,298,Age 20 to 24,0.0
20666,2011,E01000864,2011 super output areas - lower layer,298,Age 25 to 29,0.0
20667,2011,E01000864,2011 super output areas - lower layer,298,Age 30 to 44,0.0
20668,2011,E01000864,2011 super output areas - lower layer,298,Age 45 to 59,0.0
20669,2011,E01000864,2011 super output areas - lower layer,298,Age 60 to 64,0.0
20670,2011,E01000864,2011 super output areas - lower layer,298,Age 65 to 74,0.0
20671,2011,E01000864,2011 super output areas - lower layer,298,Age 75 to 84,0.0
20672,2011,E01000864,2011 super output areas - lower layer,298,Age 85 to 89,0.0
20673,2011,E01000864,2011 super output areas - lower layer,298,Age 90 and over,0.0
20674,2011,E01000864,2011 super output areas - lower layer,298,Mean Age,
20675,2011,E01000864,2011 super output areas - lower layer,298,Median Age,0.5
20676,2011,E01000864,2011 super output areas - lower layer,298,All usual residents,0.0
20677,2011,E01000864,2011 super output areas - lower layer,298,Age 0 to 4,0.0
20678,2011,E01000864,2011 super output areas - lower layer,298,Age 5 to 7,0.0
20679,2011,E01000864,2011 super output areas - lower layer,298,Age 8 to 9,0.0
20680,2011,E01000864,2011 super output areas - lower layer,298,Age 10 to 14,0.0
20681,2011,E01000864,2011 super output areas - lower layer,298,Age 15,0.0
20682,2011,E01000864,2011 super output areas - lower layer,298,Age 16 to 17,0.0
20683,2011,E01000864,2011 super output areas - lower layer,298,Age 18 to 19,0.0
20684,2011,E01000864,2011 super output areas - lower layer,298,Age 20 to 24,0.0
20685,2011,E01000864,2011 super output areas - lower layer,298,Age 25 to 29,0.0
20686,2011,E01000864,2011 super output areas - lower layer,298,Age 30 to 44,0.0
20687,2011,E01000864,2011 super output areas - lower layer,298,Age 45 to 59,0.0
20688,2011,E01000864,2011 super output areas - lower layer,298,Age 60 to 64,0.0
20689,2011,E01000864,2011 super output areas - lower layer,298,Age 65 to 74,0.0
20690,2011,E01000864,2011 super output areas - lower layer,298,Age 75 to 84,0.0
20691,2011,E01000864,2011 super output areas - lower layer,298,Age 85 to 89,0.0
20692,2011,E01000864,2011 super output areas - lower layer,298,Age 90 and over,0.0
20693,2011,E01000864,2011 super output areas - lower layer,298,Mean Age,
20694,2011,E01000864,2011 super output areas - lower layer,298,Median Age,0.5
20695,2011,E01000864,2011 super output areas - lower layer,298,All usual residents,0.0
20696,2011,E01000864,2011 super output areas - lower layer,298,Age 0 to 4,0.0
20697,2011,E01000864,2011 super output areas - lower layer,298,Age 5 to 7,0.0
20698,2011,E01000864,2011 super output areas - lower layer,298,Age 8 to 9,0.0
20699,2011,E01000864,2011 super output areas - lower layer,298,Age 10 to 14,0.0
20700,2011,E01000864,2011 super output areas - lower layer,298,Age 15,0.0
20701,2011,E01000864,2011 super output areas - lower layer,298,Age 16 to 17,0.0
20702,2011,E01000864,2011 super output areas - lower layer,298,Age 18 to 19,0.0
20703,2011,E01000864,2011 super output areas - lower layer,298,Age 20 to 24,0.0
20704,2011,E01000864,2011 super output areas - lower layer,298,Age 25 to 29,0.0
20705,2011,E01000864,2011 super output areas - lower layer,298,Age 30 to 44,0.0
20706,2011,E01000864,2011 super output areas - lower layer,298,Age 45 to 59,0.0
20707,2011,E01000864,2011 super output areas - lower layer,298,Age 60 to 64,0.0
20708,2011,E01000864,2011 super output areas - lower layer,298,Age 65 to 74,0.0
20709,2011,E01000864,2011 super output areas - lower layer,298,Age 75 to 84,0.0
20710,2011,E01000864,2011 super output areas - lower layer,298,Age 85 to 89,0.0
20711,2011,E01000864,2011 super output areas - lower layer,298,Age 90 and over,0.0
20712,2011,E01000864,2011 super output areas - lower layer,298,Mean Age,
20713,2011,E01000864,2011 super output areas - lower layer,298,Median Age,0.5
20714,2011,E01000864,2011 super output areas - lower layer,298,All usual residents,0.0
20715,2011,E01000864,2011 super output areas - lower layer,298,Age 0 to 4,0.0
20716,2011,E01000864,2011 super output areas - lower layer,298,Age 5 to 7,0.0
20717,2011,E01000864,2011 super output areas - lower layer,298,Age 8 to 9,0.0
20718,2011,E01000864,2011 super output areas - lower layer,298,Age 10 to 14,0.0
20719,2011,E01000864,2011 super output areas - lower layer,298,Age 15,0.0
20720,2011,E01000864,2011 super output areas - lower layer,298,Age 16 to 17,0.0
20721,2011,E01000864,2011 super output areas - lower layer,298,Age 18 to 19,0.0
20722,2011,E01000864,2011 super output areas - lower layer,298,Age 20 to 24,0.0
20723,2011,E01000864,2011 super output areas - lower layer,298,Age 25 to 29,0.0
20724,2011,E01000864,2011 super output areas - lower layer,298,Age 30 to 44,0.0
20725,2011,E01000864,2011 super output areas - lower layer,298,Age 45 to 59,0.0
20726,2011,E01000864,2011 super output areas - lower layer,298,Age 60 to 64,0.0
20727,2011,E01000864,2011 super output areas - lower layer,298,Age 65 to 74,0.0
20728,2011,E01000864,2011 super output areas - lower layer,298,Age 75 to 84,0.0
20729,2011,E01000864,2011 super output areas - lower layer,298,Age 85 to 89,0.0
20730,2011,E01000864,2011 super output areas - lower layer,298,Age 90 and over,0.0
20731,2011,E01000864,2011 super output areas - lower layer,298,Mean Age,
20732,2011,E01000864,2011 super output areas - lower layer,298,Median Age,0.5
20733,2011,E01000864,2011 super output areas - lower layer,298,All usual residents,0.0
20734,2011,E01000864,2011 super output areas - lower layer,298,Age 0 to 4,0.0
20735,2011,E01000864,2011 super output areas - lower layer,298,Age 5 to 7,0.0
20736,2011,E01000864,2011 super output areas - lower layer,298,Age 8 to 9,0.0
20737,2011,E01000864,2011 super output areas - lower layer,298,Age 10 to 14,0.0
20738,2011,E01000864,2011 super output areas - lower layer,298,Age 15,0.0
20739,2011,E01000864,2011 super output areas - lower layer,298,Age 16 to 17,0.0
20740,2011,E01000864,2011 super output areas - lower layer,298,Age 18 to 19,0.0
20741,2011,E01000864,2011 super output areas - lower layer,298,Age 20 to 24,0.0
20742,2011,E01000864,2011 super output areas - lower layer,298,Age 25 to 29,0.0
20743,2011,E01000864,2011 super output areas - lower layer,298,Age 30 to 44,0.0
20744,2011,E01000864,2011 super output areas - lower layer,298,Age 45 to 59,0.0
20745,2011,E01000864,2011 super output areas - lower layer,298,Age 60 to 64,0.0
20746,2011,E01000864,2011 super output areas - lower layer,298,Age 65 to 74,0.0
20747,2011,E01000864,2011 super output areas - lower layer,298,Age 75 to 84,0.0
20748,2011,E01000864,2011 super output areas - lower layer,298,Age 85 to 89,0.0
20749,2011,E01000864,2011 super output areas - lower layer,298,Age 90 and over,0.0
20750,2011,E01000864,2011 super output areas - lower layer,298,Mean Age,
20751,2011,E01000864,2011 super output areas - lower layer,298,Median Age,0.5
20752,2011,E01000865,2011 super output areas - lower layer,298,All usual residents,1505.0
20753,2011,E01000865,2011 super output areas - lower layer,298,Age 0 to 4,39.0
20754,2011,E01000865,2011 super output areas - lower layer,298,Age 5 to 7,29.0
20755,2011,E01000865,2011 super output areas - lower layer,298,Age 8 to 9,14.0
20756,2011,E01000865,2011 super output areas - lower layer,298,Age 10 to 14,45.0
20757,2011,E01000865,2011 super output areas - lower layer,298,Age 15,10.0
20758,2011,E01000865,2011 super output areas - lower layer,298,Age 16 to 17,18.0
20759,2011,E01000865,2011 super output areas - lower layer,298,Age 18 to 19,291.0
20760,2011,E01000865,2011 super output areas - lower layer,298,Age 20 to 24,285.0
20761,2011,E01000865,2011 super output areas - lower layer,298,Age 25 to 29,159.0
20762,2011,E01000865,2011 super output areas - lower layer,298,Age 30 to 44,271.0
20763,2011,E01000865,2011 super output areas - lower layer,298,Age 45 to 59,181.0
20764,2011,E01000865,2011 super output areas - lower layer,298,Age 60 to 64,49.0
20765,2011,E01000865,2011 super output areas - lower layer,298,Age 65 to 74,76.0
20766,2011,E01000865,2011 super output areas - lower layer,298,Age 75 to 84,27.0
20767,2011,E01000865,2011 super output areas - lower layer,298,Age 85 to 89,9.0
20768,2011,E01000865,2011 super output areas - lower layer,298,Age 90 and over,2.0
20769,2011,E01000865,2011 super output areas - lower layer,298,Mean Age,31.7
20770,2011,E01000865,2011 super output areas - lower layer,298,Median Age,25.0
20771,2011,E01000865,2011 super output areas - lower layer,298,All usual residents,0.0
20772,2011,E01000865,2011 super output areas - lower layer,298,Age 0 to 4,0.0
20773,2011,E01000865,2011 super output areas - lower layer,298,Age 5 to 7,0.0
20774,2011,E01000865,2011 super output areas - lower layer,298,Age 8 to 9,0.0
20775,2011,E01000865,2011 super output areas - lower layer,298,Age 10 to 14,0.0
20776,2011,E01000865,2011 super output areas - lower layer,298,Age 15,0.0
20777,2011,E01000865,2011 super output areas - lower layer,298,Age 16 to 17,0.0
20778,2011,E01000865,2011 super output areas - lower layer,298,Age 18 to 19,0.0
20779,2011,E01000865,2011 super output areas - lower layer,298,Age 20 to 24,0.0
20780,2011,E01000865,2011 super output areas - lower layer,298,Age 25 to 29,0.0
20781,2011,E01000865,2011 super output areas - lower layer,298,Age 30 to 44,0.0
20782,2011,E01000865,2011 super output areas - lower layer,298,Age 45 to 59,0.0
20783,2011,E01000865,2011 super output areas - lower layer,298,Age 60 to 64,0.0
20784,2011,E01000865,2011 super output areas - lower layer,298,Age 65 to 74,0.0
20785,2011,E01000865,2011 super output areas - lower layer,298,Age 75 to 84,0.0
20786,2011,E01000865,2011 super output areas - lower layer,298,Age 85 to 89,0.0
20787,2011,E01000865,2011 super output areas - lower layer,298,Age 90 and over,0.0
20788,2011,E01000865,2011 super output areas - lower layer,298,Mean Age,
20789,2011,E01000865,2011 super output areas - lower layer,298,Median Age,0.5
20790,2011,E01000865,2011 super output areas - lower layer,298,All usual residents,0.0
20791,2011,E01000865,2011 super output areas - lower layer,298,Age 0 to 4,0.0
20792,2011,E01000865,2011 super output areas - lower layer,298,Age 5 to 7,0.0
20793,2011,E01000865,2011 super output areas - lower layer,298,Age 8 to 9,0.0
20794,2011,E01000865,2011 super output areas - lower layer,298,Age 10 to 14,0.0
20795,2011,E01000865,2011 super output areas - lower layer,298,Age 15,0.0
20796,2011,E01000865,2011 super output areas - lower layer,298,Age 16 to 17,0.0
20797,2011,E01000865,2011 super output areas - lower layer,298,Age 18 to 19,0.0
20798,2011,E01000865,2011 super output areas - lower layer,298,Age 20 to 24,0.0
20799,2011,E01000865,2011 super output areas - lower layer,298,Age 25 to 29,0.0
20800,2011,E01000865,2011 super output areas - lower layer,298,Age 30 to 44,0.0
20801,2011,E01000865,2011 super output areas - lower layer,298,Age 45 to 59,0.0
20802,2011,E01000865,2011 super output areas - lower layer,298,Age 60 to 64,0.0
20803,2011,E01000865,2011 super output areas - lower layer,298,Age 65 to 74,0.0
20804,2011,E01000865,2011 super output areas - lower layer,298,Age 75 to 84,0.0
20805,2011,E01000865,2011 super output areas - lower layer,298,Age 85 to 89,0.0
20806,2011,E01000865,2011 super output areas - lower layer,298,Age 90 and over,0.0
20807,2011,E01000865,2011 super output areas - lower layer,298,Mean Age,
20808,2011,E01000865,2011 super output areas - lower layer,298,Median Age,0.5
20809,2011,E01000865,2011 super output areas - lower layer,298,All usual residents,0.0
20810,2011,E01000865,2011 super output areas - lower layer,298,Age 0 to 4,0.0
20811,2011,E01000865,2011 super output areas - lower layer,298,Age 5 to 7,0.0
20812,2011,E01000865,2011 super output areas - lower layer,298,Age 8 to 9,0.0
20813,2011,E01000865,2011 super output areas - lower layer,298,Age 10 to 14,0.0
20814,2011,E01000865,2011 super output areas - lower layer,298,Age 15,0.0
20815,2011,E01000865,2011 super output areas - lower layer,298,Age 16 to 17,0.0
20816,2011,E01000865,2011 super output areas - lower layer,298,Age 18 to 19,0.0
20817,2011,E01000865,2011 super output areas - lower layer,298,Age 20 to 24,0.0
20818,2011,E01000865,2011 super output areas - lower layer,298,Age 25 to 29,0.0
20819,2011,E01000865,2011 super output areas - lower layer,298,Age 30 to 44,0.0
20820,2011,E01000865,2011 super output areas - lower layer,298,Age 45 to 59,0.0
20821,2011,E01000865,2011 super output areas - lower layer,298,Age 60 to 64,0.0
20822,2011,E01000865,2011 super output areas - lower layer,298,Age 65 to 74,0.0
20823,2011,E01000865,2011 super output areas - lower layer,298,Age 75 to 84,0.0
20824,2011,E01000865,2011 super output areas - lower layer,298,Age 85 to 89,0.0
20825,2011,E01000865,2011 super output areas - lower layer,298,Age 90 and over,0.0
20826,2011,E01000865,2011 super output areas - lower layer,298,Mean Age,
20827,2011,E01000865,2011 super output areas - lower layer,298,Median Age,0.5
20828,2011,E01000865,2011 super output areas - lower layer,298,All usual residents,0.0
20829,2011,E01000865,2011 super output areas - lower layer,298,Age 0 to 4,0.0
20830,2011,E01000865,2011 super output areas - lower layer,298,Age 5 to 7,0.0
20831,2011,E01000865,2011 super output areas - lower layer,298,Age 8 to 9,0.0
20832,2011,E01000865,2011 super output areas - lower layer,298,Age 10 to 14,0.0
20833,2011,E01000865,2011 super output areas - lower layer,298,Age 15,0.0
20834,2011,E01000865,2011 super output areas - lower layer,298,Age 16 to 17,0.0
20835,2011,E01000865,2011 super output areas - lower layer,298,Age 18 to 19,0.0
20836,2011,E01000865,2011 super output areas - lower layer,298,Age 20 to 24,0.0
20837,2011,E01000865,2011 super output areas - lower layer,298,Age 25 to 29,0.0
20838,2011,E01000865,2011 super output areas - lower layer,298,Age 30 to 44,0.0
20839,2011,E01000865,2011 super output areas - lower layer,298,Age 45 to 59,0.0
20840,2011,E01000865,2011 super output areas - lower layer,298,Age 60 to 64,0.0
20841,2011,E01000865,2011 super output areas - lower layer,298,Age 65 to 74,0.0
20842,2011,E01000865,2011 super output areas - lower layer,298,Age 75 to 84,0.0
20843,2011,E01000865,2011 super output areas - lower layer,298,Age 85 to 89,0.0
20844,2011,E01000865,2011 super output areas - lower layer,298,Age 90 and over,0.0
20845,2011,E01000865,2011 super output areas - lower layer,298,Mean Age,
20846,2011,E01000865,2011 super output areas - lower layer,298,Median Age,0.5
20847,2011,E01000865,2011 super output areas - lower layer,298,All usual residents,0.0
20848,2011,E01000865,2011 super output areas - lower layer,298,Age 0 to 4,0.0
20849,2011,E01000865,2011 super output areas - lower layer,298,Age 5 to 7,0.0
20850,2011,E01000865,2011 super output areas - lower layer,298,Age 8 to 9,0.0
20851,2011,E01000865,2011 super output areas - lower layer,298,Age 10 to 14,0.0
20852,2011,E01000865,2011 super output areas - lower layer,298,Age 15,0.0
20853,2011,E01000865,2011 super output areas - lower layer,298,Age 16 to 17,0.0
20854,2011,E01000865,2011 super output areas - lower layer,298,Age 18 to 19,0.0
20855,2011,E01000865,2011 super output areas - lower layer,298,Age 20 to 24,0.0
20856,2011,E01000865,2011 super output areas - lower layer,298,Age 25 to 29,0.0
20857,2011,E01000865,2011 super output areas - lower layer,298,Age 30 to 44,0.0
20858,2011,E01000865,2011 super output areas - lower layer,298,Age 45 to 59,0.0
20859,2011,E01000865,2011 super output areas - lower layer,298,Age 60 to 64,0.0
20860,2011,E01000865,2011 super output areas - lower layer,298,Age 65 to 74,0.0
20861,2011,E01000865,2011 super output areas - lower layer,298,Age 75 to 84,0.0
20862,2011,E01000865,2011 super output areas - lower layer,298,Age 85 to 89,0.0
20863,2011,E01000865,2011 super output areas - lower layer,298,Age 90 and over,0.0
20864,2011,E01000865,2011 super output areas - lower layer,298,Mean Age,
20865,2011,E01000865,2011 super output areas - lower layer,298,Median Age,0.5
20866,2011,E01000865,2011 super output areas - lower layer,298,All usual residents,0.0
20867,2011,E01000865,2011 super output areas - lower layer,298,Age 0 to 4,0.0
20868,2011,E01000865,2011 super output areas - lower layer,298,Age 5 to 7,0.0
20869,2011,E01000865,2011 super output areas - lower layer,298,Age 8 to 9,0.0
20870,2011,E01000865,2011 super output areas - lower layer,298,Age 10 to 14,0.0
20871,2011,E01000865,2011 super output areas - lower layer,298,Age 15,0.0
20872,2011,E01000865,2011 super output areas - lower layer,298,Age 16 to 17,0.0
20873,2011,E01000865,2011 super output areas - lower layer,298,Age 18 to 19,0.0
20874,2011,E01000865,2011 super output areas - lower layer,298,Age 20 to 24,0.0
20875,2011,E01000865,2011 super output areas - lower layer,298,Age 25 to 29,0.0
20876,2011,E01000865,2011 super output areas - lower layer,298,Age 30 to 44,0.0
20877,2011,E01000865,2011 super output areas - lower layer,298,Age 45 to 59,0.0
20878,2011,E01000865,2011 super output areas - lower layer,298,Age 60 to 64,0.0
20879,2011,E01000865,2011 super output areas - lower layer,298,Age 65 to 74,0.0
20880,2011,E01000865,2011 super output areas - lower layer,298,Age 75 to 84,0.0
20881,2011,E01000865,2011 super output areas - lower layer,298,Age 85 to 89,0.0
20882,2011,E01000865,2011 super output areas - lower layer,298,Age 90 and over,0.0
20883,2011,E01000865,2011 super output areas - lower layer,298,Mean Age,
20884,2011,E01000865,2011 super output areas - lower layer,298,Median Age,0.5
20885,2011,E01000865,2011 super output areas - lower layer,298,All usual residents,0.0
20886,2011,E01000865,2011 super output areas - lower layer,298,Age 0 to 4,0.0
20887,2011,E01000865,2011 super output areas - lower layer,298,Age 5 to 7,0.0
20888,2011,E01000865,2011 super output areas - lower layer,298,Age 8 to 9,0.0
20889,2011,E01000865,2011 super output areas - lower layer,298,Age 10 to 14,0.0
20890,2011,E01000865,2011 super output areas - lower layer,298,Age 15,0.0
20891,2011,E01000865,2011 super output areas - lower layer,298,Age 16 to 17,0.0
20892,2011,E01000865,2011 super output areas - lower layer,298,Age 18 to 19,0.0
20893,2011,E01000865,2011 super output areas - lower layer,298,Age 20 to 24,0.0
20894,2011,E01000865,2011 super output areas - lower layer,298,Age 25 to 29,0.0
20895,2011,E01000865,2011 super output areas - lower layer,298,Age 30 to 44,0.0
20896,2011,E01000865,2011 super output areas - lower layer,298,Age 45 to 59,0.0
20897,2011,E01000865,2011 super output areas - lower layer,298,Age 60 to 64,0.0
20898,2011,E01000865,2011 super output areas - lower layer,298,Age 65 to 74,0.0
20899,2011,E01000865,2011 super output areas - lower layer,298,Age 75 to 84,0.0
20900,2011,E01000865,2011 super output areas - lower layer,298,Age 85 to 89,0.0
20901,2011,E01000865,2011 super output areas - lower layer,298,Age 90 and over,0.0
20902,2011,E01000865,2011 super output areas - lower layer,298,Mean Age,
20903,2011,E01000865,2011 super output areas - lower layer,298,Median Age,0.5
20904,2011,E01000865,2011 super output areas - lower layer,298,All usual residents,0.0
20905,2011,E01000865,2011 super output areas - lower layer,298,Age 0 to 4,0.0
20906,2011,E01000865,2011 super output areas - lower layer,298,Age 5 to 7,0.0
20907,2011,E01000865,2011 super output areas - lower layer,298,Age 8 to 9,0.0
20908,2011,E01000865,2011 super output areas - lower layer,298,Age 10 to 14,0.0
20909,2011,E01000865,2011 super output areas - lower layer,298,Age 15,0.0
20910,2011,E01000865,2011 super output areas - lower layer,298,Age 16 to 17,0.0
20911,2011,E01000865,2011 super output areas - lower layer,298,Age 18 to 19,0.0
20912,2011,E01000865,2011 super output areas - lower layer,298,Age 20 to 24,0.0
20913,2011,E01000865,2011 super output areas - lower layer,298,Age 25 to 29,0.0
20914,2011,E01000865,2011 super output areas - lower layer,298,Age 30 to 44,0.0
20915,2011,E01000865,2011 super output areas - lower layer,298,Age 45 to 59,0.0
20916,2011,E01000865,2011 super output areas - lower layer,298,Age 60 to 64,0.0
20917,2011,E01000865,2011 super output areas - lower layer,298,Age 65 to 74,0.0
20918,2011,E01000865,2011 super output areas - lower layer,298,Age 75 to 84,0.0
20919,2011,E01000865,2011 super output areas - lower layer,298,Age 85 to 89,0.0
20920,2011,E01000865,2011 super output areas - lower layer,298,Age 90 and over,0.0
20921,2011,E01000865,2011 super output areas - lower layer,298,Mean Age,
20922,2011,E01000865,2011 super output areas - lower layer,298,Median Age,0.5
20923,2011,E01000865,2011 super output areas - lower layer,298,All usual residents,0.0
20924,2011,E01000865,2011 super output areas - lower layer,298,Age 0 to 4,0.0
20925,2011,E01000865,2011 super output areas - lower layer,298,Age 5 to 7,0.0
20926,2011,E01000865,2011 super output areas - lower layer,298,Age 8 to 9,0.0
20927,2011,E01000865,2011 super output areas - lower layer,298,Age 10 to 14,0.0
20928,2011,E01000865,2011 super output areas - lower layer,298,Age 15,0.0
20929,2011,E01000865,2011 super output areas - lower layer,298,Age 16 to 17,0.0
20930,2011,E01000865,2011 super output areas - lower layer,298,Age 18 to 19,0.0
20931,2011,E01000865,2011 super output areas - lower layer,298,Age 20 to 24,0.0
20932,2011,E01000865,2011 super output areas - lower layer,298,Age 25 to 29,0.0
20933,2011,E01000865,2011 super output areas - lower layer,298,Age 30 to 44,0.0
20934,2011,E01000865,2011 super output areas - lower layer,298,Age 45 to 59,0.0
20935,2011,E01000865,2011 super output areas - lower layer,298,Age 60 to 64,0.0
20936,2011,E01000865,2011 super output areas - lower layer,298,Age 65 to 74,0.0
20937,2011,E01000865,2011 super output areas - lower layer,298,Age 75 to 84,0.0
20938,2011,E01000865,2011 super output areas - lower layer,298,Age 85 to 89,0.0
20939,2011,E01000865,2011 super output areas - lower layer,298,Age 90 and over,0.0
20940,2011,E01000865,2011 super output areas - lower layer,298,Mean Age,
20941,2011,E01000865,2011 super output areas - lower layer,298,Median Age,0.5
20942,2011,E01000865,2011 super output areas - lower layer,298,All usual residents,0.0
20943,2011,E01000865,2011 super output areas - lower layer,298,Age 0 to 4,0.0
20944,2011,E01000865,2011 super output areas - lower layer,298,Age 5 to 7,0.0
20945,2011,E01000865,2011 super output areas - lower layer,298,Age 8 to 9,0.0
20946,2011,E01000865,2011 super output areas - lower layer,298,Age 10 to 14,0.0
20947,2011,E01000865,2011 super output areas - lower layer,298,Age 15,0.0
20948,2011,E01000865,2011 super output areas - lower layer,298,Age 16 to 17,0.0
20949,2011,E01000865,2011 super output areas - lower layer,298,Age 18 to 19,0.0
20950,2011,E01000865,2011 super output areas - lower layer,298,Age 20 to 24,0.0
20951,2011,E01000865,2011 super output areas - lower layer,298,Age 25 to 29,0.0
20952,2011,E01000865,2011 super output areas - lower layer,298,Age 30 to 44,0.0
20953,2011,E01000865,2011 super output areas - lower layer,298,Age 45 to 59,0.0
20954,2011,E01000865,2011 super output areas - lower layer,298,Age 60 to 64,0.0
20955,2011,E01000865,2011 super output areas - lower layer,298,Age 65 to 74,0.0
20956,2011,E01000865,2011 super output areas - lower layer,298,Age 75 to 84,0.0
20957,2011,E01000865,2011 super output areas - lower layer,298,Age 85 to 89,0.0
20958,2011,E01000865,2011 super output areas - lower layer,298,Age 90 and over,0.0
20959,2011,E01000865,2011 super output areas - lower layer,298,Mean Age,
20960,2011,E01000865,2011 super output areas - lower layer,298,Median Age,0.5
20961,2011,E01000865,2011 super output areas - lower layer,298,All usual residents,0.0
20962,2011,E01000865,2011 super output areas - lower layer,298,Age 0 to 4,0.0
20963,2011,E01000865,2011 super output areas - lower layer,298,Age 5 to 7,0.0
20964,2011,E01000865,2011 super output areas - lower layer,298,Age 8 to 9,0.0
20965,2011,E01000865,2011 super output areas - lower layer,298,Age 10 to 14,0.0
20966,2011,E01000865,2011 super output areas - lower layer,298,Age 15,0.0
20967,2011,E01000865,2011 super output areas - lower layer,298,Age 16 to 17,0.0
20968,2011,E01000865,2011 super output areas - lower layer,298,Age 18 to 19,0.0
20969,2011,E01000865,2011 super output areas - lower layer,298,Age 20 to 24,0.0
20970,2011,E01000865,2011 super output areas - lower layer,298,Age 25 to 29,0.0
20971,2011,E01000865,2011 super output areas - lower layer,298,Age 30 to 44,0.0
20972,2011,E01000865,2011 super output areas - lower layer,298,Age 45 to 59,0.0
20973,2011,E01000865,2011 super output areas - lower layer,298,Age 60 to 64,0.0
20974,2011,E01000865,2011 super output areas - lower layer,298,Age 65 to 74,0.0
20975,2011,E01000865,2011 super output areas - lower layer,298,Age 75 to 84,0.0
20976,2011,E01000865,2011 super output areas - lower layer,298,Age 85 to 89,0.0
20977,2011,E01000865,2011 super output areas - lower layer,298,Age 90 and over,0.0
20978,2011,E01000865,2011 super output areas - lower layer,298,Mean Age,
20979,2011,E01000865,2011 super output areas - lower layer,298,Median Age,0.5
20980,2011,E01000865,2011 super output areas - lower layer,298,All usual residents,0.0
20981,2011,E01000865,2011 super output areas - lower layer,298,Age 0 to 4,0.0
20982,2011,E01000865,2011 super output areas - lower layer,298,Age 5 to 7,0.0
20983,2011,E01000865,2011 super output areas - lower layer,298,Age 8 to 9,0.0
20984,2011,E01000865,2011 super output areas - lower layer,298,Age 10 to 14,0.0
20985,2011,E01000865,2011 super output areas - lower layer,298,Age 15,0.0
20986,2011,E01000865,2011 super output areas - lower layer,298,Age 16 to 17,0.0
20987,2011,E01000865,2011 super output areas - lower layer,298,Age 18 to 19,0.0
20988,2011,E01000865,2011 super output areas - lower layer,298,Age 20 to 24,0.0
20989,2011,E01000865,2011 super output areas - lower layer,298,Age 25 to 29,0.0
20990,2011,E01000865,2011 super output areas - lower layer,298,Age 30 to 44,0.0
20991,2011,E01000865,2011 super output areas - lower layer,298,Age 45 to 59,0.0
20992,2011,E01000865,2011 super output areas - lower layer,298,Age 60 to 64,0.0
20993,2011,E01000865,2011 super output areas - lower layer,298,Age 65 to 74,0.0
20994,2011,E01000865,2011 super output areas - lower layer,298,Age 75 to 84,0.0
20995,2011,E01000865,2011 super output areas - lower layer,298,Age 85 to 89,0.0
20996,2011,E01000865,2011 super output areas - lower layer,298,Age 90 and over,0.0
20997,2011,E01000865,2011 super output areas - lower layer,298,Mean Age,
20998,2011,E01000865,2011 super output areas - lower layer,298,Median Age,0.5
20999,2011,E01000867,2011 super output areas - lower layer,298,All usual residents,1608.0
21000,2011,E01000867,2011 super output areas - lower layer,298,Age 0 to 4,105.0
21001,2011,E01000867,2011 super output areas - lower layer,298,Age 5 to 7,53.0
21002,2011,E01000867,2011 super output areas - lower layer,298,Age 8 to 9,38.0
21003,2011,E01000867,2011 super output areas - lower layer,298,Age 10 to 14,93.0
21004,2011,E01000867,2011 super output areas - lower layer,298,Age 15,18.0
21005,2011,E01000867,2011 super output areas - lower layer,298,Age 16 to 17,23.0
21006,2011,E01000867,2011 super output areas - lower layer,298,Age 18 to 19,46.0
21007,2011,E01000867,2011 super output areas - lower layer,298,Age 20 to 24,221.0
21008,2011,E01000867,2011 super output areas - lower layer,298,Age 25 to 29,217.0
21009,2011,E01000867,2011 super output areas - lower layer,298,Age 30 to 44,397.0
21010,2011,E01000867,2011 super output areas - lower layer,298,Age 45 to 59,185.0
21011,2011,E01000867,2011 super output areas - lower layer,298,Age 60 to 64,59.0
21012,2011,E01000867,2011 super output areas - lower layer,298,Age 65 to 74,77.0
21013,2011,E01000867,2011 super output areas - lower layer,298,Age 75 to 84,51.0
21014,2011,E01000867,2011 super output areas - lower layer,298,Age 85 to 89,15.0
21015,2011,E01000867,2011 super output areas - lower layer,298,Age 90 and over,10.0
21016,2011,E01000867,2011 super output areas - lower layer,298,Mean Age,33.2
21017,2011,E01000867,2011 super output areas - lower layer,298,Median Age,29.0
21018,2011,E01000867,2011 super output areas - lower layer,298,All usual residents,0.0
21019,2011,E01000867,2011 super output areas - lower layer,298,Age 0 to 4,0.0
21020,2011,E01000867,2011 super output areas - lower layer,298,Age 5 to 7,0.0
21021,2011,E01000867,2011 super output areas - lower layer,298,Age 8 to 9,0.0
21022,2011,E01000867,2011 super output areas - lower layer,298,Age 10 to 14,0.0
21023,2011,E01000867,2011 super output areas - lower layer,298,Age 15,0.0
21024,2011,E01000867,2011 super output areas - lower layer,298,Age 16 to 17,0.0
21025,2011,E01000867,2011 super output areas - lower layer,298,Age 18 to 19,0.0
21026,2011,E01000867,2011 super output areas - lower layer,298,Age 20 to 24,0.0
21027,2011,E01000867,2011 super output areas - lower layer,298,Age 25 to 29,0.0
21028,2011,E01000867,2011 super output areas - lower layer,298,Age 30 to 44,0.0
21029,2011,E01000867,2011 super output areas - lower layer,298,Age 45 to 59,0.0
21030,2011,E01000867,2011 super output areas - lower layer,298,Age 60 to 64,0.0
21031,2011,E01000867,2011 super output areas - lower layer,298,Age 65 to 74,0.0
21032,2011,E01000867,2011 super output areas - lower layer,298,Age 75 to 84,0.0
21033,2011,E01000867,2011 super output areas - lower layer,298,Age 85 to 89,0.0
21034,2011,E01000867,2011 super output areas - lower layer,298,Age 90 and over,0.0
21035,2011,E01000867,2011 super output areas - lower layer,298,Mean Age,
21036,2011,E01000867,2011 super output areas - lower layer,298,Median Age,0.5
21037,2011,E01000867,2011 super output areas - lower layer,298,All usual residents,0.0
21038,2011,E01000867,2011 super output areas - lower layer,298,Age 0 to 4,0.0
21039,2011,E01000867,2011 super output areas - lower layer,298,Age 5 to 7,0.0
21040,2011,E01000867,2011 super output areas - lower layer,298,Age 8 to 9,0.0
21041,2011,E01000867,2011 super output areas - lower layer,298,Age 10 to 14,0.0
21042,2011,E01000867,2011 super output areas - lower layer,298,Age 15,0.0
21043,2011,E01000867,2011 super output areas - lower layer,298,Age 16 to 17,0.0
21044,2011,E01000867,2011 super output areas - lower layer,298,Age 18 to 19,0.0
21045,2011,E01000867,2011 super output areas - lower layer,298,Age 20 to 24,0.0
21046,2011,E01000867,2011 super output areas - lower layer,298,Age 25 to 29,0.0
21047,2011,E01000867,2011 super output areas - lower layer,298,Age 30 to 44,0.0
21048,2011,E01000867,2011 super output areas - lower layer,298,Age 45 to 59,0.0
21049,2011,E01000867,2011 super output areas - lower layer,298,Age 60 to 64,0.0
21050,2011,E01000867,2011 super output areas - lower layer,298,Age 65 to 74,0.0
21051,2011,E01000867,2011 super output areas - lower layer,298,Age 75 to 84,0.0
21052,2011,E01000867,2011 super output areas - lower layer,298,Age 85 to 89,0.0
21053,2011,E01000867,2011 super output areas - lower layer,298,Age 90 and over,0.0
21054,2011,E01000867,2011 super output areas - lower layer,298,Mean Age,
21055,2011,E01000867,2011 super output areas - lower layer,298,Median Age,0.5
21056,2011,E01000867,2011 super output areas - lower layer,298,All usual residents,0.0
21057,2011,E01000867,2011 super output areas - lower layer,298,Age 0 to 4,0.0
21058,2011,E01000867,2011 super output areas - lower layer,298,Age 5 to 7,0.0
21059,2011,E01000867,2011 super output areas - lower layer,298,Age 8 to 9,0.0
21060,2011,E01000867,2011 super output areas - lower layer,298,Age 10 to 14,0.0
21061,2011,E01000867,2011 super output areas - lower layer,298,Age 15,0.0
21062,2011,E01000867,2011 super output areas - lower layer,298,Age 16 to 17,0.0
21063,2011,E01000867,2011 super output areas - lower layer,298,Age 18 to 19,0.0
21064,2011,E01000867,2011 super output areas - lower layer,298,Age 20 to 24,0.0
21065,2011,E01000867,2011 super output areas - lower layer,298,Age 25 to 29,0.0
21066,2011,E01000867,2011 super output areas - lower layer,298,Age 30 to 44,0.0
21067,2011,E01000867,2011 super output areas - lower layer,298,Age 45 to 59,0.0
21068,2011,E01000867,2011 super output areas - lower layer,298,Age 60 to 64,0.0
21069,2011,E01000867,2011 super output areas - lower layer,298,Age 65 to 74,0.0
21070,2011,E01000867,2011 super output areas - lower layer,298,Age 75 to 84,0.0
21071,2011,E01000867,2011 super output areas - lower layer,298,Age 85 to 89,0.0
21072,2011,E01000867,2011 super output areas - lower layer,298,Age 90 and over,0.0
21073,2011,E01000867,2011 super output areas - lower layer,298,Mean Age,
21074,2011,E01000867,2011 super output areas - lower layer,298,Median Age,0.5
21075,2011,E01000867,2011 super output areas - lower layer,298,All usual residents,0.0
21076,2011,E01000867,2011 super output areas - lower layer,298,Age 0 to 4,0.0
21077,2011,E01000867,2011 super output areas - lower layer,298,Age 5 to 7,0.0
21078,2011,E01000867,2011 super output areas - lower layer,298,Age 8 to 9,0.0
21079,2011,E01000867,2011 super output areas - lower layer,298,Age 10 to 14,0.0
21080,2011,E01000867,2011 super output areas - lower layer,298,Age 15,0.0
21081,2011,E01000867,2011 super output areas - lower layer,298,Age 16 to 17,0.0
21082,2011,E01000867,2011 super output areas - lower layer,298,Age 18 to 19,0.0
21083,2011,E01000867,2011 super output areas - lower layer,298,Age 20 to 24,0.0
21084,2011,E01000867,2011 super output areas - lower layer,298,Age 25 to 29,0.0
21085,2011,E01000867,2011 super output areas - lower layer,298,Age 30 to 44,0.0
21086,2011,E01000867,2011 super output areas - lower layer,298,Age 45 to 59,0.0
21087,2011,E01000867,2011 super output areas - lower layer,298,Age 60 to 64,0.0
21088,2011,E01000867,2011 super output areas - lower layer,298,Age 65 to 74,0.0
21089,2011,E01000867,2011 super output areas - lower layer,298,Age 75 to 84,0.0
21090,2011,E01000867,2011 super output areas - lower layer,298,Age 85 to 89,0.0
21091,2011,E01000867,2011 super output areas - lower layer,298,Age 90 and over,0.0
21092,2011,E01000867,2011 super output areas - lower layer,298,Mean Age,
21093,2011,E01000867,2011 super output areas - lower layer,298,Median Age,0.5
21094,2011,E01000867,2011 super output areas - lower layer,298,All usual residents,0.0
21095,2011,E01000867,2011 super output areas - lower layer,298,Age 0 to 4,0.0
21096,2011,E01000867,2011 super output areas - lower layer,298,Age 5 to 7,0.0
21097,2011,E01000867,2011 super output areas - lower layer,298,Age 8 to 9,0.0
21098,2011,E01000867,2011 super output areas - lower layer,298,Age 10 to 14,0.0
21099,2011,E01000867,2011 super output areas - lower layer,298,Age 15,0.0
21100,2011,E01000867,2011 super output areas - lower layer,298,Age 16 to 17,0.0
21101,2011,E01000867,2011 super output areas - lower layer,298,Age 18 to 19,0.0
21102,2011,E01000867,2011 super output areas - lower layer,298,Age 20 to 24,0.0
21103,2011,E01000867,2011 super output areas - lower layer,298,Age 25 to 29,0.0
21104,2011,E01000867,2011 super output areas - lower layer,298,Age 30 to 44,0.0
21105,2011,E01000867,2011 super output areas - lower layer,298,Age 45 to 59,0.0
21106,2011,E01000867,2011 super output areas - lower layer,298,Age 60 to 64,0.0
21107,2011,E01000867,2011 super output areas - lower layer,298,Age 65 to 74,0.0
21108,2011,E01000867,2011 super output areas - lower layer,298,Age 75 to 84,0.0
21109,2011,E01000867,2011 super output areas - lower layer,298,Age 85 to 89,0.0
21110,2011,E01000867,2011 super output areas - lower layer,298,Age 90 and over,0.0
21111,2011,E01000867,2011 super output areas - lower layer,298,Mean Age,
21112,2011,E01000867,2011 super output areas - lower layer,298,Median Age,0.5
21113,2011,E01000867,2011 super output areas - lower layer,298,All usual residents,0.0
21114,2011,E01000867,2011 super output areas - lower layer,298,Age 0 to 4,0.0
21115,2011,E01000867,2011 super output areas - lower layer,298,Age 5 to 7,0.0
21116,2011,E01000867,2011 super output areas - lower layer,298,Age 8 to 9,0.0
21117,2011,E01000867,2011 super output areas - lower layer,298,Age 10 to 14,0.0
21118,2011,E01000867,2011 super output areas - lower layer,298,Age 15,0.0
21119,2011,E01000867,2011 super output areas - lower layer,298,Age 16 to 17,0.0
21120,2011,E01000867,2011 super output areas - lower layer,298,Age 18 to 19,0.0
21121,2011,E01000867,2011 super output areas - lower layer,298,Age 20 to 24,0.0
21122,2011,E01000867,2011 super output areas - lower layer,298,Age 25 to 29,0.0
21123,2011,E01000867,2011 super output areas - lower layer,298,Age 30 to 44,0.0
21124,2011,E01000867,2011 super output areas - lower layer,298,Age 45 to 59,0.0
21125,2011,E01000867,2011 super output areas - lower layer,298,Age 60 to 64,0.0
21126,2011,E01000867,2011 super output areas - lower layer,298,Age 65 to 74,0.0
21127,2011,E01000867,2011 super output areas - lower layer,298,Age 75 to 84,0.0
21128,2011,E01000867,2011 super output areas - lower layer,298,Age 85 to 89,0.0
21129,2011,E01000867,2011 super output areas - lower layer,298,Age 90 and over,0.0
21130,2011,E01000867,2011 super output areas - lower layer,298,Mean Age,
21131,2011,E01000867,2011 super output areas - lower layer,298,Median Age,0.5
21132,2011,E01000867,2011 super output areas - lower layer,298,All usual residents,0.0
21133,2011,E01000867,2011 super output areas - lower layer,298,Age 0 to 4,0.0
21134,2011,E01000867,2011 super output areas - lower layer,298,Age 5 to 7,0.0
21135,2011,E01000867,2011 super output areas - lower layer,298,Age 8 to 9,0.0
21136,2011,E01000867,2011 super output areas - lower layer,298,Age 10 to 14,0.0
21137,2011,E01000867,2011 super output areas - lower layer,298,Age 15,0.0
21138,2011,E01000867,2011 super output areas - lower layer,298,Age 16 to 17,0.0
21139,2011,E01000867,2011 super output areas - lower layer,298,Age 18 to 19,0.0
21140,2011,E01000867,2011 super output areas - lower layer,298,Age 20 to 24,0.0
21141,2011,E01000867,2011 super output areas - lower layer,298,Age 25 to 29,0.0
21142,2011,E01000867,2011 super output areas - lower layer,298,Age 30 to 44,0.0
21143,2011,E01000867,2011 super output areas - lower layer,298,Age 45 to 59,0.0
21144,2011,E01000867,2011 super output areas - lower layer,298,Age 60 to 64,0.0
21145,2011,E01000867,2011 super output areas - lower layer,298,Age 65 to 74,0.0
21146,2011,E01000867,2011 super output areas - lower layer,298,Age 75 to 84,0.0
21147,2011,E01000867,2011 super output areas - lower layer,298,Age 85 to 89,0.0
21148,2011,E01000867,2011 super output areas - lower layer,298,Age 90 and over,0.0
21149,2011,E01000867,2011 super output areas - lower layer,298,Mean Age,
21150,2011,E01000867,2011 super output areas - lower layer,298,Median Age,0.5
21151,2011,E01000867,2011 super output areas - lower layer,298,All usual residents,0.0
21152,2011,E01000867,2011 super output areas - lower layer,298,Age 0 to 4,0.0
21153,2011,E01000867,2011 super output areas - lower layer,298,Age 5 to 7,0.0
21154,2011,E01000867,2011 super output areas - lower layer,298,Age 8 to 9,0.0
21155,2011,E01000867,2011 super output areas - lower layer,298,Age 10 to 14,0.0
21156,2011,E01000867,2011 super output areas - lower layer,298,Age 15,0.0
21157,2011,E01000867,2011 super output areas - lower layer,298,Age 16 to 17,0.0
21158,2011,E01000867,2011 super output areas - lower layer,298,Age 18 to 19,0.0
21159,2011,E01000867,2011 super output areas - lower layer,298,Age 20 to 24,0.0
21160,2011,E01000867,2011 super output areas - lower layer,298,Age 25 to 29,0.0
21161,2011,E01000867,2011 super output areas - lower layer,298,Age 30 to 44,0.0
21162,2011,E01000867,2011 super output areas - lower layer,298,Age 45 to 59,0.0
21163,2011,E01000867,2011 super output areas - lower layer,298,Age 60 to 64,0.0
21164,2011,E01000867,2011 super output areas - lower layer,298,Age 65 to 74,0.0
21165,2011,E01000867,2011 super output areas - lower layer,298,Age 75 to 84,0.0
21166,2011,E01000867,2011 super output areas - lower layer,298,Age 85 to 89,0.0
21167,2011,E01000867,2011 super output areas - lower layer,298,Age 90 and over,0.0
21168,2011,E01000867,2011 super output areas - lower layer,298,Mean Age,
21169,2011,E01000867,2011 super output areas - lower layer,298,Median Age,0.5
21170,2011,E01000867,2011 super output areas - lower layer,298,All usual residents,0.0
21171,2011,E01000867,2011 super output areas - lower layer,298,Age 0 to 4,0.0
21172,2011,E01000867,2011 super output areas - lower layer,298,Age 5 to 7,0.0
21173,2011,E01000867,2011 super output areas - lower layer,298,Age 8 to 9,0.0
21174,2011,E01000867,2011 super output areas - lower layer,298,Age 10 to 14,0.0
21175,2011,E01000867,2011 super output areas - lower layer,298,Age 15,0.0
21176,2011,E01000867,2011 super output areas - lower layer,298,Age 16 to 17,0.0
21177,2011,E01000867,2011 super output areas - lower layer,298,Age 18 to 19,0.0
21178,2011,E01000867,2011 super output areas - lower layer,298,Age 20 to 24,0.0
21179,2011,E01000867,2011 super output areas - lower layer,298,Age 25 to 29,0.0
21180,2011,E01000867,2011 super output areas - lower layer,298,Age 30 to 44,0.0
21181,2011,E01000867,2011 super output areas - lower layer,298,Age 45 to 59,0.0
21182,2011,E01000867,2011 super output areas - lower layer,298,Age 60 to 64,0.0
21183,2011,E01000867,2011 super output areas - lower layer,298,Age 65 to 74,0.0
21184,2011,E01000867,2011 super output areas - lower layer,298,Age 75 to 84,0.0
21185,2011,E01000867,2011 super output areas - lower layer,298,Age 85 to 89,0.0
21186,2011,E01000867,2011 super output areas - lower layer,298,Age 90 and over,0.0
21187,2011,E01000867,2011 super output areas - lower layer,298,Mean Age,
21188,2011,E01000867,2011 super output areas - lower layer,298,Median Age,0.5
21189,2011,E01000867,2011 super output areas - lower layer,298,All usual residents,0.0
21190,2011,E01000867,2011 super output areas - lower layer,298,Age 0 to 4,0.0
21191,2011,E01000867,2011 super output areas - lower layer,298,Age 5 to 7,0.0
21192,2011,E01000867,2011 super output areas - lower layer,298,Age 8 to 9,0.0
21193,2011,E01000867,2011 super output areas - lower layer,298,Age 10 to 14,0.0
21194,2011,E01000867,2011 super output areas - lower layer,298,Age 15,0.0
21195,2011,E01000867,2011 super output areas - lower layer,298,Age 16 to 17,0.0
21196,2011,E01000867,2011 super output areas - lower layer,298,Age 18 to 19,0.0
21197,2011,E01000867,2011 super output areas - lower layer,298,Age 20 to 24,0.0
21198,2011,E01000867,2011 super output areas - lower layer,298,Age 25 to 29,0.0
21199,2011,E01000867,2011 super output areas - lower layer,298,Age 30 to 44,0.0
21200,2011,E01000867,2011 super output areas - lower layer,298,Age 45 to 59,0.0
21201,2011,E01000867,2011 super output areas - lower layer,298,Age 60 to 64,0.0
21202,2011,E01000867,2011 super output areas - lower layer,298,Age 65 to 74,0.0
21203,2011,E01000867,2011 super output areas - lower layer,298,Age 75 to 84,0.0
21204,2011,E01000867,2011 super output areas - lower layer,298,Age 85 to 89,0.0
21205,2011,E01000867,2011 super output areas - lower layer,298,Age 90 and over,0.0
21206,2011,E01000867,2011 super output areas - lower layer,298,Mean Age,
21207,2011,E01000867,2011 super output areas - lower layer,298,Median Age,0.5
21208,2011,E01000867,2011 super output areas - lower layer,298,All usual residents,0.0
21209,2011,E01000867,2011 super output areas - lower layer,298,Age 0 to 4,0.0
21210,2011,E01000867,2011 super output areas - lower layer,298,Age 5 to 7,0.0
21211,2011,E01000867,2011 super output areas - lower layer,298,Age 8 to 9,0.0
21212,2011,E01000867,2011 super output areas - lower layer,298,Age 10 to 14,0.0
21213,2011,E01000867,2011 super output areas - lower layer,298,Age 15,0.0
21214,2011,E01000867,2011 super output areas - lower layer,298,Age 16 to 17,0.0
21215,2011,E01000867,2011 super output areas - lower layer,298,Age 18 to 19,0.0
21216,2011,E01000867,2011 super output areas - lower layer,298,Age 20 to 24,0.0
21217,2011,E01000867,2011 super output areas - lower layer,298,Age 25 to 29,0.0
21218,2011,E01000867,2011 super output areas - lower layer,298,Age 30 to 44,0.0
21219,2011,E01000867,2011 super output areas - lower layer,298,Age 45 to 59,0.0
21220,2011,E01000867,2011 super output areas - lower layer,298,Age 60 to 64,0.0
21221,2011,E01000867,2011 super output areas - lower layer,298,Age 65 to 74,0.0
21222,2011,E01000867,2011 super output areas - lower layer,298,Age 75 to 84,0.0
21223,2011,E01000867,2011 super output areas - lower layer,298,Age 85 to 89,0.0
21224,2011,E01000867,2011 super output areas - lower layer,298,Age 90 and over,0.0
21225,2011,E01000867,2011 super output areas - lower layer,298,Mean Age,
21226,2011,E01000867,2011 super output areas - lower layer,298,Median Age,0.5
21227,2011,E01000867,2011 super output areas - lower layer,298,All usual residents,0.0
21228,2011,E01000867,2011 super output areas - lower layer,298,Age 0 to 4,0.0
21229,2011,E01000867,2011 super output areas - lower layer,298,Age 5 to 7,0.0
21230,2011,E01000867,2011 super output areas - lower layer,298,Age 8 to 9,0.0
21231,2011,E01000867,2011 super output areas - lower layer,298,Age 10 to 14,0.0
21232,2011,E01000867,2011 super output areas - lower layer,298,Age 15,0.0
21233,2011,E01000867,2011 super output areas - lower layer,298,Age 16 to 17,0.0
21234,2011,E01000867,2011 super output areas - lower layer,298,Age 18 to 19,0.0
21235,2011,E01000867,2011 super output areas - lower layer,298,Age 20 to 24,0.0
21236,2011,E01000867,2011 super output areas - lower layer,298,Age 25 to 29,0.0
21237,2011,E01000867,2011 super output areas - lower layer,298,Age 30 to 44,0.0
21238,2011,E01000867,2011 super output areas - lower layer,298,Age 45 to 59,0.0
21239,2011,E01000867,2011 super output areas - lower layer,298,Age 60 to 64,0.0
21240,2011,E01000867,2011 super output areas - lower layer,298,Age 65 to 74,0.0
21241,2011,E01000867,2011 super output areas - lower layer,298,Age 75 to 84,0.0
21242,2011,E01000867,2011 super output areas - lower layer,298,Age 85 to 89,0.0
21243,2011,E01000867,2011 super output areas - lower layer,298,Age 90 and over,0.0
21244,2011,E01000867,2011 super output areas - lower layer,298,Mean Age,
21245,2011,E01000867,2011 super output areas - lower layer,298,Median Age,0.5
21246,2011,E01000868,2011 super output areas - lower layer,298,All usual residents,1442.0
21247,2011,E01000868,2011 super output areas - lower layer,298,Age 0 to 4,142.0
21248,2011,E01000868,2011 super output areas - lower layer,298,Age 5 to 7,68.0
21249,2011,E01000868,2011 super output areas - lower layer,298,Age 8 to 9,41.0
21250,2011,E01000868,2011 super output areas - lower layer,298,Age 10 to 14,124.0
21251,2011,E01000868,2011 super output areas - lower layer,298,Age 15,18.0
21252,2011,E01000868,2011 super output areas - lower layer,298,Age 16 to 17,22.0
21253,2011,E01000868,2011 super output areas - lower layer,298,Age 18 to 19,30.0
21254,2011,E01000868,2011 super output areas - lower layer,298,Age 20 to 24,81.0
21255,2011,E01000868,2011 super output areas - lower layer,298,Age 25 to 29,143.0
21256,2011,E01000868,2011 super output areas - lower layer,298,Age 30 to 44,372.0
21257,2011,E01000868,2011 super output areas - lower layer,298,Age 45 to 59,251.0
21258,2011,E01000868,2011 super output areas - lower layer,298,Age 60 to 64,61.0
21259,2011,E01000868,2011 super output areas - lower layer,298,Age 65 to 74,54.0
21260,2011,E01000868,2011 super output areas - lower layer,298,Age 75 to 84,33.0
21261,2011,E01000868,2011 super output areas - lower layer,298,Age 85 to 89,0.0
21262,2011,E01000868,2011 super output areas - lower layer,298,Age 90 and over,2.0
21263,2011,E01000868,2011 super output areas - lower layer,298,Mean Age,32.0
21264,2011,E01000868,2011 super output areas - lower layer,298,Median Age,31.0
21265,2011,E01000868,2011 super output areas - lower layer,298,All usual residents,0.0
21266,2011,E01000868,2011 super output areas - lower layer,298,Age 0 to 4,0.0
21267,2011,E01000868,2011 super output areas - lower layer,298,Age 5 to 7,0.0
21268,2011,E01000868,2011 super output areas - lower layer,298,Age 8 to 9,0.0
21269,2011,E01000868,2011 super output areas - lower layer,298,Age 10 to 14,0.0
21270,2011,E01000868,2011 super output areas - lower layer,298,Age 15,0.0
21271,2011,E01000868,2011 super output areas - lower layer,298,Age 16 to 17,0.0
21272,2011,E01000868,2011 super output areas - lower layer,298,Age 18 to 19,0.0
21273,2011,E01000868,2011 super output areas - lower layer,298,Age 20 to 24,0.0
21274,2011,E01000868,2011 super output areas - lower layer,298,Age 25 to 29,0.0
21275,2011,E01000868,2011 super output areas - lower layer,298,Age 30 to 44,0.0
21276,2011,E01000868,2011 super output areas - lower layer,298,Age 45 to 59,0.0
21277,2011,E01000868,2011 super output areas - lower layer,298,Age 60 to 64,0.0
21278,2011,E01000868,2011 super output areas - lower layer,298,Age 65 to 74,0.0
21279,2011,E01000868,2011 super output areas - lower layer,298,Age 75 to 84,0.0
21280,2011,E01000868,2011 super output areas - lower layer,298,Age 85 to 89,0.0
21281,2011,E01000868,2011 super output areas - lower layer,298,Age 90 and over,0.0
21282,2011,E01000868,2011 super output areas - lower layer,298,Mean Age,
21283,2011,E01000868,2011 super output areas - lower layer,298,Median Age,0.5
21284,2011,E01000868,2011 super output areas - lower layer,298,All usual residents,0.0
21285,2011,E01000868,2011 super output areas - lower layer,298,Age 0 to 4,0.0
21286,2011,E01000868,2011 super output areas - lower layer,298,Age 5 to 7,0.0
21287,2011,E01000868,2011 super output areas - lower layer,298,Age 8 to 9,0.0
21288,2011,E01000868,2011 super output areas - lower layer,298,Age 10 to 14,0.0
21289,2011,E01000868,2011 super output areas - lower layer,298,Age 15,0.0
21290,2011,E01000868,2011 super output areas - lower layer,298,Age 16 to 17,0.0
21291,2011,E01000868,2011 super output areas - lower layer,298,Age 18 to 19,0.0
21292,2011,E01000868,2011 super output areas - lower layer,298,Age 20 to 24,0.0
21293,2011,E01000868,2011 super output areas - lower layer,298,Age 25 to 29,0.0
21294,2011,E01000868,2011 super output areas - lower layer,298,Age 30 to 44,0.0
21295,2011,E01000868,2011 super output areas - lower layer,298,Age 45 to 59,0.0
21296,2011,E01000868,2011 super output areas - lower layer,298,Age 60 to 64,0.0
21297,2011,E01000868,2011 super output areas - lower layer,298,Age 65 to 74,0.0
21298,2011,E01000868,2011 super output areas - lower layer,298,Age 75 to 84,0.0
21299,2011,E01000868,2011 super output areas - lower layer,298,Age 85 to 89,0.0
21300,2011,E01000868,2011 super output areas - lower layer,298,Age 90 and over,0.0
21301,2011,E01000868,2011 super output areas - lower layer,298,Mean Age,
21302,2011,E01000868,2011 super output areas - lower layer,298,Median Age,0.5
21303,2011,E01000868,2011 super output areas - lower layer,298,All usual residents,0.0
21304,2011,E01000868,2011 super output areas - lower layer,298,Age 0 to 4,0.0
21305,2011,E01000868,2011 super output areas - lower layer,298,Age 5 to 7,0.0
21306,2011,E01000868,2011 super output areas - lower layer,298,Age 8 to 9,0.0
21307,2011,E01000868,2011 super output areas - lower layer,298,Age 10 to 14,0.0
21308,2011,E01000868,2011 super output areas - lower layer,298,Age 15,0.0
21309,2011,E01000868,2011 super output areas - lower layer,298,Age 16 to 17,0.0
21310,2011,E01000868,2011 super output areas - lower layer,298,Age 18 to 19,0.0
21311,2011,E01000868,2011 super output areas - lower layer,298,Age 20 to 24,0.0
21312,2011,E01000868,2011 super output areas - lower layer,298,Age 25 to 29,0.0
21313,2011,E01000868,2011 super output areas - lower layer,298,Age 30 to 44,0.0
21314,2011,E01000868,2011 super output areas - lower layer,298,Age 45 to 59,0.0
21315,2011,E01000868,2011 super output areas - lower layer,298,Age 60 to 64,0.0
21316,2011,E01000868,2011 super output areas - lower layer,298,Age 65 to 74,0.0
21317,2011,E01000868,2011 super output areas - lower layer,298,Age 75 to 84,0.0
21318,2011,E01000868,2011 super output areas - lower layer,298,Age 85 to 89,0.0
21319,2011,E01000868,2011 super output areas - lower layer,298,Age 90 and over,0.0
21320,2011,E01000868,2011 super output areas - lower layer,298,Mean Age,
21321,2011,E01000868,2011 super output areas - lower layer,298,Median Age,0.5
21322,2011,E01000868,2011 super output areas - lower layer,298,All usual residents,0.0
21323,2011,E01000868,2011 super output areas - lower layer,298,Age 0 to 4,0.0
21324,2011,E01000868,2011 super output areas - lower layer,298,Age 5 to 7,0.0
21325,2011,E01000868,2011 super output areas - lower layer,298,Age 8 to 9,0.0
21326,2011,E01000868,2011 super output areas - lower layer,298,Age 10 to 14,0.0
21327,2011,E01000868,2011 super output areas - lower layer,298,Age 15,0.0
21328,2011,E01000868,2011 super output areas - lower layer,298,Age 16 to 17,0.0
21329,2011,E01000868,2011 super output areas - lower layer,298,Age 18 to 19,0.0
21330,2011,E01000868,2011 super output areas - lower layer,298,Age 20 to 24,0.0
21331,2011,E01000868,2011 super output areas - lower layer,298,Age 25 to 29,0.0
21332,2011,E01000868,2011 super output areas - lower layer,298,Age 30 to 44,0.0
21333,2011,E01000868,2011 super output areas - lower layer,298,Age 45 to 59,0.0
21334,2011,E01000868,2011 super output areas - lower layer,298,Age 60 to 64,0.0
21335,2011,E01000868,2011 super output areas - lower layer,298,Age 65 to 74,0.0
21336,2011,E01000868,2011 super output areas - lower layer,298,Age 75 to 84,0.0
21337,2011,E01000868,2011 super output areas - lower layer,298,Age 85 to 89,0.0
21338,2011,E01000868,2011 super output areas - lower layer,298,Age 90 and over,0.0
21339,2011,E01000868,2011 super output areas - lower layer,298,Mean Age,
21340,2011,E01000868,2011 super output areas - lower layer,298,Median Age,0.5
21341,2011,E01000868,2011 super output areas - lower layer,298,All usual residents,0.0
21342,2011,E01000868,2011 super output areas - lower layer,298,Age 0 to 4,0.0
21343,2011,E01000868,2011 super output areas - lower layer,298,Age 5 to 7,0.0
21344,2011,E01000868,2011 super output areas - lower layer,298,Age 8 to 9,0.0
21345,2011,E01000868,2011 super output areas - lower layer,298,Age 10 to 14,0.0
21346,2011,E01000868,2011 super output areas - lower layer,298,Age 15,0.0
21347,2011,E01000868,2011 super output areas - lower layer,298,Age 16 to 17,0.0
21348,2011,E01000868,2011 super output areas - lower layer,298,Age 18 to 19,0.0
21349,2011,E01000868,2011 super output areas - lower layer,298,Age 20 to 24,0.0
21350,2011,E01000868,2011 super output areas - lower layer,298,Age 25 to 29,0.0
21351,2011,E01000868,2011 super output areas - lower layer,298,Age 30 to 44,0.0
21352,2011,E01000868,2011 super output areas - lower layer,298,Age 45 to 59,0.0
21353,2011,E01000868,2011 super output areas - lower layer,298,Age 60 to 64,0.0
21354,2011,E01000868,2011 super output areas - lower layer,298,Age 65 to 74,0.0
21355,2011,E01000868,2011 super output areas - lower layer,298,Age 75 to 84,0.0
21356,2011,E01000868,2011 super output areas - lower layer,298,Age 85 to 89,0.0
21357,2011,E01000868,2011 super output areas - lower layer,298,Age 90 and over,0.0
21358,2011,E01000868,2011 super output areas - lower layer,298,Mean Age,
21359,2011,E01000868,2011 super output areas - lower layer,298,Median Age,0.5
21360,2011,E01000868,2011 super output areas - lower layer,298,All usual residents,0.0
21361,2011,E01000868,2011 super output areas - lower layer,298,Age 0 to 4,0.0
21362,2011,E01000868,2011 super output areas - lower layer,298,Age 5 to 7,0.0
21363,2011,E01000868,2011 super output areas - lower layer,298,Age 8 to 9,0.0
21364,2011,E01000868,2011 super output areas - lower layer,298,Age 10 to 14,0.0
21365,2011,E01000868,2011 super output areas - lower layer,298,Age 15,0.0
21366,2011,E01000868,2011 super output areas - lower layer,298,Age 16 to 17,0.0
21367,2011,E01000868,2011 super output areas - lower layer,298,Age 18 to 19,0.0
21368,2011,E01000868,2011 super output areas - lower layer,298,Age 20 to 24,0.0
21369,2011,E01000868,2011 super output areas - lower layer,298,Age 25 to 29,0.0
21370,2011,E01000868,2011 super output areas - lower layer,298,Age 30 to 44,0.0
21371,2011,E01000868,2011 super output areas - lower layer,298,Age 45 to 59,0.0
21372,2011,E01000868,2011 super output areas - lower layer,298,Age 60 to 64,0.0
21373,2011,E01000868,2011 super output areas - lower layer,298,Age 65 to 74,0.0
21374,2011,E01000868,2011 super output areas - lower layer,298,Age 75 to 84,0.0
21375,2011,E01000868,2011 super output areas - lower layer,298,Age 85 to 89,0.0
21376,2011,E01000868,2011 super output areas - lower layer,298,Age 90 and over,0.0
21377,2011,E01000868,2011 super output areas - lower layer,298,Mean Age,
21378,2011,E01000868,2011 super output areas - lower layer,298,Median Age,0.5
21379,2011,E01000868,2011 super output areas - lower layer,298,All usual residents,0.0
21380,2011,E01000868,2011 super output areas - lower layer,298,Age 0 to 4,0.0
21381,2011,E01000868,2011 super output areas - lower layer,298,Age 5 to 7,0.0
21382,2011,E01000868,2011 super output areas - lower layer,298,Age 8 to 9,0.0
21383,2011,E01000868,2011 super output areas - lower layer,298,Age 10 to 14,0.0
21384,2011,E01000868,2011 super output areas - lower layer,298,Age 15,0.0
21385,2011,E01000868,2011 super output areas - lower layer,298,Age 16 to 17,0.0
21386,2011,E01000868,2011 super output areas - lower layer,298,Age 18 to 19,0.0
21387,2011,E01000868,2011 super output areas - lower layer,298,Age 20 to 24,0.0
21388,2011,E01000868,2011 super output areas - lower layer,298,Age 25 to 29,0.0
21389,2011,E01000868,2011 super output areas - lower layer,298,Age 30 to 44,0.0
21390,2011,E01000868,2011 super output areas - lower layer,298,Age 45 to 59,0.0
21391,2011,E01000868,2011 super output areas - lower layer,298,Age 60 to 64,0.0
21392,2011,E01000868,2011 super output areas - lower layer,298,Age 65 to 74,0.0
21393,2011,E01000868,2011 super output areas - lower layer,298,Age 75 to 84,0.0
21394,2011,E01000868,2011 super output areas - lower layer,298,Age 85 to 89,0.0
21395,2011,E01000868,2011 super output areas - lower layer,298,Age 90 and over,0.0
21396,2011,E01000868,2011 super output areas - lower layer,298,Mean Age,
21397,2011,E01000868,2011 super output areas - lower layer,298,Median Age,0.5
21398,2011,E01000868,2011 super output areas - lower layer,298,All usual residents,0.0
21399,2011,E01000868,2011 super output areas - lower layer,298,Age 0 to 4,0.0
21400,2011,E01000868,2011 super output areas - lower layer,298,Age 5 to 7,0.0
21401,2011,E01000868,2011 super output areas - lower layer,298,Age 8 to 9,0.0
21402,2011,E01000868,2011 super output areas - lower layer,298,Age 10 to 14,0.0
21403,2011,E01000868,2011 super output areas - lower layer,298,Age 15,0.0
21404,2011,E01000868,2011 super output areas - lower layer,298,Age 16 to 17,0.0
21405,2011,E01000868,2011 super output areas - lower layer,298,Age 18 to 19,0.0
21406,2011,E01000868,2011 super output areas - lower layer,298,Age 20 to 24,0.0
21407,2011,E01000868,2011 super output areas - lower layer,298,Age 25 to 29,0.0
21408,2011,E01000868,2011 super output areas - lower layer,298,Age 30 to 44,0.0
21409,2011,E01000868,2011 super output areas - lower layer,298,Age 45 to 59,0.0
21410,2011,E01000868,2011 super output areas - lower layer,298,Age 60 to 64,0.0
21411,2011,E01000868,2011 super output areas - lower layer,298,Age 65 to 74,0.0
21412,2011,E01000868,2011 super output areas - lower layer,298,Age 75 to 84,0.0
21413,2011,E01000868,2011 super output areas - lower layer,298,Age 85 to 89,0.0
21414,2011,E01000868,2011 super output areas - lower layer,298,Age 90 and over,0.0
21415,2011,E01000868,2011 super output areas - lower layer,298,Mean Age,
21416,2011,E01000868,2011 super output areas - lower layer,298,Median Age,0.5
21417,2011,E01000868,2011 super output areas - lower layer,298,All usual residents,0.0
21418,2011,E01000868,2011 super output areas - lower layer,298,Age 0 to 4,0.0
21419,2011,E01000868,2011 super output areas - lower layer,298,Age 5 to 7,0.0
21420,2011,E01000868,2011 super output areas - lower layer,298,Age 8 to 9,0.0
21421,2011,E01000868,2011 super output areas - lower layer,298,Age 10 to 14,0.0
21422,2011,E01000868,2011 super output areas - lower layer,298,Age 15,0.0
21423,2011,E01000868,2011 super output areas - lower layer,298,Age 16 to 17,0.0
21424,2011,E01000868,2011 super output areas - lower layer,298,Age 18 to 19,0.0
21425,2011,E01000868,2011 super output areas - lower layer,298,Age 20 to 24,0.0
21426,2011,E01000868,2011 super output areas - lower layer,298,Age 25 to 29,0.0
21427,2011,E01000868,2011 super output areas - lower layer,298,Age 30 to 44,0.0
21428,2011,E01000868,2011 super output areas - lower layer,298,Age 45 to 59,0.0
21429,2011,E01000868,2011 super output areas - lower layer,298,Age 60 to 64,0.0
21430,2011,E01000868,2011 super output areas - lower layer,298,Age 65 to 74,0.0
21431,2011,E01000868,2011 super output areas - lower layer,298,Age 75 to 84,0.0
21432,2011,E01000868,2011 super output areas - lower layer,298,Age 85 to 89,0.0
21433,2011,E01000868,2011 super output areas - lower layer,298,Age 90 and over,0.0
21434,2011,E01000868,2011 super output areas - lower layer,298,Mean Age,
21435,2011,E01000868,2011 super output areas - lower layer,298,Median Age,0.5
21436,2011,E01000868,2011 super output areas - lower layer,298,All usual residents,0.0
21437,2011,E01000868,2011 super output areas - lower layer,298,Age 0 to 4,0.0
21438,2011,E01000868,2011 super output areas - lower layer,298,Age 5 to 7,0.0
21439,2011,E01000868,2011 super output areas - lower layer,298,Age 8 to 9,0.0
21440,2011,E01000868,2011 super output areas - lower layer,298,Age 10 to 14,0.0
21441,2011,E01000868,2011 super output areas - lower layer,298,Age 15,0.0
21442,2011,E01000868,2011 super output areas - lower layer,298,Age 16 to 17,0.0
21443,2011,E01000868,2011 super output areas - lower layer,298,Age 18 to 19,0.0
21444,2011,E01000868,2011 super output areas - lower layer,298,Age 20 to 24,0.0
21445,2011,E01000868,2011 super output areas - lower layer,298,Age 25 to 29,0.0
21446,2011,E01000868,2011 super output areas - lower layer,298,Age 30 to 44,0.0
21447,2011,E01000868,2011 super output areas - lower layer,298,Age 45 to 59,0.0
21448,2011,E01000868,2011 super output areas - lower layer,298,Age 60 to 64,0.0
21449,2011,E01000868,2011 super output areas - lower layer,298,Age 65 to 74,0.0
21450,2011,E01000868,2011 super output areas - lower layer,298,Age 75 to 84,0.0
21451,2011,E01000868,2011 super output areas - lower layer,298,Age 85 to 89,0.0
21452,2011,E01000868,2011 super output areas - lower layer,298,Age 90 and over,0.0
21453,2011,E01000868,2011 super output areas - lower layer,298,Mean Age,
21454,2011,E01000868,2011 super output areas - lower layer,298,Median Age,0.5
21455,2011,E01000868,2011 super output areas - lower layer,298,All usual residents,0.0
21456,2011,E01000868,2011 super output areas - lower layer,298,Age 0 to 4,0.0
21457,2011,E01000868,2011 super output areas - lower layer,298,Age 5 to 7,0.0
21458,2011,E01000868,2011 super output areas - lower layer,298,Age 8 to 9,0.0
21459,2011,E01000868,2011 super output areas - lower layer,298,Age 10 to 14,0.0
21460,2011,E01000868,2011 super output areas - lower layer,298,Age 15,0.0
21461,2011,E01000868,2011 super output areas - lower layer,298,Age 16 to 17,0.0
21462,2011,E01000868,2011 super output areas - lower layer,298,Age 18 to 19,0.0
21463,2011,E01000868,2011 super output areas - lower layer,298,Age 20 to 24,0.0
21464,2011,E01000868,2011 super output areas - lower layer,298,Age 25 to 29,0.0
21465,2011,E01000868,2011 super output areas - lower layer,298,Age 30 to 44,0.0
21466,2011,E01000868,2011 super output areas - lower layer,298,Age 45 to 59,0.0
21467,2011,E01000868,2011 super output areas - lower layer,298,Age 60 to 64,0.0
21468,2011,E01000868,2011 super output areas - lower layer,298,Age 65 to 74,0.0
21469,2011,E01000868,2011 super output areas - lower layer,298,Age 75 to 84,0.0
21470,2011,E01000868,2011 super output areas - lower layer,298,Age 85 to 89,0.0
21471,2011,E01000868,2011 super output areas - lower layer,298,Age 90 and over,0.0
21472,2011,E01000868,2011 super output areas - lower layer,298,Mean Age,
21473,2011,E01000868,2011 super output areas - lower layer,298,Median Age,0.5
21474,2011,E01000868,2011 super output areas - lower layer,298,All usual residents,0.0
21475,2011,E01000868,2011 super output areas - lower layer,298,Age 0 to 4,0.0
21476,2011,E01000868,2011 super output areas - lower layer,298,Age 5 to 7,0.0
21477,2011,E01000868,2011 super output areas - lower layer,298,Age 8 to 9,0.0
21478,2011,E01000868,2011 super output areas - lower layer,298,Age 10 to 14,0.0
21479,2011,E01000868,2011 super output areas - lower layer,298,Age 15,0.0
21480,2011,E01000868,2011 super output areas - lower layer,298,Age 16 to 17,0.0
21481,2011,E01000868,2011 super output areas - lower layer,298,Age 18 to 19,0.0
21482,2011,E01000868,2011 super output areas - lower layer,298,Age 20 to 24,0.0
21483,2011,E01000868,2011 super output areas - lower layer,298,Age 25 to 29,0.0
21484,2011,E01000868,2011 super output areas - lower layer,298,Age 30 to 44,0.0
21485,2011,E01000868,2011 super output areas - lower layer,298,Age 45 to 59,0.0
21486,2011,E01000868,2011 super output areas - lower layer,298,Age 60 to 64,0.0
21487,2011,E01000868,2011 super output areas - lower layer,298,Age 65 to 74,0.0
21488,2011,E01000868,2011 super output areas - lower layer,298,Age 75 to 84,0.0
21489,2011,E01000868,2011 super output areas - lower layer,298,Age 85 to 89,0.0
21490,2011,E01000868,2011 super output areas - lower layer,298,Age 90 and over,0.0
21491,2011,E01000868,2011 super output areas - lower layer,298,Mean Age,
21492,2011,E01000868,2011 super output areas - lower layer,298,Median Age,0.5
21493,2011,E01000869,2011 super output areas - lower layer,298,All usual residents,2110.0
21494,2011,E01000869,2011 super output areas - lower layer,298,Age 0 to 4,123.0
21495,2011,E01000869,2011 super output areas - lower layer,298,Age 5 to 7,49.0
21496,2011,E01000869,2011 super output areas - lower layer,298,Age 8 to 9,31.0
21497,2011,E01000869,2011 super output areas - lower layer,298,Age 10 to 14,82.0
21498,2011,E01000869,2011 super output areas - lower layer,298,Age 15,20.0
21499,2011,E01000869,2011 super output areas - lower layer,298,Age 16 to 17,29.0
21500,2011,E01000869,2011 super output areas - lower layer,298,Age 18 to 19,50.0
21501,2011,E01000869,2011 super output areas - lower layer,298,Age 20 to 24,292.0
21502,2011,E01000869,2011 super output areas - lower layer,298,Age 25 to 29,291.0
21503,2011,E01000869,2011 super output areas - lower layer,298,Age 30 to 44,594.0
21504,2011,E01000869,2011 super output areas - lower layer,298,Age 45 to 59,270.0
21505,2011,E01000869,2011 super output areas - lower layer,298,Age 60 to 64,90.0
21506,2011,E01000869,2011 super output areas - lower layer,298,Age 65 to 74,117.0
21507,2011,E01000869,2011 super output areas - lower layer,298,Age 75 to 84,58.0
21508,2011,E01000869,2011 super output areas - lower layer,298,Age 85 to 89,10.0
21509,2011,E01000869,2011 super output areas - lower layer,298,Age 90 and over,4.0
21510,2011,E01000869,2011 super output areas - lower layer,298,Mean Age,34.3
21511,2011,E01000869,2011 super output areas - lower layer,298,Median Age,31.0
21512,2011,E01000869,2011 super output areas - lower layer,298,All usual residents,0.0
21513,2011,E01000869,2011 super output areas - lower layer,298,Age 0 to 4,0.0
21514,2011,E01000869,2011 super output areas - lower layer,298,Age 5 to 7,0.0
21515,2011,E01000869,2011 super output areas - lower layer,298,Age 8 to 9,0.0
21516,2011,E01000869,2011 super output areas - lower layer,298,Age 10 to 14,0.0
21517,2011,E01000869,2011 super output areas - lower layer,298,Age 15,0.0
21518,2011,E01000869,2011 super output areas - lower layer,298,Age 16 to 17,0.0
21519,2011,E01000869,2011 super output areas - lower layer,298,Age 18 to 19,0.0
21520,2011,E01000869,2011 super output areas - lower layer,298,Age 20 to 24,0.0
21521,2011,E01000869,2011 super output areas - lower layer,298,Age 25 to 29,0.0
21522,2011,E01000869,2011 super output areas - lower layer,298,Age 30 to 44,0.0
21523,2011,E01000869,2011 super output areas - lower layer,298,Age 45 to 59,0.0
21524,2011,E01000869,2011 super output areas - lower layer,298,Age 60 to 64,0.0
21525,2011,E01000869,2011 super output areas - lower layer,298,Age 65 to 74,0.0
21526,2011,E01000869,2011 super output areas - lower layer,298,Age 75 to 84,0.0
21527,2011,E01000869,2011 super output areas - lower layer,298,Age 85 to 89,0.0
21528,2011,E01000869,2011 super output areas - lower layer,298,Age 90 and over,0.0
21529,2011,E01000869,2011 super output areas - lower layer,298,Mean Age,
21530,2011,E01000869,2011 super output areas - lower layer,298,Median Age,0.5
21531,2011,E01000869,2011 super output areas - lower layer,298,All usual residents,0.0
21532,2011,E01000869,2011 super output areas - lower layer,298,Age 0 to 4,0.0
21533,2011,E01000869,2011 super output areas - lower layer,298,Age 5 to 7,0.0
21534,2011,E01000869,2011 super output areas - lower layer,298,Age 8 to 9,0.0
21535,2011,E01000869,2011 super output areas - lower layer,298,Age 10 to 14,0.0
21536,2011,E01000869,2011 super output areas - lower layer,298,Age 15,0.0
21537,2011,E01000869,2011 super output areas - lower layer,298,Age 16 to 17,0.0
21538,2011,E01000869,2011 super output areas - lower layer,298,Age 18 to 19,0.0
21539,2011,E01000869,2011 super output areas - lower layer,298,Age 20 to 24,0.0
21540,2011,E01000869,2011 super output areas - lower layer,298,Age 25 to 29,0.0
21541,2011,E01000869,2011 super output areas - lower layer,298,Age 30 to 44,0.0
21542,2011,E01000869,2011 super output areas - lower layer,298,Age 45 to 59,0.0
21543,2011,E01000869,2011 super output areas - lower layer,298,Age 60 to 64,0.0
21544,2011,E01000869,2011 super output areas - lower layer,298,Age 65 to 74,0.0
21545,2011,E01000869,2011 super output areas - lower layer,298,Age 75 to 84,0.0
21546,2011,E01000869,2011 super output areas - lower layer,298,Age 85 to 89,0.0
21547,2011,E01000869,2011 super output areas - lower layer,298,Age 90 and over,0.0
21548,2011,E01000869,2011 super output areas - lower layer,298,Mean Age,
21549,2011,E01000869,2011 super output areas - lower layer,298,Median Age,0.5
21550,2011,E01000869,2011 super output areas - lower layer,298,All usual residents,0.0
21551,2011,E01000869,2011 super output areas - lower layer,298,Age 0 to 4,0.0
21552,2011,E01000869,2011 super output areas - lower layer,298,Age 5 to 7,0.0
21553,2011,E01000869,2011 super output areas - lower layer,298,Age 8 to 9,0.0
21554,2011,E01000869,2011 super output areas - lower layer,298,Age 10 to 14,0.0
21555,2011,E01000869,2011 super output areas - lower layer,298,Age 15,0.0
21556,2011,E01000869,2011 super output areas - lower layer,298,Age 16 to 17,0.0
21557,2011,E01000869,2011 super output areas - lower layer,298,Age 18 to 19,0.0
21558,2011,E01000869,2011 super output areas - lower layer,298,Age 20 to 24,0.0
21559,2011,E01000869,2011 super output areas - lower layer,298,Age 25 to 29,0.0
21560,2011,E01000869,2011 super output areas - lower layer,298,Age 30 to 44,0.0
21561,2011,E01000869,2011 super output areas - lower layer,298,Age 45 to 59,0.0
21562,2011,E01000869,2011 super output areas - lower layer,298,Age 60 to 64,0.0
21563,2011,E01000869,2011 super output areas - lower layer,298,Age 65 to 74,0.0
21564,2011,E01000869,2011 super output areas - lower layer,298,Age 75 to 84,0.0
21565,2011,E01000869,2011 super output areas - lower layer,298,Age 85 to 89,0.0
21566,2011,E01000869,2011 super output areas - lower layer,298,Age 90 and over,0.0
21567,2011,E01000869,2011 super output areas - lower layer,298,Mean Age,
21568,2011,E01000869,2011 super output areas - lower layer,298,Median Age,0.5
21569,2011,E01000869,2011 super output areas - lower layer,298,All usual residents,0.0
21570,2011,E01000869,2011 super output areas - lower layer,298,Age 0 to 4,0.0
21571,2011,E01000869,2011 super output areas - lower layer,298,Age 5 to 7,0.0
21572,2011,E01000869,2011 super output areas - lower layer,298,Age 8 to 9,0.0
21573,2011,E01000869,2011 super output areas - lower layer,298,Age 10 to 14,0.0
21574,2011,E01000869,2011 super output areas - lower layer,298,Age 15,0.0
21575,2011,E01000869,2011 super output areas - lower layer,298,Age 16 to 17,0.0
21576,2011,E01000869,2011 super output areas - lower layer,298,Age 18 to 19,0.0
21577,2011,E01000869,2011 super output areas - lower layer,298,Age 20 to 24,0.0
21578,2011,E01000869,2011 super output areas - lower layer,298,Age 25 to 29,0.0
21579,2011,E01000869,2011 super output areas - lower layer,298,Age 30 to 44,0.0
21580,2011,E01000869,2011 super output areas - lower layer,298,Age 45 to 59,0.0
21581,2011,E01000869,2011 super output areas - lower layer,298,Age 60 to 64,0.0
21582,2011,E01000869,2011 super output areas - lower layer,298,Age 65 to 74,0.0
21583,2011,E01000869,2011 super output areas - lower layer,298,Age 75 to 84,0.0
21584,2011,E01000869,2011 super output areas - lower layer,298,Age 85 to 89,0.0
21585,2011,E01000869,2011 super output areas - lower layer,298,Age 90 and over,0.0
21586,2011,E01000869,2011 super output areas - lower layer,298,Mean Age,
21587,2011,E01000869,2011 super output areas - lower layer,298,Median Age,0.5
21588,2011,E01000869,2011 super output areas - lower layer,298,All usual residents,0.0
21589,2011,E01000869,2011 super output areas - lower layer,298,Age 0 to 4,0.0
21590,2011,E01000869,2011 super output areas - lower layer,298,Age 5 to 7,0.0
21591,2011,E01000869,2011 super output areas - lower layer,298,Age 8 to 9,0.0
21592,2011,E01000869,2011 super output areas - lower layer,298,Age 10 to 14,0.0
21593,2011,E01000869,2011 super output areas - lower layer,298,Age 15,0.0
21594,2011,E01000869,2011 super output areas - lower layer,298,Age 16 to 17,0.0
21595,2011,E01000869,2011 super output areas - lower layer,298,Age 18 to 19,0.0
21596,2011,E01000869,2011 super output areas - lower layer,298,Age 20 to 24,0.0
21597,2011,E01000869,2011 super output areas - lower layer,298,Age 25 to 29,0.0
21598,2011,E01000869,2011 super output areas - lower layer,298,Age 30 to 44,0.0
21599,2011,E01000869,2011 super output areas - lower layer,298,Age 45 to 59,0.0
21600,2011,E01000869,2011 super output areas - lower layer,298,Age 60 to 64,0.0
21601,2011,E01000869,2011 super output areas - lower layer,298,Age 65 to 74,0.0
21602,2011,E01000869,2011 super output areas - lower layer,298,Age 75 to 84,0.0
21603,2011,E01000869,2011 super output areas - lower layer,298,Age 85 to 89,0.0
21604,2011,E01000869,2011 super output areas - lower layer,298,Age 90 and over,0.0
21605,2011,E01000869,2011 super output areas - lower layer,298,Mean Age,
21606,2011,E01000869,2011 super output areas - lower layer,298,Median Age,0.5
21607,2011,E01000869,2011 super output areas - lower layer,298,All usual residents,0.0
21608,2011,E01000869,2011 super output areas - lower layer,298,Age 0 to 4,0.0
21609,2011,E01000869,2011 super output areas - lower layer,298,Age 5 to 7,0.0
21610,2011,E01000869,2011 super output areas - lower layer,298,Age 8 to 9,0.0
21611,2011,E01000869,2011 super output areas - lower layer,298,Age 10 to 14,0.0
21612,2011,E01000869,2011 super output areas - lower layer,298,Age 15,0.0
21613,2011,E01000869,2011 super output areas - lower layer,298,Age 16 to 17,0.0
21614,2011,E01000869,2011 super output areas - lower layer,298,Age 18 to 19,0.0
21615,2011,E01000869,2011 super output areas - lower layer,298,Age 20 to 24,0.0
21616,2011,E01000869,2011 super output areas - lower layer,298,Age 25 to 29,0.0
21617,2011,E01000869,2011 super output areas - lower layer,298,Age 30 to 44,0.0
21618,2011,E01000869,2011 super output areas - lower layer,298,Age 45 to 59,0.0
21619,2011,E01000869,2011 super output areas - lower layer,298,Age 60 to 64,0.0
21620,2011,E01000869,2011 super output areas - lower layer,298,Age 65 to 74,0.0
21621,2011,E01000869,2011 super output areas - lower layer,298,Age 75 to 84,0.0
21622,2011,E01000869,2011 super output areas - lower layer,298,Age 85 to 89,0.0
21623,2011,E01000869,2011 super output areas - lower layer,298,Age 90 and over,0.0
21624,2011,E01000869,2011 super output areas - lower layer,298,Mean Age,
21625,2011,E01000869,2011 super output areas - lower layer,298,Median Age,0.5
21626,2011,E01000869,2011 super output areas - lower layer,298,All usual residents,0.0
21627,2011,E01000869,2011 super output areas - lower layer,298,Age 0 to 4,0.0
21628,2011,E01000869,2011 super output areas - lower layer,298,Age 5 to 7,0.0
21629,2011,E01000869,2011 super output areas - lower layer,298,Age 8 to 9,0.0
21630,2011,E01000869,2011 super output areas - lower layer,298,Age 10 to 14,0.0
21631,2011,E01000869,2011 super output areas - lower layer,298,Age 15,0.0
21632,2011,E01000869,2011 super output areas - lower layer,298,Age 16 to 17,0.0
21633,2011,E01000869,2011 super output areas - lower layer,298,Age 18 to 19,0.0
21634,2011,E01000869,2011 super output areas - lower layer,298,Age 20 to 24,0.0
21635,2011,E01000869,2011 super output areas - lower layer,298,Age 25 to 29,0.0
21636,2011,E01000869,2011 super output areas - lower layer,298,Age 30 to 44,0.0
21637,2011,E01000869,2011 super output areas - lower layer,298,Age 45 to 59,0.0
21638,2011,E01000869,2011 super output areas - lower layer,298,Age 60 to 64,0.0
21639,2011,E01000869,2011 super output areas - lower layer,298,Age 65 to 74,0.0
21640,2011,E01000869,2011 super output areas - lower layer,298,Age 75 to 84,0.0
21641,2011,E01000869,2011 super output areas - lower layer,298,Age 85 to 89,0.0
21642,2011,E01000869,2011 super output areas - lower layer,298,Age 90 and over,0.0
21643,2011,E01000869,2011 super output areas - lower layer,298,Mean Age,
21644,2011,E01000869,2011 super output areas - lower layer,298,Median Age,0.5
21645,2011,E01000869,2011 super output areas - lower layer,298,All usual residents,0.0
21646,2011,E01000869,2011 super output areas - lower layer,298,Age 0 to 4,0.0
21647,2011,E01000869,2011 super output areas - lower layer,298,Age 5 to 7,0.0
21648,2011,E01000869,2011 super output areas - lower layer,298,Age 8 to 9,0.0
21649,2011,E01000869,2011 super output areas - lower layer,298,Age 10 to 14,0.0
21650,2011,E01000869,2011 super output areas - lower layer,298,Age 15,0.0
21651,2011,E01000869,2011 super output areas - lower layer,298,Age 16 to 17,0.0
21652,2011,E01000869,2011 super output areas - lower layer,298,Age 18 to 19,0.0
21653,2011,E01000869,2011 super output areas - lower layer,298,Age 20 to 24,0.0
21654,2011,E01000869,2011 super output areas - lower layer,298,Age 25 to 29,0.0
21655,2011,E01000869,2011 super output areas - lower layer,298,Age 30 to 44,0.0
21656,2011,E01000869,2011 super output areas - lower layer,298,Age 45 to 59,0.0
21657,2011,E01000869,2011 super output areas - lower layer,298,Age 60 to 64,0.0
21658,2011,E01000869,2011 super output areas - lower layer,298,Age 65 to 74,0.0
21659,2011,E01000869,2011 super output areas - lower layer,298,Age 75 to 84,0.0
21660,2011,E01000869,2011 super output areas - lower layer,298,Age 85 to 89,0.0
21661,2011,E01000869,2011 super output areas - lower layer,298,Age 90 and over,0.0
21662,2011,E01000869,2011 super output areas - lower layer,298,Mean Age,
21663,2011,E01000869,2011 super output areas - lower layer,298,Median Age,0.5
21664,2011,E01000869,2011 super output areas - lower layer,298,All usual residents,0.0
21665,2011,E01000869,2011 super output areas - lower layer,298,Age 0 to 4,0.0
21666,2011,E01000869,2011 super output areas - lower layer,298,Age 5 to 7,0.0
21667,2011,E01000869,2011 super output areas - lower layer,298,Age 8 to 9,0.0
21668,2011,E01000869,2011 super output areas - lower layer,298,Age 10 to 14,0.0
21669,2011,E01000869,2011 super output areas - lower layer,298,Age 15,0.0
21670,2011,E01000869,2011 super output areas - lower layer,298,Age 16 to 17,0.0
21671,2011,E01000869,2011 super output areas - lower layer,298,Age 18 to 19,0.0
21672,2011,E01000869,2011 super output areas - lower layer,298,Age 20 to 24,0.0
21673,2011,E01000869,2011 super output areas - lower layer,298,Age 25 to 29,0.0
21674,2011,E01000869,2011 super output areas - lower layer,298,Age 30 to 44,0.0
21675,2011,E01000869,2011 super output areas - lower layer,298,Age 45 to 59,0.0
21676,2011,E01000869,2011 super output areas - lower layer,298,Age 60 to 64,0.0
21677,2011,E01000869,2011 super output areas - lower layer,298,Age 65 to 74,0.0
21678,2011,E01000869,2011 super output areas - lower layer,298,Age 75 to 84,0.0
21679,2011,E01000869,2011 super output areas - lower layer,298,Age 85 to 89,0.0
21680,2011,E01000869,2011 super output areas - lower layer,298,Age 90 and over,0.0
21681,2011,E01000869,2011 super output areas - lower layer,298,Mean Age,
21682,2011,E01000869,2011 super output areas - lower layer,298,Median Age,0.5
21683,2011,E01000869,2011 super output areas - lower layer,298,All usual residents,0.0
21684,2011,E01000869,2011 super output areas - lower layer,298,Age 0 to 4,0.0
21685,2011,E01000869,2011 super output areas - lower layer,298,Age 5 to 7,0.0
21686,2011,E01000869,2011 super output areas - lower layer,298,Age 8 to 9,0.0
21687,2011,E01000869,2011 super output areas - lower layer,298,Age 10 to 14,0.0
21688,2011,E01000869,2011 super output areas - lower layer,298,Age 15,0.0
21689,2011,E01000869,2011 super output areas - lower layer,298,Age 16 to 17,0.0
21690,2011,E01000869,2011 super output areas - lower layer,298,Age 18 to 19,0.0
21691,2011,E01000869,2011 super output areas - lower layer,298,Age 20 to 24,0.0
21692,2011,E01000869,2011 super output areas - lower layer,298,Age 25 to 29,0.0
21693,2011,E01000869,2011 super output areas - lower layer,298,Age 30 to 44,0.0
21694,2011,E01000869,2011 super output areas - lower layer,298,Age 45 to 59,0.0
21695,2011,E01000869,2011 super output areas - lower layer,298,Age 60 to 64,0.0
21696,2011,E01000869,2011 super output areas - lower layer,298,Age 65 to 74,0.0
21697,2011,E01000869,2011 super output areas - lower layer,298,Age 75 to 84,0.0
21698,2011,E01000869,2011 super output areas - lower layer,298,Age 85 to 89,0.0
21699,2011,E01000869,2011 super output areas - lower layer,298,Age 90 and over,0.0
21700,2011,E01000869,2011 super output areas - lower layer,298,Mean Age,
21701,2011,E01000869,2011 super output areas - lower layer,298,Median Age,0.5
21702,2011,E01000869,2011 super output areas - lower layer,298,All usual residents,0.0
21703,2011,E01000869,2011 super output areas - lower layer,298,Age 0 to 4,0.0
21704,2011,E01000869,2011 super output areas - lower layer,298,Age 5 to 7,0.0
21705,2011,E01000869,2011 super output areas - lower layer,298,Age 8 to 9,0.0
21706,2011,E01000869,2011 super output areas - lower layer,298,Age 10 to 14,0.0
21707,2011,E01000869,2011 super output areas - lower layer,298,Age 15,0.0
21708,2011,E01000869,2011 super output areas - lower layer,298,Age 16 to 17,0.0
21709,2011,E01000869,2011 super output areas - lower layer,298,Age 18 to 19,0.0
21710,2011,E01000869,2011 super output areas - lower layer,298,Age 20 to 24,0.0
21711,2011,E01000869,2011 super output areas - lower layer,298,Age 25 to 29,0.0
21712,2011,E01000869,2011 super output areas - lower layer,298,Age 30 to 44,0.0
21713,2011,E01000869,2011 super output areas - lower layer,298,Age 45 to 59,0.0
21714,2011,E01000869,2011 super output areas - lower layer,298,Age 60 to 64,0.0
21715,2011,E01000869,2011 super output areas - lower layer,298,Age 65 to 74,0.0
21716,2011,E01000869,2011 super output areas - lower layer,298,Age 75 to 84,0.0
21717,2011,E01000869,2011 super output areas - lower layer,298,Age 85 to 89,0.0
21718,2011,E01000869,2011 super output areas - lower layer,298,Age 90 and over,0.0
21719,2011,E01000869,2011 super output areas - lower layer,298,Mean Age,
21720,2011,E01000869,2011 super output areas - lower layer,298,Median Age,0.5
21721,2011,E01000869,2011 super output areas - lower layer,298,All usual residents,0.0
21722,2011,E01000869,2011 super output areas - lower layer,298,Age 0 to 4,0.0
21723,2011,E01000869,2011 super output areas - lower layer,298,Age 5 to 7,0.0
21724,2011,E01000869,2011 super output areas - lower layer,298,Age 8 to 9,0.0
21725,2011,E01000869,2011 super output areas - lower layer,298,Age 10 to 14,0.0
21726,2011,E01000869,2011 super output areas - lower layer,298,Age 15,0.0
21727,2011,E01000869,2011 super output areas - lower layer,298,Age 16 to 17,0.0
21728,2011,E01000869,2011 super output areas - lower layer,298,Age 18 to 19,0.0
21729,2011,E01000869,2011 super output areas - lower layer,298,Age 20 to 24,0.0
21730,2011,E01000869,2011 super output areas - lower layer,298,Age 25 to 29,0.0
21731,2011,E01000869,2011 super output areas - lower layer,298,Age 30 to 44,0.0
21732,2011,E01000869,2011 super output areas - lower layer,298,Age 45 to 59,0.0
21733,2011,E01000869,2011 super output areas - lower layer,298,Age 60 to 64,0.0
21734,2011,E01000869,2011 super output areas - lower layer,298,Age 65 to 74,0.0
21735,2011,E01000869,2011 super output areas - lower layer,298,Age 75 to 84,0.0
21736,2011,E01000869,2011 super output areas - lower layer,298,Age 85 to 89,0.0
21737,2011,E01000869,2011 super output areas - lower layer,298,Age 90 and over,0.0
21738,2011,E01000869,2011 super output areas - lower layer,298,Mean Age,
21739,2011,E01000869,2011 super output areas - lower layer,298,Median Age,0.5
21740,2011,E01000962,2011 super output areas - lower layer,298,All usual residents,1592.0
21741,2011,E01000962,2011 super output areas - lower layer,298,Age 0 to 4,122.0
21742,2011,E01000962,2011 super output areas - lower layer,298,Age 5 to 7,27.0
21743,2011,E01000962,2011 super output areas - lower layer,298,Age 8 to 9,21.0
21744,2011,E01000962,2011 super output areas - lower layer,298,Age 10 to 14,35.0
21745,2011,E01000962,2011 super output areas - lower layer,298,Age 15,11.0
21746,2011,E01000962,2011 super output areas - lower layer,298,Age 16 to 17,5.0
21747,2011,E01000962,2011 super output areas - lower layer,298,Age 18 to 19,13.0
21748,2011,E01000962,2011 super output areas - lower layer,298,Age 20 to 24,96.0
21749,2011,E01000962,2011 super output areas - lower layer,298,Age 25 to 29,289.0
21750,2011,E01000962,2011 super output areas - lower layer,298,Age 30 to 44,622.0
21751,2011,E01000962,2011 super output areas - lower layer,298,Age 45 to 59,206.0
21752,2011,E01000962,2011 super output areas - lower layer,298,Age 60 to 64,53.0
21753,2011,E01000962,2011 super output areas - lower layer,298,Age 65 to 74,46.0
21754,2011,E01000962,2011 super output areas - lower layer,298,Age 75 to 84,30.0
21755,2011,E01000962,2011 super output areas - lower layer,298,Age 85 to 89,11.0
21756,2011,E01000962,2011 super output areas - lower layer,298,Age 90 and over,5.0
21757,2011,E01000962,2011 super output areas - lower layer,298,Mean Age,34.2
21758,2011,E01000962,2011 super output areas - lower layer,298,Median Age,32.0
21759,2011,E01000962,2011 super output areas - lower layer,298,All usual residents,0.0
21760,2011,E01000962,2011 super output areas - lower layer,298,Age 0 to 4,0.0
21761,2011,E01000962,2011 super output areas - lower layer,298,Age 5 to 7,0.0
21762,2011,E01000962,2011 super output areas - lower layer,298,Age 8 to 9,0.0
21763,2011,E01000962,2011 super output areas - lower layer,298,Age 10 to 14,0.0
21764,2011,E01000962,2011 super output areas - lower layer,298,Age 15,0.0
21765,2011,E01000962,2011 super output areas - lower layer,298,Age 16 to 17,0.0
21766,2011,E01000962,2011 super output areas - lower layer,298,Age 18 to 19,0.0
21767,2011,E01000962,2011 super output areas - lower layer,298,Age 20 to 24,0.0
21768,2011,E01000962,2011 super output areas - lower layer,298,Age 25 to 29,0.0
21769,2011,E01000962,2011 super output areas - lower layer,298,Age 30 to 44,0.0
21770,2011,E01000962,2011 super output areas - lower layer,298,Age 45 to 59,0.0
21771,2011,E01000962,2011 super output areas - lower layer,298,Age 60 to 64,0.0
21772,2011,E01000962,2011 super output areas - lower layer,298,Age 65 to 74,0.0
21773,2011,E01000962,2011 super output areas - lower layer,298,Age 75 to 84,0.0
21774,2011,E01000962,2011 super output areas - lower layer,298,Age 85 to 89,0.0
21775,2011,E01000962,2011 super output areas - lower layer,298,Age 90 and over,0.0
21776,2011,E01000962,2011 super output areas - lower layer,298,Mean Age,
21777,2011,E01000962,2011 super output areas - lower layer,298,Median Age,0.5
21778,2011,E01000962,2011 super output areas - lower layer,298,All usual residents,0.0
21779,2011,E01000962,2011 super output areas - lower layer,298,Age 0 to 4,0.0
21780,2011,E01000962,2011 super output areas - lower layer,298,Age 5 to 7,0.0
21781,2011,E01000962,2011 super output areas - lower layer,298,Age 8 to 9,0.0
21782,2011,E01000962,2011 super output areas - lower layer,298,Age 10 to 14,0.0
21783,2011,E01000962,2011 super output areas - lower layer,298,Age 15,0.0
21784,2011,E01000962,2011 super output areas - lower layer,298,Age 16 to 17,0.0
21785,2011,E01000962,2011 super output areas - lower layer,298,Age 18 to 19,0.0
21786,2011,E01000962,2011 super output areas - lower layer,298,Age 20 to 24,0.0
21787,2011,E01000962,2011 super output areas - lower layer,298,Age 25 to 29,0.0
21788,2011,E01000962,2011 super output areas - lower layer,298,Age 30 to 44,0.0
21789,2011,E01000962,2011 super output areas - lower layer,298,Age 45 to 59,0.0
21790,2011,E01000962,2011 super output areas - lower layer,298,Age 60 to 64,0.0
21791,2011,E01000962,2011 super output areas - lower layer,298,Age 65 to 74,0.0
21792,2011,E01000962,2011 super output areas - lower layer,298,Age 75 to 84,0.0
21793,2011,E01000962,2011 super output areas - lower layer,298,Age 85 to 89,0.0
21794,2011,E01000962,2011 super output areas - lower layer,298,Age 90 and over,0.0
21795,2011,E01000962,2011 super output areas - lower layer,298,Mean Age,
21796,2011,E01000962,2011 super output areas - lower layer,298,Median Age,0.5
21797,2011,E01000962,2011 super output areas - lower layer,298,All usual residents,0.0
21798,2011,E01000962,2011 super output areas - lower layer,298,Age 0 to 4,0.0
21799,2011,E01000962,2011 super output areas - lower layer,298,Age 5 to 7,0.0
21800,2011,E01000962,2011 super output areas - lower layer,298,Age 8 to 9,0.0
21801,2011,E01000962,2011 super output areas - lower layer,298,Age 10 to 14,0.0
21802,2011,E01000962,2011 super output areas - lower layer,298,Age 15,0.0
21803,2011,E01000962,2011 super output areas - lower layer,298,Age 16 to 17,0.0
21804,2011,E01000962,2011 super output areas - lower layer,298,Age 18 to 19,0.0
21805,2011,E01000962,2011 super output areas - lower layer,298,Age 20 to 24,0.0
21806,2011,E01000962,2011 super output areas - lower layer,298,Age 25 to 29,0.0
21807,2011,E01000962,2011 super output areas - lower layer,298,Age 30 to 44,0.0
21808,2011,E01000962,2011 super output areas - lower layer,298,Age 45 to 59,0.0
21809,2011,E01000962,2011 super output areas - lower layer,298,Age 60 to 64,0.0
21810,2011,E01000962,2011 super output areas - lower layer,298,Age 65 to 74,0.0
21811,2011,E01000962,2011 super output areas - lower layer,298,Age 75 to 84,0.0
21812,2011,E01000962,2011 super output areas - lower layer,298,Age 85 to 89,0.0
21813,2011,E01000962,2011 super output areas - lower layer,298,Age 90 and over,0.0
21814,2011,E01000962,2011 super output areas - lower layer,298,Mean Age,
21815,2011,E01000962,2011 super output areas - lower layer,298,Median Age,0.5
21816,2011,E01000962,2011 super output areas - lower layer,298,All usual residents,0.0
21817,2011,E01000962,2011 super output areas - lower layer,298,Age 0 to 4,0.0
21818,2011,E01000962,2011 super output areas - lower layer,298,Age 5 to 7,0.0
21819,2011,E01000962,2011 super output areas - lower layer,298,Age 8 to 9,0.0
21820,2011,E01000962,2011 super output areas - lower layer,298,Age 10 to 14,0.0
21821,2011,E01000962,2011 super output areas - lower layer,298,Age 15,0.0
21822,2011,E01000962,2011 super output areas - lower layer,298,Age 16 to 17,0.0
21823,2011,E01000962,2011 super output areas - lower layer,298,Age 18 to 19,0.0
21824,2011,E01000962,2011 super output areas - lower layer,298,Age 20 to 24,0.0
21825,2011,E01000962,2011 super output areas - lower layer,298,Age 25 to 29,0.0
21826,2011,E01000962,2011 super output areas - lower layer,298,Age 30 to 44,0.0
21827,2011,E01000962,2011 super output areas - lower layer,298,Age 45 to 59,0.0
21828,2011,E01000962,2011 super output areas - lower layer,298,Age 60 to 64,0.0
21829,2011,E01000962,2011 super output areas - lower layer,298,Age 65 to 74,0.0
21830,2011,E01000962,2011 super output areas - lower layer,298,Age 75 to 84,0.0
21831,2011,E01000962,2011 super output areas - lower layer,298,Age 85 to 89,0.0
21832,2011,E01000962,2011 super output areas - lower layer,298,Age 90 and over,0.0
21833,2011,E01000962,2011 super output areas - lower layer,298,Mean Age,
21834,2011,E01000962,2011 super output areas - lower layer,298,Median Age,0.5
21835,2011,E01000962,2011 super output areas - lower layer,298,All usual residents,0.0
21836,2011,E01000962,2011 super output areas - lower layer,298,Age 0 to 4,0.0
21837,2011,E01000962,2011 super output areas - lower layer,298,Age 5 to 7,0.0
21838,2011,E01000962,2011 super output areas - lower layer,298,Age 8 to 9,0.0
21839,2011,E01000962,2011 super output areas - lower layer,298,Age 10 to 14,0.0
21840,2011,E01000962,2011 super output areas - lower layer,298,Age 15,0.0
21841,2011,E01000962,2011 super output areas - lower layer,298,Age 16 to 17,0.0
21842,2011,E01000962,2011 super output areas - lower layer,298,Age 18 to 19,0.0
21843,2011,E01000962,2011 super output areas - lower layer,298,Age 20 to 24,0.0
21844,2011,E01000962,2011 super output areas - lower layer,298,Age 25 to 29,0.0
21845,2011,E01000962,2011 super output areas - lower layer,298,Age 30 to 44,0.0
21846,2011,E01000962,2011 super output areas - lower layer,298,Age 45 to 59,0.0
21847,2011,E01000962,2011 super output areas - lower layer,298,Age 60 to 64,0.0
21848,2011,E01000962,2011 super output areas - lower layer,298,Age 65 to 74,0.0
21849,2011,E01000962,2011 super output areas - lower layer,298,Age 75 to 84,0.0
21850,2011,E01000962,2011 super output areas - lower layer,298,Age 85 to 89,0.0
21851,2011,E01000962,2011 super output areas - lower layer,298,Age 90 and over,0.0
21852,2011,E01000962,2011 super output areas - lower layer,298,Mean Age,
21853,2011,E01000962,2011 super output areas - lower layer,298,Median Age,0.5
21854,2011,E01000962,2011 super output areas - lower layer,298,All usual residents,0.0
21855,2011,E01000962,2011 super output areas - lower layer,298,Age 0 to 4,0.0
21856,2011,E01000962,2011 super output areas - lower layer,298,Age 5 to 7,0.0
21857,2011,E01000962,2011 super output areas - lower layer,298,Age 8 to 9,0.0
21858,2011,E01000962,2011 super output areas - lower layer,298,Age 10 to 14,0.0
21859,2011,E01000962,2011 super output areas - lower layer,298,Age 15,0.0
21860,2011,E01000962,2011 super output areas - lower layer,298,Age 16 to 17,0.0
21861,2011,E01000962,2011 super output areas - lower layer,298,Age 18 to 19,0.0
21862,2011,E01000962,2011 super output areas - lower layer,298,Age 20 to 24,0.0
21863,2011,E01000962,2011 super output areas - lower layer,298,Age 25 to 29,0.0
21864,2011,E01000962,2011 super output areas - lower layer,298,Age 30 to 44,0.0
21865,2011,E01000962,2011 super output areas - lower layer,298,Age 45 to 59,0.0
21866,2011,E01000962,2011 super output areas - lower layer,298,Age 60 to 64,0.0
21867,2011,E01000962,2011 super output areas - lower layer,298,Age 65 to 74,0.0
21868,2011,E01000962,2011 super output areas - lower layer,298,Age 75 to 84,0.0
21869,2011,E01000962,2011 super output areas - lower layer,298,Age 85 to 89,0.0
21870,2011,E01000962,2011 super output areas - lower layer,298,Age 90 and over,0.0
21871,2011,E01000962,2011 super output areas - lower layer,298,Mean Age,
21872,2011,E01000962,2011 super output areas - lower layer,298,Median Age,0.5
21873,2011,E01000962,2011 super output areas - lower layer,298,All usual residents,0.0
21874,2011,E01000962,2011 super output areas - lower layer,298,Age 0 to 4,0.0
21875,2011,E01000962,2011 super output areas - lower layer,298,Age 5 to 7,0.0
21876,2011,E01000962,2011 super output areas - lower layer,298,Age 8 to 9,0.0
21877,2011,E01000962,2011 super output areas - lower layer,298,Age 10 to 14,0.0
21878,2011,E01000962,2011 super output areas - lower layer,298,Age 15,0.0
21879,2011,E01000962,2011 super output areas - lower layer,298,Age 16 to 17,0.0
21880,2011,E01000962,2011 super output areas - lower layer,298,Age 18 to 19,0.0
21881,2011,E01000962,2011 super output areas - lower layer,298,Age 20 to 24,0.0
21882,2011,E01000962,2011 super output areas - lower layer,298,Age 25 to 29,0.0
21883,2011,E01000962,2011 super output areas - lower layer,298,Age 30 to 44,0.0
21884,2011,E01000962,2011 super output areas - lower layer,298,Age 45 to 59,0.0
21885,2011,E01000962,2011 super output areas - lower layer,298,Age 60 to 64,0.0
21886,2011,E01000962,2011 super output areas - lower layer,298,Age 65 to 74,0.0
21887,2011,E01000962,2011 super output areas - lower layer,298,Age 75 to 84,0.0
21888,2011,E01000962,2011 super output areas - lower layer,298,Age 85 to 89,0.0
21889,2011,E01000962,2011 super output areas - lower layer,298,Age 90 and over,0.0
21890,2011,E01000962,2011 super output areas - lower layer,298,Mean Age,
21891,2011,E01000962,2011 super output areas - lower layer,298,Median Age,0.5
21892,2011,E01000962,2011 super output areas - lower layer,298,All usual residents,0.0
21893,2011,E01000962,2011 super output areas - lower layer,298,Age 0 to 4,0.0
21894,2011,E01000962,2011 super output areas - lower layer,298,Age 5 to 7,0.0
21895,2011,E01000962,2011 super output areas - lower layer,298,Age 8 to 9,0.0
21896,2011,E01000962,2011 super output areas - lower layer,298,Age 10 to 14,0.0
21897,2011,E01000962,2011 super output areas - lower layer,298,Age 15,0.0
21898,2011,E01000962,2011 super output areas - lower layer,298,Age 16 to 17,0.0
21899,2011,E01000962,2011 super output areas - lower layer,298,Age 18 to 19,0.0
21900,2011,E01000962,2011 super output areas - lower layer,298,Age 20 to 24,0.0
21901,2011,E01000962,2011 super output areas - lower layer,298,Age 25 to 29,0.0
21902,2011,E01000962,2011 super output areas - lower layer,298,Age 30 to 44,0.0
21903,2011,E01000962,2011 super output areas - lower layer,298,Age 45 to 59,0.0
21904,2011,E01000962,2011 super output areas - lower layer,298,Age 60 to 64,0.0
21905,2011,E01000962,2011 super output areas - lower layer,298,Age 65 to 74,0.0
21906,2011,E01000962,2011 super output areas - lower layer,298,Age 75 to 84,0.0
21907,2011,E01000962,2011 super output areas - lower layer,298,Age 85 to 89,0.0
21908,2011,E01000962,2011 super output areas - lower layer,298,Age 90 and over,0.0
21909,2011,E01000962,2011 super output areas - lower layer,298,Mean Age,
21910,2011,E01000962,2011 super output areas - lower layer,298,Median Age,0.5
21911,2011,E01000962,2011 super output areas - lower layer,298,All usual residents,0.0
21912,2011,E01000962,2011 super output areas - lower layer,298,Age 0 to 4,0.0
21913,2011,E01000962,2011 super output areas - lower layer,298,Age 5 to 7,0.0
21914,2011,E01000962,2011 super output areas - lower layer,298,Age 8 to 9,0.0
21915,2011,E01000962,2011 super output areas - lower layer,298,Age 10 to 14,0.0
21916,2011,E01000962,2011 super output areas - lower layer,298,Age 15,0.0
21917,2011,E01000962,2011 super output areas - lower layer,298,Age 16 to 17,0.0
21918,2011,E01000962,2011 super output areas - lower layer,298,Age 18 to 19,0.0
21919,2011,E01000962,2011 super output areas - lower layer,298,Age 20 to 24,0.0
21920,2011,E01000962,2011 super output areas - lower layer,298,Age 25 to 29,0.0
21921,2011,E01000962,2011 super output areas - lower layer,298,Age 30 to 44,0.0
21922,2011,E01000962,2011 super output areas - lower layer,298,Age 45 to 59,0.0
21923,2011,E01000962,2011 super output areas - lower layer,298,Age 60 to 64,0.0
21924,2011,E01000962,2011 super output areas - lower layer,298,Age 65 to 74,0.0
21925,2011,E01000962,2011 super output areas - lower layer,298,Age 75 to 84,0.0
21926,2011,E01000962,2011 super output areas - lower layer,298,Age 85 to 89,0.0
21927,2011,E01000962,2011 super output areas - lower layer,298,Age 90 and over,0.0
21928,2011,E01000962,2011 super output areas - lower layer,298,Mean Age,
21929,2011,E01000962,2011 super output areas - lower layer,298,Median Age,0.5
21930,2011,E01000962,2011 super output areas - lower layer,298,All usual residents,0.0
21931,2011,E01000962,2011 super output areas - lower layer,298,Age 0 to 4,0.0
21932,2011,E01000962,2011 super output areas - lower layer,298,Age 5 to 7,0.0
21933,2011,E01000962,2011 super output areas - lower layer,298,Age 8 to 9,0.0
21934,2011,E01000962,2011 super output areas - lower layer,298,Age 10 to 14,0.0
21935,2011,E01000962,2011 super output areas - lower layer,298,Age 15,0.0
21936,2011,E01000962,2011 super output areas - lower layer,298,Age 16 to 17,0.0
21937,2011,E01000962,2011 super output areas - lower layer,298,Age 18 to 19,0.0
21938,2011,E01000962,2011 super output areas - lower layer,298,Age 20 to 24,0.0
21939,2011,E01000962,2011 super output areas - lower layer,298,Age 25 to 29,0.0
21940,2011,E01000962,2011 super output areas - lower layer,298,Age 30 to 44,0.0
21941,2011,E01000962,2011 super output areas - lower layer,298,Age 45 to 59,0.0
21942,2011,E01000962,2011 super output areas - lower layer,298,Age 60 to 64,0.0
21943,2011,E01000962,2011 super output areas - lower layer,298,Age 65 to 74,0.0
21944,2011,E01000962,2011 super output areas - lower layer,298,Age 75 to 84,0.0
21945,2011,E01000962,2011 super output areas - lower layer,298,Age 85 to 89,0.0
21946,2011,E01000962,2011 super output areas - lower layer,298,Age 90 and over,0.0
21947,2011,E01000962,2011 super output areas - lower layer,298,Mean Age,
21948,2011,E01000962,2011 super output areas - lower layer,298,Median Age,0.5
21949,2011,E01000962,2011 super output areas - lower layer,298,All usual residents,0.0
21950,2011,E01000962,2011 super output areas - lower layer,298,Age 0 to 4,0.0
21951,2011,E01000962,2011 super output areas - lower layer,298,Age 5 to 7,0.0
21952,2011,E01000962,2011 super output areas - lower layer,298,Age 8 to 9,0.0
21953,2011,E01000962,2011 super output areas - lower layer,298,Age 10 to 14,0.0
21954,2011,E01000962,2011 super output areas - lower layer,298,Age 15,0.0
21955,2011,E01000962,2011 super output areas - lower layer,298,Age 16 to 17,0.0
21956,2011,E01000962,2011 super output areas - lower layer,298,Age 18 to 19,0.0
21957,2011,E01000962,2011 super output areas - lower layer,298,Age 20 to 24,0.0
21958,2011,E01000962,2011 super output areas - lower layer,298,Age 25 to 29,0.0
21959,2011,E01000962,2011 super output areas - lower layer,298,Age 30 to 44,0.0
21960,2011,E01000962,2011 super output areas - lower layer,298,Age 45 to 59,0.0
21961,2011,E01000962,2011 super output areas - lower layer,298,Age 60 to 64,0.0
21962,2011,E01000962,2011 super output areas - lower layer,298,Age 65 to 74,0.0
21963,2011,E01000962,2011 super output areas - lower layer,298,Age 75 to 84,0.0
21964,2011,E01000962,2011 super output areas - lower layer,298,Age 85 to 89,0.0
21965,2011,E01000962,2011 super output areas - lower layer,298,Age 90 and over,0.0
21966,2011,E01000962,2011 super output areas - lower layer,298,Mean Age,
21967,2011,E01000962,2011 super output areas - lower layer,298,Median Age,0.5
21968,2011,E01000962,2011 super output areas - lower layer,298,All usual residents,0.0
21969,2011,E01000962,2011 super output areas - lower layer,298,Age 0 to 4,0.0
21970,2011,E01000962,2011 super output areas - lower layer,298,Age 5 to 7,0.0
21971,2011,E01000962,2011 super output areas - lower layer,298,Age 8 to 9,0.0
21972,2011,E01000962,2011 super output areas - lower layer,298,Age 10 to 14,0.0
21973,2011,E01000962,2011 super output areas - lower layer,298,Age 15,0.0
21974,2011,E01000962,2011 super output areas - lower layer,298,Age 16 to 17,0.0
21975,2011,E01000962,2011 super output areas - lower layer,298,Age 18 to 19,0.0
21976,2011,E01000962,2011 super output areas - lower layer,298,Age 20 to 24,0.0
21977,2011,E01000962,2011 super output areas - lower layer,298,Age 25 to 29,0.0
21978,2011,E01000962,2011 super output areas - lower layer,298,Age 30 to 44,0.0
21979,2011,E01000962,2011 super output areas - lower layer,298,Age 45 to 59,0.0
21980,2011,E01000962,2011 super output areas - lower layer,298,Age 60 to 64,0.0
21981,2011,E01000962,2011 super output areas - lower layer,298,Age 65 to 74,0.0
21982,2011,E01000962,2011 super output areas - lower layer,298,Age 75 to 84,0.0
21983,2011,E01000962,2011 super output areas - lower layer,298,Age 85 to 89,0.0
21984,2011,E01000962,2011 super output areas - lower layer,298,Age 90 and over,0.0
21985,2011,E01000962,2011 super output areas - lower layer,298,Mean Age,
21986,2011,E01000962,2011 super output areas - lower layer,298,Median Age,0.5
21987,2011,E01000964,2011 super output areas - lower layer,298,All usual residents,1577.0
21988,2011,E01000964,2011 super output areas - lower layer,298,Age 0 to 4,101.0
21989,2011,E01000964,2011 super output areas - lower layer,298,Age 5 to 7,52.0
21990,2011,E01000964,2011 super output areas - lower layer,298,Age 8 to 9,27.0
21991,2011,E01000964,2011 super output areas - lower layer,298,Age 10 to 14,66.0
21992,2011,E01000964,2011 super output areas - lower layer,298,Age 15,22.0
21993,2011,E01000964,2011 super output areas - lower layer,298,Age 16 to 17,25.0
21994,2011,E01000964,2011 super output areas - lower layer,298,Age 18 to 19,17.0
21995,2011,E01000964,2011 super output areas - lower layer,298,Age 20 to 24,75.0
21996,2011,E01000964,2011 super output areas - lower layer,298,Age 25 to 29,189.0
21997,2011,E01000964,2011 super output areas - lower layer,298,Age 30 to 44,493.0
21998,2011,E01000964,2011 super output areas - lower layer,298,Age 45 to 59,272.0
21999,2011,E01000964,2011 super output areas - lower layer,298,Age 60 to 64,70.0
22000,2011,E01000964,2011 super output areas - lower layer,298,Age 65 to 74,79.0
22001,2011,E01000964,2011 super output areas - lower layer,298,Age 75 to 84,50.0
22002,2011,E01000964,2011 super output areas - lower layer,298,Age 85 to 89,24.0
22003,2011,E01000964,2011 super output areas - lower layer,298,Age 90 and over,15.0
22004,2011,E01000964,2011 super output areas - lower layer,298,Mean Age,36.9
22005,2011,E01000964,2011 super output areas - lower layer,298,Median Age,35.0
22006,2011,E01000964,2011 super output areas - lower layer,298,All usual residents,0.0
22007,2011,E01000964,2011 super output areas - lower layer,298,Age 0 to 4,0.0
22008,2011,E01000964,2011 super output areas - lower layer,298,Age 5 to 7,0.0
22009,2011,E01000964,2011 super output areas - lower layer,298,Age 8 to 9,0.0
22010,2011,E01000964,2011 super output areas - lower layer,298,Age 10 to 14,0.0
22011,2011,E01000964,2011 super output areas - lower layer,298,Age 15,0.0
22012,2011,E01000964,2011 super output areas - lower layer,298,Age 16 to 17,0.0
22013,2011,E01000964,2011 super output areas - lower layer,298,Age 18 to 19,0.0
22014,2011,E01000964,2011 super output areas - lower layer,298,Age 20 to 24,0.0
22015,2011,E01000964,2011 super output areas - lower layer,298,Age 25 to 29,0.0
22016,2011,E01000964,2011 super output areas - lower layer,298,Age 30 to 44,0.0
22017,2011,E01000964,2011 super output areas - lower layer,298,Age 45 to 59,0.0
22018,2011,E01000964,2011 super output areas - lower layer,298,Age 60 to 64,0.0
22019,2011,E01000964,2011 super output areas - lower layer,298,Age 65 to 74,0.0
22020,2011,E01000964,2011 super output areas - lower layer,298,Age 75 to 84,0.0
22021,2011,E01000964,2011 super output areas - lower layer,298,Age 85 to 89,0.0
22022,2011,E01000964,2011 super output areas - lower layer,298,Age 90 and over,0.0
22023,2011,E01000964,2011 super output areas - lower layer,298,Mean Age,
22024,2011,E01000964,2011 super output areas - lower layer,298,Median Age,0.5
22025,2011,E01000964,2011 super output areas - lower layer,298,All usual residents,0.0
22026,2011,E01000964,2011 super output areas - lower layer,298,Age 0 to 4,0.0
22027,2011,E01000964,2011 super output areas - lower layer,298,Age 5 to 7,0.0
22028,2011,E01000964,2011 super output areas - lower layer,298,Age 8 to 9,0.0
22029,2011,E01000964,2011 super output areas - lower layer,298,Age 10 to 14,0.0
22030,2011,E01000964,2011 super output areas - lower layer,298,Age 15,0.0
22031,2011,E01000964,2011 super output areas - lower layer,298,Age 16 to 17,0.0
22032,2011,E01000964,2011 super output areas - lower layer,298,Age 18 to 19,0.0
22033,2011,E01000964,2011 super output areas - lower layer,298,Age 20 to 24,0.0
22034,2011,E01000964,2011 super output areas - lower layer,298,Age 25 to 29,0.0
22035,2011,E01000964,2011 super output areas - lower layer,298,Age 30 to 44,0.0
22036,2011,E01000964,2011 super output areas - lower layer,298,Age 45 to 59,0.0
22037,2011,E01000964,2011 super output areas - lower layer,298,Age 60 to 64,0.0
22038,2011,E01000964,2011 super output areas - lower layer,298,Age 65 to 74,0.0
22039,2011,E01000964,2011 super output areas - lower layer,298,Age 75 to 84,0.0
22040,2011,E01000964,2011 super output areas - lower layer,298,Age 85 to 89,0.0
22041,2011,E01000964,2011 super output areas - lower layer,298,Age 90 and over,0.0
22042,2011,E01000964,2011 super output areas - lower layer,298,Mean Age,
22043,2011,E01000964,2011 super output areas - lower layer,298,Median Age,0.5
22044,2011,E01000964,2011 super output areas - lower layer,298,All usual residents,0.0
22045,2011,E01000964,2011 super output areas - lower layer,298,Age 0 to 4,0.0
22046,2011,E01000964,2011 super output areas - lower layer,298,Age 5 to 7,0.0
22047,2011,E01000964,2011 super output areas - lower layer,298,Age 8 to 9,0.0
22048,2011,E01000964,2011 super output areas - lower layer,298,Age 10 to 14,0.0
22049,2011,E01000964,2011 super output areas - lower layer,298,Age 15,0.0
22050,2011,E01000964,2011 super output areas - lower layer,298,Age 16 to 17,0.0
22051,2011,E01000964,2011 super output areas - lower layer,298,Age 18 to 19,0.0
22052,2011,E01000964,2011 super output areas - lower layer,298,Age 20 to 24,0.0
22053,2011,E01000964,2011 super output areas - lower layer,298,Age 25 to 29,0.0
22054,2011,E01000964,2011 super output areas - lower layer,298,Age 30 to 44,0.0
22055,2011,E01000964,2011 super output areas - lower layer,298,Age 45 to 59,0.0
22056,2011,E01000964,2011 super output areas - lower layer,298,Age 60 to 64,0.0
22057,2011,E01000964,2011 super output areas - lower layer,298,Age 65 to 74,0.0
22058,2011,E01000964,2011 super output areas - lower layer,298,Age 75 to 84,0.0
22059,2011,E01000964,2011 super output areas - lower layer,298,Age 85 to 89,0.0
22060,2011,E01000964,2011 super output areas - lower layer,298,Age 90 and over,0.0
22061,2011,E01000964,2011 super output areas - lower layer,298,Mean Age,
22062,2011,E01000964,2011 super output areas - lower layer,298,Median Age,0.5
22063,2011,E01000964,2011 super output areas - lower layer,298,All usual residents,0.0
22064,2011,E01000964,2011 super output areas - lower layer,298,Age 0 to 4,0.0
22065,2011,E01000964,2011 super output areas - lower layer,298,Age 5 to 7,0.0
22066,2011,E01000964,2011 super output areas - lower layer,298,Age 8 to 9,0.0
22067,2011,E01000964,2011 super output areas - lower layer,298,Age 10 to 14,0.0
22068,2011,E01000964,2011 super output areas - lower layer,298,Age 15,0.0
22069,2011,E01000964,2011 super output areas - lower layer,298,Age 16 to 17,0.0
22070,2011,E01000964,2011 super output areas - lower layer,298,Age 18 to 19,0.0
22071,2011,E01000964,2011 super output areas - lower layer,298,Age 20 to 24,0.0
22072,2011,E01000964,2011 super output areas - lower layer,298,Age 25 to 29,0.0
22073,2011,E01000964,2011 super output areas - lower layer,298,Age 30 to 44,0.0
22074,2011,E01000964,2011 super output areas - lower layer,298,Age 45 to 59,0.0
22075,2011,E01000964,2011 super output areas - lower layer,298,Age 60 to 64,0.0
22076,2011,E01000964,2011 super output areas - lower layer,298,Age 65 to 74,0.0
22077,2011,E01000964,2011 super output areas - lower layer,298,Age 75 to 84,0.0
22078,2011,E01000964,2011 super output areas - lower layer,298,Age 85 to 89,0.0
22079,2011,E01000964,2011 super output areas - lower layer,298,Age 90 and over,0.0
22080,2011,E01000964,2011 super output areas - lower layer,298,Mean Age,
22081,2011,E01000964,2011 super output areas - lower layer,298,Median Age,0.5
22082,2011,E01000964,2011 super output areas - lower layer,298,All usual residents,0.0
22083,2011,E01000964,2011 super output areas - lower layer,298,Age 0 to 4,0.0
22084,2011,E01000964,2011 super output areas - lower layer,298,Age 5 to 7,0.0
22085,2011,E01000964,2011 super output areas - lower layer,298,Age 8 to 9,0.0
22086,2011,E01000964,2011 super output areas - lower layer,298,Age 10 to 14,0.0
22087,2011,E01000964,2011 super output areas - lower layer,298,Age 15,0.0
22088,2011,E01000964,2011 super output areas - lower layer,298,Age 16 to 17,0.0
22089,2011,E01000964,2011 super output areas - lower layer,298,Age 18 to 19,0.0
22090,2011,E01000964,2011 super output areas - lower layer,298,Age 20 to 24,0.0
22091,2011,E01000964,2011 super output areas - lower layer,298,Age 25 to 29,0.0
22092,2011,E01000964,2011 super output areas - lower layer,298,Age 30 to 44,0.0
22093,2011,E01000964,2011 super output areas - lower layer,298,Age 45 to 59,0.0
22094,2011,E01000964,2011 super output areas - lower layer,298,Age 60 to 64,0.0
22095,2011,E01000964,2011 super output areas - lower layer,298,Age 65 to 74,0.0
22096,2011,E01000964,2011 super output areas - lower layer,298,Age 75 to 84,0.0
22097,2011,E01000964,2011 super output areas - lower layer,298,Age 85 to 89,0.0
22098,2011,E01000964,2011 super output areas - lower layer,298,Age 90 and over,0.0
22099,2011,E01000964,2011 super output areas - lower layer,298,Mean Age,
22100,2011,E01000964,2011 super output areas - lower layer,298,Median Age,0.5
22101,2011,E01000964,2011 super output areas - lower layer,298,All usual residents,0.0
22102,2011,E01000964,2011 super output areas - lower layer,298,Age 0 to 4,0.0
22103,2011,E01000964,2011 super output areas - lower layer,298,Age 5 to 7,0.0
22104,2011,E01000964,2011 super output areas - lower layer,298,Age 8 to 9,0.0
22105,2011,E01000964,2011 super output areas - lower layer,298,Age 10 to 14,0.0
22106,2011,E01000964,2011 super output areas - lower layer,298,Age 15,0.0
22107,2011,E01000964,2011 super output areas - lower layer,298,Age 16 to 17,0.0
22108,2011,E01000964,2011 super output areas - lower layer,298,Age 18 to 19,0.0
22109,2011,E01000964,2011 super output areas - lower layer,298,Age 20 to 24,0.0
22110,2011,E01000964,2011 super output areas - lower layer,298,Age 25 to 29,0.0
22111,2011,E01000964,2011 super output areas - lower layer,298,Age 30 to 44,0.0
22112,2011,E01000964,2011 super output areas - lower layer,298,Age 45 to 59,0.0
22113,2011,E01000964,2011 super output areas - lower layer,298,Age 60 to 64,0.0
22114,2011,E01000964,2011 super output areas - lower layer,298,Age 65 to 74,0.0
22115,2011,E01000964,2011 super output areas - lower layer,298,Age 75 to 84,0.0
22116,2011,E01000964,2011 super output areas - lower layer,298,Age 85 to 89,0.0
22117,2011,E01000964,2011 super output areas - lower layer,298,Age 90 and over,0.0
22118,2011,E01000964,2011 super output areas - lower layer,298,Mean Age,
22119,2011,E01000964,2011 super output areas - lower layer,298,Median Age,0.5
22120,2011,E01000964,2011 super output areas - lower layer,298,All usual residents,0.0
22121,2011,E01000964,2011 super output areas - lower layer,298,Age 0 to 4,0.0
22122,2011,E01000964,2011 super output areas - lower layer,298,Age 5 to 7,0.0
22123,2011,E01000964,2011 super output areas - lower layer,298,Age 8 to 9,0.0
22124,2011,E01000964,2011 super output areas - lower layer,298,Age 10 to 14,0.0
22125,2011,E01000964,2011 super output areas - lower layer,298,Age 15,0.0
22126,2011,E01000964,2011 super output areas - lower layer,298,Age 16 to 17,0.0
22127,2011,E01000964,2011 super output areas - lower layer,298,Age 18 to 19,0.0
22128,2011,E01000964,2011 super output areas - lower layer,298,Age 20 to 24,0.0
22129,2011,E01000964,2011 super output areas - lower layer,298,Age 25 to 29,0.0
22130,2011,E01000964,2011 super output areas - lower layer,298,Age 30 to 44,0.0
22131,2011,E01000964,2011 super output areas - lower layer,298,Age 45 to 59,0.0
22132,2011,E01000964,2011 super output areas - lower layer,298,Age 60 to 64,0.0
22133,2011,E01000964,2011 super output areas - lower layer,298,Age 65 to 74,0.0
22134,2011,E01000964,2011 super output areas - lower layer,298,Age 75 to 84,0.0
22135,2011,E01000964,2011 super output areas - lower layer,298,Age 85 to 89,0.0
22136,2011,E01000964,2011 super output areas - lower layer,298,Age 90 and over,0.0
22137,2011,E01000964,2011 super output areas - lower layer,298,Mean Age,
22138,2011,E01000964,2011 super output areas - lower layer,298,Median Age,0.5
22139,2011,E01000964,2011 super output areas - lower layer,298,All usual residents,0.0
22140,2011,E01000964,2011 super output areas - lower layer,298,Age 0 to 4,0.0
22141,2011,E01000964,2011 super output areas - lower layer,298,Age 5 to 7,0.0
22142,2011,E01000964,2011 super output areas - lower layer,298,Age 8 to 9,0.0
22143,2011,E01000964,2011 super output areas - lower layer,298,Age 10 to 14,0.0
22144,2011,E01000964,2011 super output areas - lower layer,298,Age 15,0.0
22145,2011,E01000964,2011 super output areas - lower layer,298,Age 16 to 17,0.0
22146,2011,E01000964,2011 super output areas - lower layer,298,Age 18 to 19,0.0
22147,2011,E01000964,2011 super output areas - lower layer,298,Age 20 to 24,0.0
22148,2011,E01000964,2011 super output areas - lower layer,298,Age 25 to 29,0.0
22149,2011,E01000964,2011 super output areas - lower layer,298,Age 30 to 44,0.0
22150,2011,E01000964,2011 super output areas - lower layer,298,Age 45 to 59,0.0
22151,2011,E01000964,2011 super output areas - lower layer,298,Age 60 to 64,0.0
22152,2011,E01000964,2011 super output areas - lower layer,298,Age 65 to 74,0.0
22153,2011,E01000964,2011 super output areas - lower layer,298,Age 75 to 84,0.0
22154,2011,E01000964,2011 super output areas - lower layer,298,Age 85 to 89,0.0
22155,2011,E01000964,2011 super output areas - lower layer,298,Age 90 and over,0.0
22156,2011,E01000964,2011 super output areas - lower layer,298,Mean Age,
22157,2011,E01000964,2011 super output areas - lower layer,298,Median Age,0.5
22158,2011,E01000964,2011 super output areas - lower layer,298,All usual residents,0.0
22159,2011,E01000964,2011 super output areas - lower layer,298,Age 0 to 4,0.0
22160,2011,E01000964,2011 super output areas - lower layer,298,Age 5 to 7,0.0
22161,2011,E01000964,2011 super output areas - lower layer,298,Age 8 to 9,0.0
22162,2011,E01000964,2011 super output areas - lower layer,298,Age 10 to 14,0.0
22163,2011,E01000964,2011 super output areas - lower layer,298,Age 15,0.0
22164,2011,E01000964,2011 super output areas - lower layer,298,Age 16 to 17,0.0
22165,2011,E01000964,2011 super output areas - lower layer,298,Age 18 to 19,0.0
22166,2011,E01000964,2011 super output areas - lower layer,298,Age 20 to 24,0.0
22167,2011,E01000964,2011 super output areas - lower layer,298,Age 25 to 29,0.0
22168,2011,E01000964,2011 super output areas - lower layer,298,Age 30 to 44,0.0
22169,2011,E01000964,2011 super output areas - lower layer,298,Age 45 to 59,0.0
22170,2011,E01000964,2011 super output areas - lower layer,298,Age 60 to 64,0.0
22171,2011,E01000964,2011 super output areas - lower layer,298,Age 65 to 74,0.0
22172,2011,E01000964,2011 super output areas - lower layer,298,Age 75 to 84,0.0
22173,2011,E01000964,2011 super output areas - lower layer,298,Age 85 to 89,0.0
22174,2011,E01000964,2011 super output areas - lower layer,298,Age 90 and over,0.0
22175,2011,E01000964,2011 super output areas - lower layer,298,Mean Age,
22176,2011,E01000964,2011 super output areas - lower layer,298,Median Age,0.5
22177,2011,E01000964,2011 super output areas - lower layer,298,All usual residents,0.0
22178,2011,E01000964,2011 super output areas - lower layer,298,Age 0 to 4,0.0
22179,2011,E01000964,2011 super output areas - lower layer,298,Age 5 to 7,0.0
22180,2011,E01000964,2011 super output areas - lower layer,298,Age 8 to 9,0.0
22181,2011,E01000964,2011 super output areas - lower layer,298,Age 10 to 14,0.0
22182,2011,E01000964,2011 super output areas - lower layer,298,Age 15,0.0
22183,2011,E01000964,2011 super output areas - lower layer,298,Age 16 to 17,0.0
22184,2011,E01000964,2011 super output areas - lower layer,298,Age 18 to 19,0.0
22185,2011,E01000964,2011 super output areas - lower layer,298,Age 20 to 24,0.0
22186,2011,E01000964,2011 super output areas - lower layer,298,Age 25 to 29,0.0
22187,2011,E01000964,2011 super output areas - lower layer,298,Age 30 to 44,0.0
22188,2011,E01000964,2011 super output areas - lower layer,298,Age 45 to 59,0.0
22189,2011,E01000964,2011 super output areas - lower layer,298,Age 60 to 64,0.0
22190,2011,E01000964,2011 super output areas - lower layer,298,Age 65 to 74,0.0
22191,2011,E01000964,2011 super output areas - lower layer,298,Age 75 to 84,0.0
22192,2011,E01000964,2011 super output areas - lower layer,298,Age 85 to 89,0.0
22193,2011,E01000964,2011 super output areas - lower layer,298,Age 90 and over,0.0
22194,2011,E01000964,2011 super output areas - lower layer,298,Mean Age,
22195,2011,E01000964,2011 super output areas - lower layer,298,Median Age,0.5
22196,2011,E01000964,2011 super output areas - lower layer,298,All usual residents,0.0
22197,2011,E01000964,2011 super output areas - lower layer,298,Age 0 to 4,0.0
22198,2011,E01000964,2011 super output areas - lower layer,298,Age 5 to 7,0.0
22199,2011,E01000964,2011 super output areas - lower layer,298,Age 8 to 9,0.0
22200,2011,E01000964,2011 super output areas - lower layer,298,Age 10 to 14,0.0
22201,2011,E01000964,2011 super output areas - lower layer,298,Age 15,0.0
22202,2011,E01000964,2011 super output areas - lower layer,298,Age 16 to 17,0.0
22203,2011,E01000964,2011 super output areas - lower layer,298,Age 18 to 19,0.0
22204,2011,E01000964,2011 super output areas - lower layer,298,Age 20 to 24,0.0
22205,2011,E01000964,2011 super output areas - lower layer,298,Age 25 to 29,0.0
22206,2011,E01000964,2011 super output areas - lower layer,298,Age 30 to 44,0.0
22207,2011,E01000964,2011 super output areas - lower layer,298,Age 45 to 59,0.0
22208,2011,E01000964,2011 super output areas - lower layer,298,Age 60 to 64,0.0
22209,2011,E01000964,2011 super output areas - lower layer,298,Age 65 to 74,0.0
22210,2011,E01000964,2011 super output areas - lower layer,298,Age 75 to 84,0.0
22211,2011,E01000964,2011 super output areas - lower layer,298,Age 85 to 89,0.0
22212,2011,E01000964,2011 super output areas - lower layer,298,Age 90 and over,0.0
22213,2011,E01000964,2011 super output areas - lower layer,298,Mean Age,
22214,2011,E01000964,2011 super output areas - lower layer,298,Median Age,0.5
22215,2011,E01000964,2011 super output areas - lower layer,298,All usual residents,0.0
22216,2011,E01000964,2011 super output areas - lower layer,298,Age 0 to 4,0.0
22217,2011,E01000964,2011 super output areas - lower layer,298,Age 5 to 7,0.0
22218,2011,E01000964,2011 super output areas - lower layer,298,Age 8 to 9,0.0
22219,2011,E01000964,2011 super output areas - lower layer,298,Age 10 to 14,0.0
22220,2011,E01000964,2011 super output areas - lower layer,298,Age 15,0.0
22221,2011,E01000964,2011 super output areas - lower layer,298,Age 16 to 17,0.0
22222,2011,E01000964,2011 super output areas - lower layer,298,Age 18 to 19,0.0
22223,2011,E01000964,2011 super output areas - lower layer,298,Age 20 to 24,0.0
22224,2011,E01000964,2011 super output areas - lower layer,298,Age 25 to 29,0.0
22225,2011,E01000964,2011 super output areas - lower layer,298,Age 30 to 44,0.0
22226,2011,E01000964,2011 super output areas - lower layer,298,Age 45 to 59,0.0
22227,2011,E01000964,2011 super output areas - lower layer,298,Age 60 to 64,0.0
22228,2011,E01000964,2011 super output areas - lower layer,298,Age 65 to 74,0.0
22229,2011,E01000964,2011 super output areas - lower layer,298,Age 75 to 84,0.0
22230,2011,E01000964,2011 super output areas - lower layer,298,Age 85 to 89,0.0
22231,2011,E01000964,2011 super output areas - lower layer,298,Age 90 and over,0.0
22232,2011,E01000964,2011 super output areas - lower layer,298,Mean Age,
22233,2011,E01000964,2011 super output areas - lower layer,298,Median Age,0.5
22234,2011,E01000965,2011 super output areas - lower layer,298,All usual residents,1522.0
22235,2011,E01000965,2011 super output areas - lower layer,298,Age 0 to 4,97.0
22236,2011,E01000965,2011 super output areas - lower layer,298,Age 5 to 7,40.0
22237,2011,E01000965,2011 super output areas - lower layer,298,Age 8 to 9,14.0
22238,2011,E01000965,2011 super output areas - lower layer,298,Age 10 to 14,47.0
22239,2011,E01000965,2011 super output areas - lower layer,298,Age 15,9.0
22240,2011,E01000965,2011 super output areas - lower layer,298,Age 16 to 17,25.0
22241,2011,E01000965,2011 super output areas - lower layer,298,Age 18 to 19,17.0
22242,2011,E01000965,2011 super output areas - lower layer,298,Age 20 to 24,97.0
22243,2011,E01000965,2011 super output areas - lower layer,298,Age 25 to 29,279.0
22244,2011,E01000965,2011 super output areas - lower layer,298,Age 30 to 44,498.0
22245,2011,E01000965,2011 super output areas - lower layer,298,Age 45 to 59,206.0
22246,2011,E01000965,2011 super output areas - lower layer,298,Age 60 to 64,53.0
22247,2011,E01000965,2011 super output areas - lower layer,298,Age 65 to 74,68.0
22248,2011,E01000965,2011 super output areas - lower layer,298,Age 75 to 84,48.0
22249,2011,E01000965,2011 super output areas - lower layer,298,Age 85 to 89,16.0
22250,2011,E01000965,2011 super output areas - lower layer,298,Age 90 and over,8.0
22251,2011,E01000965,2011 super output areas - lower layer,298,Mean Age,35.5
22252,2011,E01000965,2011 super output areas - lower layer,298,Median Age,32.0
22253,2011,E01000965,2011 super output areas - lower layer,298,All usual residents,0.0
22254,2011,E01000965,2011 super output areas - lower layer,298,Age 0 to 4,0.0
22255,2011,E01000965,2011 super output areas - lower layer,298,Age 5 to 7,0.0
22256,2011,E01000965,2011 super output areas - lower layer,298,Age 8 to 9,0.0
22257,2011,E01000965,2011 super output areas - lower layer,298,Age 10 to 14,0.0
22258,2011,E01000965,2011 super output areas - lower layer,298,Age 15,0.0
22259,2011,E01000965,2011 super output areas - lower layer,298,Age 16 to 17,0.0
22260,2011,E01000965,2011 super output areas - lower layer,298,Age 18 to 19,0.0
22261,2011,E01000965,2011 super output areas - lower layer,298,Age 20 to 24,0.0
22262,2011,E01000965,2011 super output areas - lower layer,298,Age 25 to 29,0.0
22263,2011,E01000965,2011 super output areas - lower layer,298,Age 30 to 44,0.0
22264,2011,E01000965,2011 super output areas - lower layer,298,Age 45 to 59,0.0
22265,2011,E01000965,2011 super output areas - lower layer,298,Age 60 to 64,0.0
22266,2011,E01000965,2011 super output areas - lower layer,298,Age 65 to 74,0.0
22267,2011,E01000965,2011 super output areas - lower layer,298,Age 75 to 84,0.0
22268,2011,E01000965,2011 super output areas - lower layer,298,Age 85 to 89,0.0
22269,2011,E01000965,2011 super output areas - lower layer,298,Age 90 and over,0.0
22270,2011,E01000965,2011 super output areas - lower layer,298,Mean Age,
22271,2011,E01000965,2011 super output areas - lower layer,298,Median Age,0.5
22272,2011,E01000965,2011 super output areas - lower layer,298,All usual residents,0.0
22273,2011,E01000965,2011 super output areas - lower layer,298,Age 0 to 4,0.0
22274,2011,E01000965,2011 super output areas - lower layer,298,Age 5 to 7,0.0
22275,2011,E01000965,2011 super output areas - lower layer,298,Age 8 to 9,0.0
22276,2011,E01000965,2011 super output areas - lower layer,298,Age 10 to 14,0.0
22277,2011,E01000965,2011 super output areas - lower layer,298,Age 15,0.0
22278,2011,E01000965,2011 super output areas - lower layer,298,Age 16 to 17,0.0
22279,2011,E01000965,2011 super output areas - lower layer,298,Age 18 to 19,0.0
22280,2011,E01000965,2011 super output areas - lower layer,298,Age 20 to 24,0.0
22281,2011,E01000965,2011 super output areas - lower layer,298,Age 25 to 29,0.0
22282,2011,E01000965,2011 super output areas - lower layer,298,Age 30 to 44,0.0
22283,2011,E01000965,2011 super output areas - lower layer,298,Age 45 to 59,0.0
22284,2011,E01000965,2011 super output areas - lower layer,298,Age 60 to 64,0.0
22285,2011,E01000965,2011 super output areas - lower layer,298,Age 65 to 74,0.0
22286,2011,E01000965,2011 super output areas - lower layer,298,Age 75 to 84,0.0
22287,2011,E01000965,2011 super output areas - lower layer,298,Age 85 to 89,0.0
22288,2011,E01000965,2011 super output areas - lower layer,298,Age 90 and over,0.0
22289,2011,E01000965,2011 super output areas - lower layer,298,Mean Age,
22290,2011,E01000965,2011 super output areas - lower layer,298,Median Age,0.5
22291,2011,E01000965,2011 super output areas - lower layer,298,All usual residents,0.0
22292,2011,E01000965,2011 super output areas - lower layer,298,Age 0 to 4,0.0
22293,2011,E01000965,2011 super output areas - lower layer,298,Age 5 to 7,0.0
22294,2011,E01000965,2011 super output areas - lower layer,298,Age 8 to 9,0.0
22295,2011,E01000965,2011 super output areas - lower layer,298,Age 10 to 14,0.0
22296,2011,E01000965,2011 super output areas - lower layer,298,Age 15,0.0
22297,2011,E01000965,2011 super output areas - lower layer,298,Age 16 to 17,0.0
22298,2011,E01000965,2011 super output areas - lower layer,298,Age 18 to 19,0.0
22299,2011,E01000965,2011 super output areas - lower layer,298,Age 20 to 24,0.0
22300,2011,E01000965,2011 super output areas - lower layer,298,Age 25 to 29,0.0
22301,2011,E01000965,2011 super output areas - lower layer,298,Age 30 to 44,0.0
22302,2011,E01000965,2011 super output areas - lower layer,298,Age 45 to 59,0.0
22303,2011,E01000965,2011 super output areas - lower layer,298,Age 60 to 64,0.0
22304,2011,E01000965,2011 super output areas - lower layer,298,Age 65 to 74,0.0
22305,2011,E01000965,2011 super output areas - lower layer,298,Age 75 to 84,0.0
22306,2011,E01000965,2011 super output areas - lower layer,298,Age 85 to 89,0.0
22307,2011,E01000965,2011 super output areas - lower layer,298,Age 90 and over,0.0
22308,2011,E01000965,2011 super output areas - lower layer,298,Mean Age,
22309,2011,E01000965,2011 super output areas - lower layer,298,Median Age,0.5
22310,2011,E01000965,2011 super output areas - lower layer,298,All usual residents,0.0
22311,2011,E01000965,2011 super output areas - lower layer,298,Age 0 to 4,0.0
22312,2011,E01000965,2011 super output areas - lower layer,298,Age 5 to 7,0.0
22313,2011,E01000965,2011 super output areas - lower layer,298,Age 8 to 9,0.0
22314,2011,E01000965,2011 super output areas - lower layer,298,Age 10 to 14,0.0
22315,2011,E01000965,2011 super output areas - lower layer,298,Age 15,0.0
22316,2011,E01000965,2011 super output areas - lower layer,298,Age 16 to 17,0.0
22317,2011,E01000965,2011 super output areas - lower layer,298,Age 18 to 19,0.0
22318,2011,E01000965,2011 super output areas - lower layer,298,Age 20 to 24,0.0
22319,2011,E01000965,2011 super output areas - lower layer,298,Age 25 to 29,0.0
22320,2011,E01000965,2011 super output areas - lower layer,298,Age 30 to 44,0.0
22321,2011,E01000965,2011 super output areas - lower layer,298,Age 45 to 59,0.0
22322,2011,E01000965,2011 super output areas - lower layer,298,Age 60 to 64,0.0
22323,2011,E01000965,2011 super output areas - lower layer,298,Age 65 to 74,0.0
22324,2011,E01000965,2011 super output areas - lower layer,298,Age 75 to 84,0.0
22325,2011,E01000965,2011 super output areas - lower layer,298,Age 85 to 89,0.0
22326,2011,E01000965,2011 super output areas - lower layer,298,Age 90 and over,0.0
22327,2011,E01000965,2011 super output areas - lower layer,298,Mean Age,
22328,2011,E01000965,2011 super output areas - lower layer,298,Median Age,0.5
22329,2011,E01000965,2011 super output areas - lower layer,298,All usual residents,0.0
22330,2011,E01000965,2011 super output areas - lower layer,298,Age 0 to 4,0.0
22331,2011,E01000965,2011 super output areas - lower layer,298,Age 5 to 7,0.0
22332,2011,E01000965,2011 super output areas - lower layer,298,Age 8 to 9,0.0
22333,2011,E01000965,2011 super output areas - lower layer,298,Age 10 to 14,0.0
22334,2011,E01000965,2011 super output areas - lower layer,298,Age 15,0.0
22335,2011,E01000965,2011 super output areas - lower layer,298,Age 16 to 17,0.0
22336,2011,E01000965,2011 super output areas - lower layer,298,Age 18 to 19,0.0
22337,2011,E01000965,2011 super output areas - lower layer,298,Age 20 to 24,0.0
22338,2011,E01000965,2011 super output areas - lower layer,298,Age 25 to 29,0.0
22339,2011,E01000965,2011 super output areas - lower layer,298,Age 30 to 44,0.0
22340,2011,E01000965,2011 super output areas - lower layer,298,Age 45 to 59,0.0
22341,2011,E01000965,2011 super output areas - lower layer,298,Age 60 to 64,0.0
22342,2011,E01000965,2011 super output areas - lower layer,298,Age 65 to 74,0.0
22343,2011,E01000965,2011 super output areas - lower layer,298,Age 75 to 84,0.0
22344,2011,E01000965,2011 super output areas - lower layer,298,Age 85 to 89,0.0
22345,2011,E01000965,2011 super output areas - lower layer,298,Age 90 and over,0.0
22346,2011,E01000965,2011 super output areas - lower layer,298,Mean Age,
22347,2011,E01000965,2011 super output areas - lower layer,298,Median Age,0.5
22348,2011,E01000965,2011 super output areas - lower layer,298,All usual residents,0.0
22349,2011,E01000965,2011 super output areas - lower layer,298,Age 0 to 4,0.0
22350,2011,E01000965,2011 super output areas - lower layer,298,Age 5 to 7,0.0
22351,2011,E01000965,2011 super output areas - lower layer,298,Age 8 to 9,0.0
22352,2011,E01000965,2011 super output areas - lower layer,298,Age 10 to 14,0.0
22353,2011,E01000965,2011 super output areas - lower layer,298,Age 15,0.0
22354,2011,E01000965,2011 super output areas - lower layer,298,Age 16 to 17,0.0
22355,2011,E01000965,2011 super output areas - lower layer,298,Age 18 to 19,0.0
22356,2011,E01000965,2011 super output areas - lower layer,298,Age 20 to 24,0.0
22357,2011,E01000965,2011 super output areas - lower layer,298,Age 25 to 29,0.0
22358,2011,E01000965,2011 super output areas - lower layer,298,Age 30 to 44,0.0
22359,2011,E01000965,2011 super output areas - lower layer,298,Age 45 to 59,0.0
22360,2011,E01000965,2011 super output areas - lower layer,298,Age 60 to 64,0.0
22361,2011,E01000965,2011 super output areas - lower layer,298,Age 65 to 74,0.0
22362,2011,E01000965,2011 super output areas - lower layer,298,Age 75 to 84,0.0
22363,2011,E01000965,2011 super output areas - lower layer,298,Age 85 to 89,0.0
22364,2011,E01000965,2011 super output areas - lower layer,298,Age 90 and over,0.0
22365,2011,E01000965,2011 super output areas - lower layer,298,Mean Age,
22366,2011,E01000965,2011 super output areas - lower layer,298,Median Age,0.5
22367,2011,E01000965,2011 super output areas - lower layer,298,All usual residents,0.0
22368,2011,E01000965,2011 super output areas - lower layer,298,Age 0 to 4,0.0
22369,2011,E01000965,2011 super output areas - lower layer,298,Age 5 to 7,0.0
22370,2011,E01000965,2011 super output areas - lower layer,298,Age 8 to 9,0.0
22371,2011,E01000965,2011 super output areas - lower layer,298,Age 10 to 14,0.0
22372,2011,E01000965,2011 super output areas - lower layer,298,Age 15,0.0
22373,2011,E01000965,2011 super output areas - lower layer,298,Age 16 to 17,0.0
22374,2011,E01000965,2011 super output areas - lower layer,298,Age 18 to 19,0.0
22375,2011,E01000965,2011 super output areas - lower layer,298,Age 20 to 24,0.0
22376,2011,E01000965,2011 super output areas - lower layer,298,Age 25 to 29,0.0
22377,2011,E01000965,2011 super output areas - lower layer,298,Age 30 to 44,0.0
22378,2011,E01000965,2011 super output areas - lower layer,298,Age 45 to 59,0.0
22379,2011,E01000965,2011 super output areas - lower layer,298,Age 60 to 64,0.0
22380,2011,E01000965,2011 super output areas - lower layer,298,Age 65 to 74,0.0
22381,2011,E01000965,2011 super output areas - lower layer,298,Age 75 to 84,0.0
22382,2011,E01000965,2011 super output areas - lower layer,298,Age 85 to 89,0.0
22383,2011,E01000965,2011 super output areas - lower layer,298,Age 90 and over,0.0
22384,2011,E01000965,2011 super output areas - lower layer,298,Mean Age,
22385,2011,E01000965,2011 super output areas - lower layer,298,Median Age,0.5
22386,2011,E01000965,2011 super output areas - lower layer,298,All usual residents,0.0
22387,2011,E01000965,2011 super output areas - lower layer,298,Age 0 to 4,0.0
22388,2011,E01000965,2011 super output areas - lower layer,298,Age 5 to 7,0.0
22389,2011,E01000965,2011 super output areas - lower layer,298,Age 8 to 9,0.0
22390,2011,E01000965,2011 super output areas - lower layer,298,Age 10 to 14,0.0
22391,2011,E01000965,2011 super output areas - lower layer,298,Age 15,0.0
22392,2011,E01000965,2011 super output areas - lower layer,298,Age 16 to 17,0.0
22393,2011,E01000965,2011 super output areas - lower layer,298,Age 18 to 19,0.0
22394,2011,E01000965,2011 super output areas - lower layer,298,Age 20 to 24,0.0
22395,2011,E01000965,2011 super output areas - lower layer,298,Age 25 to 29,0.0
22396,2011,E01000965,2011 super output areas - lower layer,298,Age 30 to 44,0.0
22397,2011,E01000965,2011 super output areas - lower layer,298,Age 45 to 59,0.0
22398,2011,E01000965,2011 super output areas - lower layer,298,Age 60 to 64,0.0
22399,2011,E01000965,2011 super output areas - lower layer,298,Age 65 to 74,0.0
22400,2011,E01000965,2011 super output areas - lower layer,298,Age 75 to 84,0.0
22401,2011,E01000965,2011 super output areas - lower layer,298,Age 85 to 89,0.0
22402,2011,E01000965,2011 super output areas - lower layer,298,Age 90 and over,0.0
22403,2011,E01000965,2011 super output areas - lower layer,298,Mean Age,
22404,2011,E01000965,2011 super output areas - lower layer,298,Median Age,0.5
22405,2011,E01000965,2011 super output areas - lower layer,298,All usual residents,0.0
22406,2011,E01000965,2011 super output areas - lower layer,298,Age 0 to 4,0.0
22407,2011,E01000965,2011 super output areas - lower layer,298,Age 5 to 7,0.0
22408,2011,E01000965,2011 super output areas - lower layer,298,Age 8 to 9,0.0
22409,2011,E01000965,2011 super output areas - lower layer,298,Age 10 to 14,0.0
22410,2011,E01000965,2011 super output areas - lower layer,298,Age 15,0.0
22411,2011,E01000965,2011 super output areas - lower layer,298,Age 16 to 17,0.0
22412,2011,E01000965,2011 super output areas - lower layer,298,Age 18 to 19,0.0
22413,2011,E01000965,2011 super output areas - lower layer,298,Age 20 to 24,0.0
22414,2011,E01000965,2011 super output areas - lower layer,298,Age 25 to 29,0.0
22415,2011,E01000965,2011 super output areas - lower layer,298,Age 30 to 44,0.0
22416,2011,E01000965,2011 super output areas - lower layer,298,Age 45 to 59,0.0
22417,2011,E01000965,2011 super output areas - lower layer,298,Age 60 to 64,0.0
22418,2011,E01000965,2011 super output areas - lower layer,298,Age 65 to 74,0.0
22419,2011,E01000965,2011 super output areas - lower layer,298,Age 75 to 84,0.0
22420,2011,E01000965,2011 super output areas - lower layer,298,Age 85 to 89,0.0
22421,2011,E01000965,2011 super output areas - lower layer,298,Age 90 and over,0.0
22422,2011,E01000965,2011 super output areas - lower layer,298,Mean Age,
22423,2011,E01000965,2011 super output areas - lower layer,298,Median Age,0.5
22424,2011,E01000965,2011 super output areas - lower layer,298,All usual residents,0.0
22425,2011,E01000965,2011 super output areas - lower layer,298,Age 0 to 4,0.0
22426,2011,E01000965,2011 super output areas - lower layer,298,Age 5 to 7,0.0
22427,2011,E01000965,2011 super output areas - lower layer,298,Age 8 to 9,0.0
22428,2011,E01000965,2011 super output areas - lower layer,298,Age 10 to 14,0.0
22429,2011,E01000965,2011 super output areas - lower layer,298,Age 15,0.0
22430,2011,E01000965,2011 super output areas - lower layer,298,Age 16 to 17,0.0
22431,2011,E01000965,2011 super output areas - lower layer,298,Age 18 to 19,0.0
22432,2011,E01000965,2011 super output areas - lower layer,298,Age 20 to 24,0.0
22433,2011,E01000965,2011 super output areas - lower layer,298,Age 25 to 29,0.0
22434,2011,E01000965,2011 super output areas - lower layer,298,Age 30 to 44,0.0
22435,2011,E01000965,2011 super output areas - lower layer,298,Age 45 to 59,0.0
22436,2011,E01000965,2011 super output areas - lower layer,298,Age 60 to 64,0.0
22437,2011,E01000965,2011 super output areas - lower layer,298,Age 65 to 74,0.0
22438,2011,E01000965,2011 super output areas - lower layer,298,Age 75 to 84,0.0
22439,2011,E01000965,2011 super output areas - lower layer,298,Age 85 to 89,0.0
22440,2011,E01000965,2011 super output areas - lower layer,298,Age 90 and over,0.0
22441,2011,E01000965,2011 super output areas - lower layer,298,Mean Age,
22442,2011,E01000965,2011 super output areas - lower layer,298,Median Age,0.5
22443,2011,E01000965,2011 super output areas - lower layer,298,All usual residents,0.0
22444,2011,E01000965,2011 super output areas - lower layer,298,Age 0 to 4,0.0
22445,2011,E01000965,2011 super output areas - lower layer,298,Age 5 to 7,0.0
22446,2011,E01000965,2011 super output areas - lower layer,298,Age 8 to 9,0.0
22447,2011,E01000965,2011 super output areas - lower layer,298,Age 10 to 14,0.0
22448,2011,E01000965,2011 super output areas - lower layer,298,Age 15,0.0
22449,2011,E01000965,2011 super output areas - lower layer,298,Age 16 to 17,0.0
22450,2011,E01000965,2011 super output areas - lower layer,298,Age 18 to 19,0.0
22451,2011,E01000965,2011 super output areas - lower layer,298,Age 20 to 24,0.0
22452,2011,E01000965,2011 super output areas - lower layer,298,Age 25 to 29,0.0
22453,2011,E01000965,2011 super output areas - lower layer,298,Age 30 to 44,0.0
22454,2011,E01000965,2011 super output areas - lower layer,298,Age 45 to 59,0.0
22455,2011,E01000965,2011 super output areas - lower layer,298,Age 60 to 64,0.0
22456,2011,E01000965,2011 super output areas - lower layer,298,Age 65 to 74,0.0
22457,2011,E01000965,2011 super output areas - lower layer,298,Age 75 to 84,0.0
22458,2011,E01000965,2011 super output areas - lower layer,298,Age 85 to 89,0.0
22459,2011,E01000965,2011 super output areas - lower layer,298,Age 90 and over,0.0
22460,2011,E01000965,2011 super output areas - lower layer,298,Mean Age,
22461,2011,E01000965,2011 super output areas - lower layer,298,Median Age,0.5
22462,2011,E01000965,2011 super output areas - lower layer,298,All usual residents,0.0
22463,2011,E01000965,2011 super output areas - lower layer,298,Age 0 to 4,0.0
22464,2011,E01000965,2011 super output areas - lower layer,298,Age 5 to 7,0.0
22465,2011,E01000965,2011 super output areas - lower layer,298,Age 8 to 9,0.0
22466,2011,E01000965,2011 super output areas - lower layer,298,Age 10 to 14,0.0
22467,2011,E01000965,2011 super output areas - lower layer,298,Age 15,0.0
22468,2011,E01000965,2011 super output areas - lower layer,298,Age 16 to 17,0.0
22469,2011,E01000965,2011 super output areas - lower layer,298,Age 18 to 19,0.0
22470,2011,E01000965,2011 super output areas - lower layer,298,Age 20 to 24,0.0
22471,2011,E01000965,2011 super output areas - lower layer,298,Age 25 to 29,0.0
22472,2011,E01000965,2011 super output areas - lower layer,298,Age 30 to 44,0.0
22473,2011,E01000965,2011 super output areas - lower layer,298,Age 45 to 59,0.0
22474,2011,E01000965,2011 super output areas - lower layer,298,Age 60 to 64,0.0
22475,2011,E01000965,2011 super output areas - lower layer,298,Age 65 to 74,0.0
22476,2011,E01000965,2011 super output areas - lower layer,298,Age 75 to 84,0.0
22477,2011,E01000965,2011 super output areas - lower layer,298,Age 85 to 89,0.0
22478,2011,E01000965,2011 super output areas - lower layer,298,Age 90 and over,0.0
22479,2011,E01000965,2011 super output areas - lower layer,298,Mean Age,
22480,2011,E01000965,2011 super output areas - lower layer,298,Median Age,0.5
22481,2011,E01000966,2011 super output areas - lower layer,298,All usual residents,1512.0
22482,2011,E01000966,2011 super output areas - lower layer,298,Age 0 to 4,106.0
22483,2011,E01000966,2011 super output areas - lower layer,298,Age 5 to 7,31.0
22484,2011,E01000966,2011 super output areas - lower layer,298,Age 8 to 9,16.0
22485,2011,E01000966,2011 super output areas - lower layer,298,Age 10 to 14,53.0
22486,2011,E01000966,2011 super output areas - lower layer,298,Age 15,10.0
22487,2011,E01000966,2011 super output areas - lower layer,298,Age 16 to 17,15.0
22488,2011,E01000966,2011 super output areas - lower layer,298,Age 18 to 19,9.0
22489,2011,E01000966,2011 super output areas - lower layer,298,Age 20 to 24,79.0
22490,2011,E01000966,2011 super output areas - lower layer,298,Age 25 to 29,222.0
22491,2011,E01000966,2011 super output areas - lower layer,298,Age 30 to 44,535.0
22492,2011,E01000966,2011 super output areas - lower layer,298,Age 45 to 59,219.0
22493,2011,E01000966,2011 super output areas - lower layer,298,Age 60 to 64,76.0
22494,2011,E01000966,2011 super output areas - lower layer,298,Age 65 to 74,82.0
22495,2011,E01000966,2011 super output areas - lower layer,298,Age 75 to 84,47.0
22496,2011,E01000966,2011 super output areas - lower layer,298,Age 85 to 89,10.0
22497,2011,E01000966,2011 super output areas - lower layer,298,Age 90 and over,2.0
22498,2011,E01000966,2011 super output areas - lower layer,298,Mean Age,36.3
22499,2011,E01000966,2011 super output areas - lower layer,298,Median Age,34.0
22500,2011,E01000966,2011 super output areas - lower layer,298,All usual residents,0.0
22501,2011,E01000966,2011 super output areas - lower layer,298,Age 0 to 4,0.0
22502,2011,E01000966,2011 super output areas - lower layer,298,Age 5 to 7,0.0
22503,2011,E01000966,2011 super output areas - lower layer,298,Age 8 to 9,0.0
22504,2011,E01000966,2011 super output areas - lower layer,298,Age 10 to 14,0.0
22505,2011,E01000966,2011 super output areas - lower layer,298,Age 15,0.0
22506,2011,E01000966,2011 super output areas - lower layer,298,Age 16 to 17,0.0
22507,2011,E01000966,2011 super output areas - lower layer,298,Age 18 to 19,0.0
22508,2011,E01000966,2011 super output areas - lower layer,298,Age 20 to 24,0.0
22509,2011,E01000966,2011 super output areas - lower layer,298,Age 25 to 29,0.0
22510,2011,E01000966,2011 super output areas - lower layer,298,Age 30 to 44,0.0
22511,2011,E01000966,2011 super output areas - lower layer,298,Age 45 to 59,0.0
22512,2011,E01000966,2011 super output areas - lower layer,298,Age 60 to 64,0.0
22513,2011,E01000966,2011 super output areas - lower layer,298,Age 65 to 74,0.0
22514,2011,E01000966,2011 super output areas - lower layer,298,Age 75 to 84,0.0
22515,2011,E01000966,2011 super output areas - lower layer,298,Age 85 to 89,0.0
22516,2011,E01000966,2011 super output areas - lower layer,298,Age 90 and over,0.0
22517,2011,E01000966,2011 super output areas - lower layer,298,Mean Age,
22518,2011,E01000966,2011 super output areas - lower layer,298,Median Age,0.5
22519,2011,E01000966,2011 super output areas - lower layer,298,All usual residents,0.0
22520,2011,E01000966,2011 super output areas - lower layer,298,Age 0 to 4,0.0
22521,2011,E01000966,2011 super output areas - lower layer,298,Age 5 to 7,0.0
22522,2011,E01000966,2011 super output areas - lower layer,298,Age 8 to 9,0.0
22523,2011,E01000966,2011 super output areas - lower layer,298,Age 10 to 14,0.0
22524,2011,E01000966,2011 super output areas - lower layer,298,Age 15,0.0
22525,2011,E01000966,2011 super output areas - lower layer,298,Age 16 to 17,0.0
22526,2011,E01000966,2011 super output areas - lower layer,298,Age 18 to 19,0.0
22527,2011,E01000966,2011 super output areas - lower layer,298,Age 20 to 24,0.0
22528,2011,E01000966,2011 super output areas - lower layer,298,Age 25 to 29,0.0
22529,2011,E01000966,2011 super output areas - lower layer,298,Age 30 to 44,0.0
22530,2011,E01000966,2011 super output areas - lower layer,298,Age 45 to 59,0.0
22531,2011,E01000966,2011 super output areas - lower layer,298,Age 60 to 64,0.0
22532,2011,E01000966,2011 super output areas - lower layer,298,Age 65 to 74,0.0
22533,2011,E01000966,2011 super output areas - lower layer,298,Age 75 to 84,0.0
22534,2011,E01000966,2011 super output areas - lower layer,298,Age 85 to 89,0.0
22535,2011,E01000966,2011 super output areas - lower layer,298,Age 90 and over,0.0
22536,2011,E01000966,2011 super output areas - lower layer,298,Mean Age,
22537,2011,E01000966,2011 super output areas - lower layer,298,Median Age,0.5
22538,2011,E01000966,2011 super output areas - lower layer,298,All usual residents,0.0
22539,2011,E01000966,2011 super output areas - lower layer,298,Age 0 to 4,0.0
22540,2011,E01000966,2011 super output areas - lower layer,298,Age 5 to 7,0.0
22541,2011,E01000966,2011 super output areas - lower layer,298,Age 8 to 9,0.0
22542,2011,E01000966,2011 super output areas - lower layer,298,Age 10 to 14,0.0
22543,2011,E01000966,2011 super output areas - lower layer,298,Age 15,0.0
22544,2011,E01000966,2011 super output areas - lower layer,298,Age 16 to 17,0.0
22545,2011,E01000966,2011 super output areas - lower layer,298,Age 18 to 19,0.0
22546,2011,E01000966,2011 super output areas - lower layer,298,Age 20 to 24,0.0
22547,2011,E01000966,2011 super output areas - lower layer,298,Age 25 to 29,0.0
22548,2011,E01000966,2011 super output areas - lower layer,298,Age 30 to 44,0.0
22549,2011,E01000966,2011 super output areas - lower layer,298,Age 45 to 59,0.0
22550,2011,E01000966,2011 super output areas - lower layer,298,Age 60 to 64,0.0
22551,2011,E01000966,2011 super output areas - lower layer,298,Age 65 to 74,0.0
22552,2011,E01000966,2011 super output areas - lower layer,298,Age 75 to 84,0.0
22553,2011,E01000966,2011 super output areas - lower layer,298,Age 85 to 89,0.0
22554,2011,E01000966,2011 super output areas - lower layer,298,Age 90 and over,0.0
22555,2011,E01000966,2011 super output areas - lower layer,298,Mean Age,
22556,2011,E01000966,2011 super output areas - lower layer,298,Median Age,0.5
22557,2011,E01000966,2011 super output areas - lower layer,298,All usual residents,0.0
22558,2011,E01000966,2011 super output areas - lower layer,298,Age 0 to 4,0.0
22559,2011,E01000966,2011 super output areas - lower layer,298,Age 5 to 7,0.0
22560,2011,E01000966,2011 super output areas - lower layer,298,Age 8 to 9,0.0
22561,2011,E01000966,2011 super output areas - lower layer,298,Age 10 to 14,0.0
22562,2011,E01000966,2011 super output areas - lower layer,298,Age 15,0.0
22563,2011,E01000966,2011 super output areas - lower layer,298,Age 16 to 17,0.0
22564,2011,E01000966,2011 super output areas - lower layer,298,Age 18 to 19,0.0
22565,2011,E01000966,2011 super output areas - lower layer,298,Age 20 to 24,0.0
22566,2011,E01000966,2011 super output areas - lower layer,298,Age 25 to 29,0.0
22567,2011,E01000966,2011 super output areas - lower layer,298,Age 30 to 44,0.0
22568,2011,E01000966,2011 super output areas - lower layer,298,Age 45 to 59,0.0
22569,2011,E01000966,2011 super output areas - lower layer,298,Age 60 to 64,0.0
22570,2011,E01000966,2011 super output areas - lower layer,298,Age 65 to 74,0.0
22571,2011,E01000966,2011 super output areas - lower layer,298,Age 75 to 84,0.0
22572,2011,E01000966,2011 super output areas - lower layer,298,Age 85 to 89,0.0
22573,2011,E01000966,2011 super output areas - lower layer,298,Age 90 and over,0.0
22574,2011,E01000966,2011 super output areas - lower layer,298,Mean Age,
22575,2011,E01000966,2011 super output areas - lower layer,298,Median Age,0.5
22576,2011,E01000966,2011 super output areas - lower layer,298,All usual residents,0.0
22577,2011,E01000966,2011 super output areas - lower layer,298,Age 0 to 4,0.0
22578,2011,E01000966,2011 super output areas - lower layer,298,Age 5 to 7,0.0
22579,2011,E01000966,2011 super output areas - lower layer,298,Age 8 to 9,0.0
22580,2011,E01000966,2011 super output areas - lower layer,298,Age 10 to 14,0.0
22581,2011,E01000966,2011 super output areas - lower layer,298,Age 15,0.0
22582,2011,E01000966,2011 super output areas - lower layer,298,Age 16 to 17,0.0
22583,2011,E01000966,2011 super output areas - lower layer,298,Age 18 to 19,0.0
22584,2011,E01000966,2011 super output areas - lower layer,298,Age 20 to 24,0.0
22585,2011,E01000966,2011 super output areas - lower layer,298,Age 25 to 29,0.0
22586,2011,E01000966,2011 super output areas - lower layer,298,Age 30 to 44,0.0
22587,2011,E01000966,2011 super output areas - lower layer,298,Age 45 to 59,0.0
22588,2011,E01000966,2011 super output areas - lower layer,298,Age 60 to 64,0.0
22589,2011,E01000966,2011 super output areas - lower layer,298,Age 65 to 74,0.0
22590,2011,E01000966,2011 super output areas - lower layer,298,Age 75 to 84,0.0
22591,2011,E01000966,2011 super output areas - lower layer,298,Age 85 to 89,0.0
22592,2011,E01000966,2011 super output areas - lower layer,298,Age 90 and over,0.0
22593,2011,E01000966,2011 super output areas - lower layer,298,Mean Age,
22594,2011,E01000966,2011 super output areas - lower layer,298,Median Age,0.5
22595,2011,E01000966,2011 super output areas - lower layer,298,All usual residents,0.0
22596,2011,E01000966,2011 super output areas - lower layer,298,Age 0 to 4,0.0
22597,2011,E01000966,2011 super output areas - lower layer,298,Age 5 to 7,0.0
22598,2011,E01000966,2011 super output areas - lower layer,298,Age 8 to 9,0.0
22599,2011,E01000966,2011 super output areas - lower layer,298,Age 10 to 14,0.0
22600,2011,E01000966,2011 super output areas - lower layer,298,Age 15,0.0
22601,2011,E01000966,2011 super output areas - lower layer,298,Age 16 to 17,0.0
22602,2011,E01000966,2011 super output areas - lower layer,298,Age 18 to 19,0.0
22603,2011,E01000966,2011 super output areas - lower layer,298,Age 20 to 24,0.0
22604,2011,E01000966,2011 super output areas - lower layer,298,Age 25 to 29,0.0
22605,2011,E01000966,2011 super output areas - lower layer,298,Age 30 to 44,0.0
22606,2011,E01000966,2011 super output areas - lower layer,298,Age 45 to 59,0.0
22607,2011,E01000966,2011 super output areas - lower layer,298,Age 60 to 64,0.0
22608,2011,E01000966,2011 super output areas - lower layer,298,Age 65 to 74,0.0
22609,2011,E01000966,2011 super output areas - lower layer,298,Age 75 to 84,0.0
22610,2011,E01000966,2011 super output areas - lower layer,298,Age 85 to 89,0.0
22611,2011,E01000966,2011 super output areas - lower layer,298,Age 90 and over,0.0
22612,2011,E01000966,2011 super output areas - lower layer,298,Mean Age,
22613,2011,E01000966,2011 super output areas - lower layer,298,Median Age,0.5
22614,2011,E01000966,2011 super output areas - lower layer,298,All usual residents,0.0
22615,2011,E01000966,2011 super output areas - lower layer,298,Age 0 to 4,0.0
22616,2011,E01000966,2011 super output areas - lower layer,298,Age 5 to 7,0.0
22617,2011,E01000966,2011 super output areas - lower layer,298,Age 8 to 9,0.0
22618,2011,E01000966,2011 super output areas - lower layer,298,Age 10 to 14,0.0
22619,2011,E01000966,2011 super output areas - lower layer,298,Age 15,0.0
22620,2011,E01000966,2011 super output areas - lower layer,298,Age 16 to 17,0.0
22621,2011,E01000966,2011 super output areas - lower layer,298,Age 18 to 19,0.0
22622,2011,E01000966,2011 super output areas - lower layer,298,Age 20 to 24,0.0
22623,2011,E01000966,2011 super output areas - lower layer,298,Age 25 to 29,0.0
22624,2011,E01000966,2011 super output areas - lower layer,298,Age 30 to 44,0.0
22625,2011,E01000966,2011 super output areas - lower layer,298,Age 45 to 59,0.0
22626,2011,E01000966,2011 super output areas - lower layer,298,Age 60 to 64,0.0
22627,2011,E01000966,2011 super output areas - lower layer,298,Age 65 to 74,0.0
22628,2011,E01000966,2011 super output areas - lower layer,298,Age 75 to 84,0.0
22629,2011,E01000966,2011 super output areas - lower layer,298,Age 85 to 89,0.0
22630,2011,E01000966,2011 super output areas - lower layer,298,Age 90 and over,0.0
22631,2011,E01000966,2011 super output areas - lower layer,298,Mean Age,
22632,2011,E01000966,2011 super output areas - lower layer,298,Median Age,0.5
22633,2011,E01000966,2011 super output areas - lower layer,298,All usual residents,0.0
22634,2011,E01000966,2011 super output areas - lower layer,298,Age 0 to 4,0.0
22635,2011,E01000966,2011 super output areas - lower layer,298,Age 5 to 7,0.0
22636,2011,E01000966,2011 super output areas - lower layer,298,Age 8 to 9,0.0
22637,2011,E01000966,2011 super output areas - lower layer,298,Age 10 to 14,0.0
22638,2011,E01000966,2011 super output areas - lower layer,298,Age 15,0.0
22639,2011,E01000966,2011 super output areas - lower layer,298,Age 16 to 17,0.0
22640,2011,E01000966,2011 super output areas - lower layer,298,Age 18 to 19,0.0
22641,2011,E01000966,2011 super output areas - lower layer,298,Age 20 to 24,0.0
22642,2011,E01000966,2011 super output areas - lower layer,298,Age 25 to 29,0.0
22643,2011,E01000966,2011 super output areas - lower layer,298,Age 30 to 44,0.0
22644,2011,E01000966,2011 super output areas - lower layer,298,Age 45 to 59,0.0
22645,2011,E01000966,2011 super output areas - lower layer,298,Age 60 to 64,0.0
22646,2011,E01000966,2011 super output areas - lower layer,298,Age 65 to 74,0.0
22647,2011,E01000966,2011 super output areas - lower layer,298,Age 75 to 84,0.0
22648,2011,E01000966,2011 super output areas - lower layer,298,Age 85 to 89,0.0
22649,2011,E01000966,2011 super output areas - lower layer,298,Age 90 and over,0.0
22650,2011,E01000966,2011 super output areas - lower layer,298,Mean Age,
22651,2011,E01000966,2011 super output areas - lower layer,298,Median Age,0.5
22652,2011,E01000966,2011 super output areas - lower layer,298,All usual residents,0.0
22653,2011,E01000966,2011 super output areas - lower layer,298,Age 0 to 4,0.0
22654,2011,E01000966,2011 super output areas - lower layer,298,Age 5 to 7,0.0
22655,2011,E01000966,2011 super output areas - lower layer,298,Age 8 to 9,0.0
22656,2011,E01000966,2011 super output areas - lower layer,298,Age 10 to 14,0.0
22657,2011,E01000966,2011 super output areas - lower layer,298,Age 15,0.0
22658,2011,E01000966,2011 super output areas - lower layer,298,Age 16 to 17,0.0
22659,2011,E01000966,2011 super output areas - lower layer,298,Age 18 to 19,0.0
22660,2011,E01000966,2011 super output areas - lower layer,298,Age 20 to 24,0.0
22661,2011,E01000966,2011 super output areas - lower layer,298,Age 25 to 29,0.0
22662,2011,E01000966,2011 super output areas - lower layer,298,Age 30 to 44,0.0
22663,2011,E01000966,2011 super output areas - lower layer,298,Age 45 to 59,0.0
22664,2011,E01000966,2011 super output areas - lower layer,298,Age 60 to 64,0.0
22665,2011,E01000966,2011 super output areas - lower layer,298,Age 65 to 74,0.0
22666,2011,E01000966,2011 super output areas - lower layer,298,Age 75 to 84,0.0
22667,2011,E01000966,2011 super output areas - lower layer,298,Age 85 to 89,0.0
22668,2011,E01000966,2011 super output areas - lower layer,298,Age 90 and over,0.0
22669,2011,E01000966,2011 super output areas - lower layer,298,Mean Age,
22670,2011,E01000966,2011 super output areas - lower layer,298,Median Age,0.5
22671,2011,E01000966,2011 super output areas - lower layer,298,All usual residents,0.0
22672,2011,E01000966,2011 super output areas - lower layer,298,Age 0 to 4,0.0
22673,2011,E01000966,2011 super output areas - lower layer,298,Age 5 to 7,0.0
22674,2011,E01000966,2011 super output areas - lower layer,298,Age 8 to 9,0.0
22675,2011,E01000966,2011 super output areas - lower layer,298,Age 10 to 14,0.0
22676,2011,E01000966,2011 super output areas - lower layer,298,Age 15,0.0
22677,2011,E01000966,2011 super output areas - lower layer,298,Age 16 to 17,0.0
22678,2011,E01000966,2011 super output areas - lower layer,298,Age 18 to 19,0.0
22679,2011,E01000966,2011 super output areas - lower layer,298,Age 20 to 24,0.0
22680,2011,E01000966,2011 super output areas - lower layer,298,Age 25 to 29,0.0
22681,2011,E01000966,2011 super output areas - lower layer,298,Age 30 to 44,0.0
22682,2011,E01000966,2011 super output areas - lower layer,298,Age 45 to 59,0.0
22683,2011,E01000966,2011 super output areas - lower layer,298,Age 60 to 64,0.0
22684,2011,E01000966,2011 super output areas - lower layer,298,Age 65 to 74,0.0
22685,2011,E01000966,2011 super output areas - lower layer,298,Age 75 to 84,0.0
22686,2011,E01000966,2011 super output areas - lower layer,298,Age 85 to 89,0.0
22687,2011,E01000966,2011 super output areas - lower layer,298,Age 90 and over,0.0
22688,2011,E01000966,2011 super output areas - lower layer,298,Mean Age,
22689,2011,E01000966,2011 super output areas - lower layer,298,Median Age,0.5
22690,2011,E01000966,2011 super output areas - lower layer,298,All usual residents,0.0
22691,2011,E01000966,2011 super output areas - lower layer,298,Age 0 to 4,0.0
22692,2011,E01000966,2011 super output areas - lower layer,298,Age 5 to 7,0.0
22693,2011,E01000966,2011 super output areas - lower layer,298,Age 8 to 9,0.0
22694,2011,E01000966,2011 super output areas - lower layer,298,Age 10 to 14,0.0
22695,2011,E01000966,2011 super output areas - lower layer,298,Age 15,0.0
22696,2011,E01000966,2011 super output areas - lower layer,298,Age 16 to 17,0.0
22697,2011,E01000966,2011 super output areas - lower layer,298,Age 18 to 19,0.0
22698,2011,E01000966,2011 super output areas - lower layer,298,Age 20 to 24,0.0
22699,2011,E01000966,2011 super output areas - lower layer,298,Age 25 to 29,0.0
22700,2011,E01000966,2011 super output areas - lower layer,298,Age 30 to 44,0.0
22701,2011,E01000966,2011 super output areas - lower layer,298,Age 45 to 59,0.0
22702,2011,E01000966,2011 super output areas - lower layer,298,Age 60 to 64,0.0
22703,2011,E01000966,2011 super output areas - lower layer,298,Age 65 to 74,0.0
22704,2011,E01000966,2011 super output areas - lower layer,298,Age 75 to 84,0.0
22705,2011,E01000966,2011 super output areas - lower layer,298,Age 85 to 89,0.0
22706,2011,E01000966,2011 super output areas - lower layer,298,Age 90 and over,0.0
22707,2011,E01000966,2011 super output areas - lower layer,298,Mean Age,
22708,2011,E01000966,2011 super output areas - lower layer,298,Median Age,0.5
22709,2011,E01000966,2011 super output areas - lower layer,298,All usual residents,0.0
22710,2011,E01000966,2011 super output areas - lower layer,298,Age 0 to 4,0.0
22711,2011,E01000966,2011 super output areas - lower layer,298,Age 5 to 7,0.0
22712,2011,E01000966,2011 super output areas - lower layer,298,Age 8 to 9,0.0
22713,2011,E01000966,2011 super output areas - lower layer,298,Age 10 to 14,0.0
22714,2011,E01000966,2011 super output areas - lower layer,298,Age 15,0.0
22715,2011,E01000966,2011 super output areas - lower layer,298,Age 16 to 17,0.0
22716,2011,E01000966,2011 super output areas - lower layer,298,Age 18 to 19,0.0
22717,2011,E01000966,2011 super output areas - lower layer,298,Age 20 to 24,0.0
22718,2011,E01000966,2011 super output areas - lower layer,298,Age 25 to 29,0.0
22719,2011,E01000966,2011 super output areas - lower layer,298,Age 30 to 44,0.0
22720,2011,E01000966,2011 super output areas - lower layer,298,Age 45 to 59,0.0
22721,2011,E01000966,2011 super output areas - lower layer,298,Age 60 to 64,0.0
22722,2011,E01000966,2011 super output areas - lower layer,298,Age 65 to 74,0.0
22723,2011,E01000966,2011 super output areas - lower layer,298,Age 75 to 84,0.0
22724,2011,E01000966,2011 super output areas - lower layer,298,Age 85 to 89,0.0
22725,2011,E01000966,2011 super output areas - lower layer,298,Age 90 and over,0.0
22726,2011,E01000966,2011 super output areas - lower layer,298,Mean Age,
22727,2011,E01000966,2011 super output areas - lower layer,298,Median Age,0.5
22728,2011,E01000968,2011 super output areas - lower layer,298,All usual residents,1505.0
22729,2011,E01000968,2011 super output areas - lower layer,298,Age 0 to 4,87.0
22730,2011,E01000968,2011 super output areas - lower layer,298,Age 5 to 7,19.0
22731,2011,E01000968,2011 super output areas - lower layer,298,Age 8 to 9,14.0
22732,2011,E01000968,2011 super output areas - lower layer,298,Age 10 to 14,40.0
22733,2011,E01000968,2011 super output areas - lower layer,298,Age 15,9.0
22734,2011,E01000968,2011 super output areas - lower layer,298,Age 16 to 17,6.0
22735,2011,E01000968,2011 super output areas - lower layer,298,Age 18 to 19,9.0
22736,2011,E01000968,2011 super output areas - lower layer,298,Age 20 to 24,88.0
22737,2011,E01000968,2011 super output areas - lower layer,298,Age 25 to 29,307.0
22738,2011,E01000968,2011 super output areas - lower layer,298,Age 30 to 44,528.0
22739,2011,E01000968,2011 super output areas - lower layer,298,Age 45 to 59,183.0
22740,2011,E01000968,2011 super output areas - lower layer,298,Age 60 to 64,71.0
22741,2011,E01000968,2011 super output areas - lower layer,298,Age 65 to 74,83.0
22742,2011,E01000968,2011 super output areas - lower layer,298,Age 75 to 84,40.0
22743,2011,E01000968,2011 super output areas - lower layer,298,Age 85 to 89,8.0
22744,2011,E01000968,2011 super output areas - lower layer,298,Age 90 and over,13.0
22745,2011,E01000968,2011 super output areas - lower layer,298,Mean Age,36.3
22746,2011,E01000968,2011 super output areas - lower layer,298,Median Age,32.0
22747,2011,E01000968,2011 super output areas - lower layer,298,All usual residents,0.0
22748,2011,E01000968,2011 super output areas - lower layer,298,Age 0 to 4,0.0
22749,2011,E01000968,2011 super output areas - lower layer,298,Age 5 to 7,0.0
22750,2011,E01000968,2011 super output areas - lower layer,298,Age 8 to 9,0.0
22751,2011,E01000968,2011 super output areas - lower layer,298,Age 10 to 14,0.0
22752,2011,E01000968,2011 super output areas - lower layer,298,Age 15,0.0
22753,2011,E01000968,2011 super output areas - lower layer,298,Age 16 to 17,0.0
22754,2011,E01000968,2011 super output areas - lower layer,298,Age 18 to 19,0.0
22755,2011,E01000968,2011 super output areas - lower layer,298,Age 20 to 24,0.0
22756,2011,E01000968,2011 super output areas - lower layer,298,Age 25 to 29,0.0
22757,2011,E01000968,2011 super output areas - lower layer,298,Age 30 to 44,0.0
22758,2011,E01000968,2011 super output areas - lower layer,298,Age 45 to 59,0.0
22759,2011,E01000968,2011 super output areas - lower layer,298,Age 60 to 64,0.0
22760,2011,E01000968,2011 super output areas - lower layer,298,Age 65 to 74,0.0
22761,2011,E01000968,2011 super output areas - lower layer,298,Age 75 to 84,0.0
22762,2011,E01000968,2011 super output areas - lower layer,298,Age 85 to 89,0.0
22763,2011,E01000968,2011 super output areas - lower layer,298,Age 90 and over,0.0
22764,2011,E01000968,2011 super output areas - lower layer,298,Mean Age,
22765,2011,E01000968,2011 super output areas - lower layer,298,Median Age,0.5
22766,2011,E01000968,2011 super output areas - lower layer,298,All usual residents,0.0
22767,2011,E01000968,2011 super output areas - lower layer,298,Age 0 to 4,0.0
22768,2011,E01000968,2011 super output areas - lower layer,298,Age 5 to 7,0.0
22769,2011,E01000968,2011 super output areas - lower layer,298,Age 8 to 9,0.0
22770,2011,E01000968,2011 super output areas - lower layer,298,Age 10 to 14,0.0
22771,2011,E01000968,2011 super output areas - lower layer,298,Age 15,0.0
22772,2011,E01000968,2011 super output areas - lower layer,298,Age 16 to 17,0.0
22773,2011,E01000968,2011 super output areas - lower layer,298,Age 18 to 19,0.0
22774,2011,E01000968,2011 super output areas - lower layer,298,Age 20 to 24,0.0
22775,2011,E01000968,2011 super output areas - lower layer,298,Age 25 to 29,0.0
22776,2011,E01000968,2011 super output areas - lower layer,298,Age 30 to 44,0.0
22777,2011,E01000968,2011 super output areas - lower layer,298,Age 45 to 59,0.0
22778,2011,E01000968,2011 super output areas - lower layer,298,Age 60 to 64,0.0
22779,2011,E01000968,2011 super output areas - lower layer,298,Age 65 to 74,0.0
22780,2011,E01000968,2011 super output areas - lower layer,298,Age 75 to 84,0.0
22781,2011,E01000968,2011 super output areas - lower layer,298,Age 85 to 89,0.0
22782,2011,E01000968,2011 super output areas - lower layer,298,Age 90 and over,0.0
22783,2011,E01000968,2011 super output areas - lower layer,298,Mean Age,
22784,2011,E01000968,2011 super output areas - lower layer,298,Median Age,0.5
22785,2011,E01000968,2011 super output areas - lower layer,298,All usual residents,0.0
22786,2011,E01000968,2011 super output areas - lower layer,298,Age 0 to 4,0.0
22787,2011,E01000968,2011 super output areas - lower layer,298,Age 5 to 7,0.0
22788,2011,E01000968,2011 super output areas - lower layer,298,Age 8 to 9,0.0
22789,2011,E01000968,2011 super output areas - lower layer,298,Age 10 to 14,0.0
22790,2011,E01000968,2011 super output areas - lower layer,298,Age 15,0.0
22791,2011,E01000968,2011 super output areas - lower layer,298,Age 16 to 17,0.0
22792,2011,E01000968,2011 super output areas - lower layer,298,Age 18 to 19,0.0
22793,2011,E01000968,2011 super output areas - lower layer,298,Age 20 to 24,0.0
22794,2011,E01000968,2011 super output areas - lower layer,298,Age 25 to 29,0.0
22795,2011,E01000968,2011 super output areas - lower layer,298,Age 30 to 44,0.0
22796,2011,E01000968,2011 super output areas - lower layer,298,Age 45 to 59,0.0
22797,2011,E01000968,2011 super output areas - lower layer,298,Age 60 to 64,0.0
22798,2011,E01000968,2011 super output areas - lower layer,298,Age 65 to 74,0.0
22799,2011,E01000968,2011 super output areas - lower layer,298,Age 75 to 84,0.0
22800,2011,E01000968,2011 super output areas - lower layer,298,Age 85 to 89,0.0
22801,2011,E01000968,2011 super output areas - lower layer,298,Age 90 and over,0.0
22802,2011,E01000968,2011 super output areas - lower layer,298,Mean Age,
22803,2011,E01000968,2011 super output areas - lower layer,298,Median Age,0.5
22804,2011,E01000968,2011 super output areas - lower layer,298,All usual residents,0.0
22805,2011,E01000968,2011 super output areas - lower layer,298,Age 0 to 4,0.0
22806,2011,E01000968,2011 super output areas - lower layer,298,Age 5 to 7,0.0
22807,2011,E01000968,2011 super output areas - lower layer,298,Age 8 to 9,0.0
22808,2011,E01000968,2011 super output areas - lower layer,298,Age 10 to 14,0.0
22809,2011,E01000968,2011 super output areas - lower layer,298,Age 15,0.0
22810,2011,E01000968,2011 super output areas - lower layer,298,Age 16 to 17,0.0
22811,2011,E01000968,2011 super output areas - lower layer,298,Age 18 to 19,0.0
22812,2011,E01000968,2011 super output areas - lower layer,298,Age 20 to 24,0.0
22813,2011,E01000968,2011 super output areas - lower layer,298,Age 25 to 29,0.0
22814,2011,E01000968,2011 super output areas - lower layer,298,Age 30 to 44,0.0
22815,2011,E01000968,2011 super output areas - lower layer,298,Age 45 to 59,0.0
22816,2011,E01000968,2011 super output areas - lower layer,298,Age 60 to 64,0.0
22817,2011,E01000968,2011 super output areas - lower layer,298,Age 65 to 74,0.0
22818,2011,E01000968,2011 super output areas - lower layer,298,Age 75 to 84,0.0
22819,2011,E01000968,2011 super output areas - lower layer,298,Age 85 to 89,0.0
22820,2011,E01000968,2011 super output areas - lower layer,298,Age 90 and over,0.0
22821,2011,E01000968,2011 super output areas - lower layer,298,Mean Age,
22822,2011,E01000968,2011 super output areas - lower layer,298,Median Age,0.5
22823,2011,E01000968,2011 super output areas - lower layer,298,All usual residents,0.0
22824,2011,E01000968,2011 super output areas - lower layer,298,Age 0 to 4,0.0
22825,2011,E01000968,2011 super output areas - lower layer,298,Age 5 to 7,0.0
22826,2011,E01000968,2011 super output areas - lower layer,298,Age 8 to 9,0.0
22827,2011,E01000968,2011 super output areas - lower layer,298,Age 10 to 14,0.0
22828,2011,E01000968,2011 super output areas - lower layer,298,Age 15,0.0
22829,2011,E01000968,2011 super output areas - lower layer,298,Age 16 to 17,0.0
22830,2011,E01000968,2011 super output areas - lower layer,298,Age 18 to 19,0.0
22831,2011,E01000968,2011 super output areas - lower layer,298,Age 20 to 24,0.0
22832,2011,E01000968,2011 super output areas - lower layer,298,Age 25 to 29,0.0
22833,2011,E01000968,2011 super output areas - lower layer,298,Age 30 to 44,0.0
22834,2011,E01000968,2011 super output areas - lower layer,298,Age 45 to 59,0.0
22835,2011,E01000968,2011 super output areas - lower layer,298,Age 60 to 64,0.0
22836,2011,E01000968,2011 super output areas - lower layer,298,Age 65 to 74,0.0
22837,2011,E01000968,2011 super output areas - lower layer,298,Age 75 to 84,0.0
22838,2011,E01000968,2011 super output areas - lower layer,298,Age 85 to 89,0.0
22839,2011,E01000968,2011 super output areas - lower layer,298,Age 90 and over,0.0
22840,2011,E01000968,2011 super output areas - lower layer,298,Mean Age,
22841,2011,E01000968,2011 super output areas - lower layer,298,Median Age,0.5
22842,2011,E01000968,2011 super output areas - lower layer,298,All usual residents,0.0
22843,2011,E01000968,2011 super output areas - lower layer,298,Age 0 to 4,0.0
22844,2011,E01000968,2011 super output areas - lower layer,298,Age 5 to 7,0.0
22845,2011,E01000968,2011 super output areas - lower layer,298,Age 8 to 9,0.0
22846,2011,E01000968,2011 super output areas - lower layer,298,Age 10 to 14,0.0
22847,2011,E01000968,2011 super output areas - lower layer,298,Age 15,0.0
22848,2011,E01000968,2011 super output areas - lower layer,298,Age 16 to 17,0.0
22849,2011,E01000968,2011 super output areas - lower layer,298,Age 18 to 19,0.0
22850,2011,E01000968,2011 super output areas - lower layer,298,Age 20 to 24,0.0
22851,2011,E01000968,2011 super output areas - lower layer,298,Age 25 to 29,0.0
22852,2011,E01000968,2011 super output areas - lower layer,298,Age 30 to 44,0.0
22853,2011,E01000968,2011 super output areas - lower layer,298,Age 45 to 59,0.0
22854,2011,E01000968,2011 super output areas - lower layer,298,Age 60 to 64,0.0
22855,2011,E01000968,2011 super output areas - lower layer,298,Age 65 to 74,0.0
22856,2011,E01000968,2011 super output areas - lower layer,298,Age 75 to 84,0.0
22857,2011,E01000968,2011 super output areas - lower layer,298,Age 85 to 89,0.0
22858,2011,E01000968,2011 super output areas - lower layer,298,Age 90 and over,0.0
22859,2011,E01000968,2011 super output areas - lower layer,298,Mean Age,
22860,2011,E01000968,2011 super output areas - lower layer,298,Median Age,0.5
22861,2011,E01000968,2011 super output areas - lower layer,298,All usual residents,0.0
22862,2011,E01000968,2011 super output areas - lower layer,298,Age 0 to 4,0.0
22863,2011,E01000968,2011 super output areas - lower layer,298,Age 5 to 7,0.0
22864,2011,E01000968,2011 super output areas - lower layer,298,Age 8 to 9,0.0
22865,2011,E01000968,2011 super output areas - lower layer,298,Age 10 to 14,0.0
22866,2011,E01000968,2011 super output areas - lower layer,298,Age 15,0.0
22867,2011,E01000968,2011 super output areas - lower layer,298,Age 16 to 17,0.0
22868,2011,E01000968,2011 super output areas - lower layer,298,Age 18 to 19,0.0
22869,2011,E01000968,2011 super output areas - lower layer,298,Age 20 to 24,0.0
22870,2011,E01000968,2011 super output areas - lower layer,298,Age 25 to 29,0.0
22871,2011,E01000968,2011 super output areas - lower layer,298,Age 30 to 44,0.0
22872,2011,E01000968,2011 super output areas - lower layer,298,Age 45 to 59,0.0
22873,2011,E01000968,2011 super output areas - lower layer,298,Age 60 to 64,0.0
22874,2011,E01000968,2011 super output areas - lower layer,298,Age 65 to 74,0.0
22875,2011,E01000968,2011 super output areas - lower layer,298,Age 75 to 84,0.0
22876,2011,E01000968,2011 super output areas - lower layer,298,Age 85 to 89,0.0
22877,2011,E01000968,2011 super output areas - lower layer,298,Age 90 and over,0.0
22878,2011,E01000968,2011 super output areas - lower layer,298,Mean Age,
22879,2011,E01000968,2011 super output areas - lower layer,298,Median Age,0.5
22880,2011,E01000968,2011 super output areas - lower layer,298,All usual residents,0.0
22881,2011,E01000968,2011 super output areas - lower layer,298,Age 0 to 4,0.0
22882,2011,E01000968,2011 super output areas - lower layer,298,Age 5 to 7,0.0
22883,2011,E01000968,2011 super output areas - lower layer,298,Age 8 to 9,0.0
22884,2011,E01000968,2011 super output areas - lower layer,298,Age 10 to 14,0.0
22885,2011,E01000968,2011 super output areas - lower layer,298,Age 15,0.0
22886,2011,E01000968,2011 super output areas - lower layer,298,Age 16 to 17,0.0
22887,2011,E01000968,2011 super output areas - lower layer,298,Age 18 to 19,0.0
22888,2011,E01000968,2011 super output areas - lower layer,298,Age 20 to 24,0.0
22889,2011,E01000968,2011 super output areas - lower layer,298,Age 25 to 29,0.0
22890,2011,E01000968,2011 super output areas - lower layer,298,Age 30 to 44,0.0
22891,2011,E01000968,2011 super output areas - lower layer,298,Age 45 to 59,0.0
22892,2011,E01000968,2011 super output areas - lower layer,298,Age 60 to 64,0.0
22893,2011,E01000968,2011 super output areas - lower layer,298,Age 65 to 74,0.0
22894,2011,E01000968,2011 super output areas - lower layer,298,Age 75 to 84,0.0
22895,2011,E01000968,2011 super output areas - lower layer,298,Age 85 to 89,0.0
22896,2011,E01000968,2011 super output areas - lower layer,298,Age 90 and over,0.0
22897,2011,E01000968,2011 super output areas - lower layer,298,Mean Age,
22898,2011,E01000968,2011 super output areas - lower layer,298,Median Age,0.5
22899,2011,E01000968,2011 super output areas - lower layer,298,All usual residents,0.0
22900,2011,E01000968,2011 super output areas - lower layer,298,Age 0 to 4,0.0
22901,2011,E01000968,2011 super output areas - lower layer,298,Age 5 to 7,0.0
22902,2011,E01000968,2011 super output areas - lower layer,298,Age 8 to 9,0.0
22903,2011,E01000968,2011 super output areas - lower layer,298,Age 10 to 14,0.0
22904,2011,E01000968,2011 super output areas - lower layer,298,Age 15,0.0
22905,2011,E01000968,2011 super output areas - lower layer,298,Age 16 to 17,0.0
22906,2011,E01000968,2011 super output areas - lower layer,298,Age 18 to 19,0.0
22907,2011,E01000968,2011 super output areas - lower layer,298,Age 20 to 24,0.0
22908,2011,E01000968,2011 super output areas - lower layer,298,Age 25 to 29,0.0
22909,2011,E01000968,2011 super output areas - lower layer,298,Age 30 to 44,0.0
22910,2011,E01000968,2011 super output areas - lower layer,298,Age 45 to 59,0.0
22911,2011,E01000968,2011 super output areas - lower layer,298,Age 60 to 64,0.0
22912,2011,E01000968,2011 super output areas - lower layer,298,Age 65 to 74,0.0
22913,2011,E01000968,2011 super output areas - lower layer,298,Age 75 to 84,0.0
22914,2011,E01000968,2011 super output areas - lower layer,298,Age 85 to 89,0.0
22915,2011,E01000968,2011 super output areas - lower layer,298,Age 90 and over,0.0
22916,2011,E01000968,2011 super output areas - lower layer,298,Mean Age,
22917,2011,E01000968,2011 super output areas - lower layer,298,Median Age,0.5
22918,2011,E01000968,2011 super output areas - lower layer,298,All usual residents,0.0
22919,2011,E01000968,2011 super output areas - lower layer,298,Age 0 to 4,0.0
22920,2011,E01000968,2011 super output areas - lower layer,298,Age 5 to 7,0.0
22921,2011,E01000968,2011 super output areas - lower layer,298,Age 8 to 9,0.0
22922,2011,E01000968,2011 super output areas - lower layer,298,Age 10 to 14,0.0
22923,2011,E01000968,2011 super output areas - lower layer,298,Age 15,0.0
22924,2011,E01000968,2011 super output areas - lower layer,298,Age 16 to 17,0.0
22925,2011,E01000968,2011 super output areas - lower layer,298,Age 18 to 19,0.0
22926,2011,E01000968,2011 super output areas - lower layer,298,Age 20 to 24,0.0
22927,2011,E01000968,2011 super output areas - lower layer,298,Age 25 to 29,0.0
22928,2011,E01000968,2011 super output areas - lower layer,298,Age 30 to 44,0.0
22929,2011,E01000968,2011 super output areas - lower layer,298,Age 45 to 59,0.0
22930,2011,E01000968,2011 super output areas - lower layer,298,Age 60 to 64,0.0
22931,2011,E01000968,2011 super output areas - lower layer,298,Age 65 to 74,0.0
22932,2011,E01000968,2011 super output areas - lower layer,298,Age 75 to 84,0.0
22933,2011,E01000968,2011 super output areas - lower layer,298,Age 85 to 89,0.0
22934,2011,E01000968,2011 super output areas - lower layer,298,Age 90 and over,0.0
22935,2011,E01000968,2011 super output areas - lower layer,298,Mean Age,
22936,2011,E01000968,2011 super output areas - lower layer,298,Median Age,0.5
22937,2011,E01000968,2011 super output areas - lower layer,298,All usual residents,0.0
22938,2011,E01000968,2011 super output areas - lower layer,298,Age 0 to 4,0.0
22939,2011,E01000968,2011 super output areas - lower layer,298,Age 5 to 7,0.0
22940,2011,E01000968,2011 super output areas - lower layer,298,Age 8 to 9,0.0
22941,2011,E01000968,2011 super output areas - lower layer,298,Age 10 to 14,0.0
22942,2011,E01000968,2011 super output areas - lower layer,298,Age 15,0.0
22943,2011,E01000968,2011 super output areas - lower layer,298,Age 16 to 17,0.0
22944,2011,E01000968,2011 super output areas - lower layer,298,Age 18 to 19,0.0
22945,2011,E01000968,2011 super output areas - lower layer,298,Age 20 to 24,0.0
22946,2011,E01000968,2011 super output areas - lower layer,298,Age 25 to 29,0.0
22947,2011,E01000968,2011 super output areas - lower layer,298,Age 30 to 44,0.0
22948,2011,E01000968,2011 super output areas - lower layer,298,Age 45 to 59,0.0
22949,2011,E01000968,2011 super output areas - lower layer,298,Age 60 to 64,0.0
22950,2011,E01000968,2011 super output areas - lower layer,298,Age 65 to 74,0.0
22951,2011,E01000968,2011 super output areas - lower layer,298,Age 75 to 84,0.0
22952,2011,E01000968,2011 super output areas - lower layer,298,Age 85 to 89,0.0
22953,2011,E01000968,2011 super output areas - lower layer,298,Age 90 and over,0.0
22954,2011,E01000968,2011 super output areas - lower layer,298,Mean Age,
22955,2011,E01000968,2011 super output areas - lower layer,298,Median Age,0.5
22956,2011,E01000968,2011 super output areas - lower layer,298,All usual residents,0.0
22957,2011,E01000968,2011 super output areas - lower layer,298,Age 0 to 4,0.0
22958,2011,E01000968,2011 super output areas - lower layer,298,Age 5 to 7,0.0
22959,2011,E01000968,2011 super output areas - lower layer,298,Age 8 to 9,0.0
22960,2011,E01000968,2011 super output areas - lower layer,298,Age 10 to 14,0.0
22961,2011,E01000968,2011 super output areas - lower layer,298,Age 15,0.0
22962,2011,E01000968,2011 super output areas - lower layer,298,Age 16 to 17,0.0
22963,2011,E01000968,2011 super output areas - lower layer,298,Age 18 to 19,0.0
22964,2011,E01000968,2011 super output areas - lower layer,298,Age 20 to 24,0.0
22965,2011,E01000968,2011 super output areas - lower layer,298,Age 25 to 29,0.0
22966,2011,E01000968,2011 super output areas - lower layer,298,Age 30 to 44,0.0
22967,2011,E01000968,2011 super output areas - lower layer,298,Age 45 to 59,0.0
22968,2011,E01000968,2011 super output areas - lower layer,298,Age 60 to 64,0.0
22969,2011,E01000968,2011 super output areas - lower layer,298,Age 65 to 74,0.0
22970,2011,E01000968,2011 super output areas - lower layer,298,Age 75 to 84,0.0
22971,2011,E01000968,2011 super output areas - lower layer,298,Age 85 to 89,0.0
22972,2011,E01000968,2011 super output areas - lower layer,298,Age 90 and over,0.0
22973,2011,E01000968,2011 super output areas - lower layer,298,Mean Age,
22974,2011,E01000968,2011 super output areas - lower layer,298,Median Age,0.5
22975,2011,E01000960,2011 super output areas - lower layer,298,All usual residents,1774.0
22976,2011,E01000960,2011 super output areas - lower layer,298,Age 0 to 4,123.0
22977,2011,E01000960,2011 super output areas - lower layer,298,Age 5 to 7,51.0
22978,2011,E01000960,2011 super output areas - lower layer,298,Age 8 to 9,35.0
22979,2011,E01000960,2011 super output areas - lower layer,298,Age 10 to 14,77.0
22980,2011,E01000960,2011 super output areas - lower layer,298,Age 15,14.0
22981,2011,E01000960,2011 super output areas - lower layer,298,Age 16 to 17,19.0
22982,2011,E01000960,2011 super output areas - lower layer,298,Age 18 to 19,20.0
22983,2011,E01000960,2011 super output areas - lower layer,298,Age 20 to 24,132.0
22984,2011,E01000960,2011 super output areas - lower layer,298,Age 25 to 29,244.0
22985,2011,E01000960,2011 super output areas - lower layer,298,Age 30 to 44,576.0
22986,2011,E01000960,2011 super output areas - lower layer,298,Age 45 to 59,217.0
22987,2011,E01000960,2011 super output areas - lower layer,298,Age 60 to 64,72.0
22988,2011,E01000960,2011 super output areas - lower layer,298,Age 65 to 74,100.0
22989,2011,E01000960,2011 super output areas - lower layer,298,Age 75 to 84,69.0
22990,2011,E01000960,2011 super output areas - lower layer,298,Age 85 to 89,14.0
22991,2011,E01000960,2011 super output areas - lower layer,298,Age 90 and over,11.0
22992,2011,E01000960,2011 super output areas - lower layer,298,Mean Age,35.4
22993,2011,E01000960,2011 super output areas - lower layer,298,Median Age,32.0
22994,2011,E01000960,2011 super output areas - lower layer,298,All usual residents,0.0
22995,2011,E01000960,2011 super output areas - lower layer,298,Age 0 to 4,0.0
22996,2011,E01000960,2011 super output areas - lower layer,298,Age 5 to 7,0.0
22997,2011,E01000960,2011 super output areas - lower layer,298,Age 8 to 9,0.0
22998,2011,E01000960,2011 super output areas - lower layer,298,Age 10 to 14,0.0
22999,2011,E01000960,2011 super output areas - lower layer,298,Age 15,0.0
23000,2011,E01000960,2011 super output areas - lower layer,298,Age 16 to 17,0.0
23001,2011,E01000960,2011 super output areas - lower layer,298,Age 18 to 19,0.0
23002,2011,E01000960,2011 super output areas - lower layer,298,Age 20 to 24,0.0
23003,2011,E01000960,2011 super output areas - lower layer,298,Age 25 to 29,0.0
23004,2011,E01000960,2011 super output areas - lower layer,298,Age 30 to 44,0.0
23005,2011,E01000960,2011 super output areas - lower layer,298,Age 45 to 59,0.0
23006,2011,E01000960,2011 super output areas - lower layer,298,Age 60 to 64,0.0
23007,2011,E01000960,2011 super output areas - lower layer,298,Age 65 to 74,0.0
23008,2011,E01000960,2011 super output areas - lower layer,298,Age 75 to 84,0.0
23009,2011,E01000960,2011 super output areas - lower layer,298,Age 85 to 89,0.0
23010,2011,E01000960,2011 super output areas - lower layer,298,Age 90 and over,0.0
23011,2011,E01000960,2011 super output areas - lower layer,298,Mean Age,
23012,2011,E01000960,2011 super output areas - lower layer,298,Median Age,0.5
23013,2011,E01000960,2011 super output areas - lower layer,298,All usual residents,0.0
23014,2011,E01000960,2011 super output areas - lower layer,298,Age 0 to 4,0.0
23015,2011,E01000960,2011 super output areas - lower layer,298,Age 5 to 7,0.0
23016,2011,E01000960,2011 super output areas - lower layer,298,Age 8 to 9,0.0
23017,2011,E01000960,2011 super output areas - lower layer,298,Age 10 to 14,0.0
23018,2011,E01000960,2011 super output areas - lower layer,298,Age 15,0.0
23019,2011,E01000960,2011 super output areas - lower layer,298,Age 16 to 17,0.0
23020,2011,E01000960,2011 super output areas - lower layer,298,Age 18 to 19,0.0
23021,2011,E01000960,2011 super output areas - lower layer,298,Age 20 to 24,0.0
23022,2011,E01000960,2011 super output areas - lower layer,298,Age 25 to 29,0.0
23023,2011,E01000960,2011 super output areas - lower layer,298,Age 30 to 44,0.0
23024,2011,E01000960,2011 super output areas - lower layer,298,Age 45 to 59,0.0
23025,2011,E01000960,2011 super output areas - lower layer,298,Age 60 to 64,0.0
23026,2011,E01000960,2011 super output areas - lower layer,298,Age 65 to 74,0.0
23027,2011,E01000960,2011 super output areas - lower layer,298,Age 75 to 84,0.0
23028,2011,E01000960,2011 super output areas - lower layer,298,Age 85 to 89,0.0
23029,2011,E01000960,2011 super output areas - lower layer,298,Age 90 and over,0.0
23030,2011,E01000960,2011 super output areas - lower layer,298,Mean Age,
23031,2011,E01000960,2011 super output areas - lower layer,298,Median Age,0.5
23032,2011,E01000960,2011 super output areas - lower layer,298,All usual residents,0.0
23033,2011,E01000960,2011 super output areas - lower layer,298,Age 0 to 4,0.0
23034,2011,E01000960,2011 super output areas - lower layer,298,Age 5 to 7,0.0
23035,2011,E01000960,2011 super output areas - lower layer,298,Age 8 to 9,0.0
23036,2011,E01000960,2011 super output areas - lower layer,298,Age 10 to 14,0.0
23037,2011,E01000960,2011 super output areas - lower layer,298,Age 15,0.0
23038,2011,E01000960,2011 super output areas - lower layer,298,Age 16 to 17,0.0
23039,2011,E01000960,2011 super output areas - lower layer,298,Age 18 to 19,0.0
23040,2011,E01000960,2011 super output areas - lower layer,298,Age 20 to 24,0.0
23041,2011,E01000960,2011 super output areas - lower layer,298,Age 25 to 29,0.0
23042,2011,E01000960,2011 super output areas - lower layer,298,Age 30 to 44,0.0
23043,2011,E01000960,2011 super output areas - lower layer,298,Age 45 to 59,0.0
23044,2011,E01000960,2011 super output areas - lower layer,298,Age 60 to 64,0.0
23045,2011,E01000960,2011 super output areas - lower layer,298,Age 65 to 74,0.0
23046,2011,E01000960,2011 super output areas - lower layer,298,Age 75 to 84,0.0
23047,2011,E01000960,2011 super output areas - lower layer,298,Age 85 to 89,0.0
23048,2011,E01000960,2011 super output areas - lower layer,298,Age 90 and over,0.0
23049,2011,E01000960,2011 super output areas - lower layer,298,Mean Age,
23050,2011,E01000960,2011 super output areas - lower layer,298,Median Age,0.5
23051,2011,E01000960,2011 super output areas - lower layer,298,All usual residents,0.0
23052,2011,E01000960,2011 super output areas - lower layer,298,Age 0 to 4,0.0
23053,2011,E01000960,2011 super output areas - lower layer,298,Age 5 to 7,0.0
23054,2011,E01000960,2011 super output areas - lower layer,298,Age 8 to 9,0.0
23055,2011,E01000960,2011 super output areas - lower layer,298,Age 10 to 14,0.0
23056,2011,E01000960,2011 super output areas - lower layer,298,Age 15,0.0
23057,2011,E01000960,2011 super output areas - lower layer,298,Age 16 to 17,0.0
23058,2011,E01000960,2011 super output areas - lower layer,298,Age 18 to 19,0.0
23059,2011,E01000960,2011 super output areas - lower layer,298,Age 20 to 24,0.0
23060,2011,E01000960,2011 super output areas - lower layer,298,Age 25 to 29,0.0
23061,2011,E01000960,2011 super output areas - lower layer,298,Age 30 to 44,0.0
23062,2011,E01000960,2011 super output areas - lower layer,298,Age 45 to 59,0.0
23063,2011,E01000960,2011 super output areas - lower layer,298,Age 60 to 64,0.0
23064,2011,E01000960,2011 super output areas - lower layer,298,Age 65 to 74,0.0
23065,2011,E01000960,2011 super output areas - lower layer,298,Age 75 to 84,0.0
23066,2011,E01000960,2011 super output areas - lower layer,298,Age 85 to 89,0.0
23067,2011,E01000960,2011 super output areas - lower layer,298,Age 90 and over,0.0
23068,2011,E01000960,2011 super output areas - lower layer,298,Mean Age,
23069,2011,E01000960,2011 super output areas - lower layer,298,Median Age,0.5
23070,2011,E01000960,2011 super output areas - lower layer,298,All usual residents,0.0
23071,2011,E01000960,2011 super output areas - lower layer,298,Age 0 to 4,0.0
23072,2011,E01000960,2011 super output areas - lower layer,298,Age 5 to 7,0.0
23073,2011,E01000960,2011 super output areas - lower layer,298,Age 8 to 9,0.0
23074,2011,E01000960,2011 super output areas - lower layer,298,Age 10 to 14,0.0
23075,2011,E01000960,2011 super output areas - lower layer,298,Age 15,0.0
23076,2011,E01000960,2011 super output areas - lower layer,298,Age 16 to 17,0.0
23077,2011,E01000960,2011 super output areas - lower layer,298,Age 18 to 19,0.0
23078,2011,E01000960,2011 super output areas - lower layer,298,Age 20 to 24,0.0
23079,2011,E01000960,2011 super output areas - lower layer,298,Age 25 to 29,0.0
23080,2011,E01000960,2011 super output areas - lower layer,298,Age 30 to 44,0.0
23081,2011,E01000960,2011 super output areas - lower layer,298,Age 45 to 59,0.0
23082,2011,E01000960,2011 super output areas - lower layer,298,Age 60 to 64,0.0
23083,2011,E01000960,2011 super output areas - lower layer,298,Age 65 to 74,0.0
23084,2011,E01000960,2011 super output areas - lower layer,298,Age 75 to 84,0.0
23085,2011,E01000960,2011 super output areas - lower layer,298,Age 85 to 89,0.0
23086,2011,E01000960,2011 super output areas - lower layer,298,Age 90 and over,0.0
23087,2011,E01000960,2011 super output areas - lower layer,298,Mean Age,
23088,2011,E01000960,2011 super output areas - lower layer,298,Median Age,0.5
23089,2011,E01000960,2011 super output areas - lower layer,298,All usual residents,0.0
23090,2011,E01000960,2011 super output areas - lower layer,298,Age 0 to 4,0.0
23091,2011,E01000960,2011 super output areas - lower layer,298,Age 5 to 7,0.0
23092,2011,E01000960,2011 super output areas - lower layer,298,Age 8 to 9,0.0
23093,2011,E01000960,2011 super output areas - lower layer,298,Age 10 to 14,0.0
23094,2011,E01000960,2011 super output areas - lower layer,298,Age 15,0.0
23095,2011,E01000960,2011 super output areas - lower layer,298,Age 16 to 17,0.0
23096,2011,E01000960,2011 super output areas - lower layer,298,Age 18 to 19,0.0
23097,2011,E01000960,2011 super output areas - lower layer,298,Age 20 to 24,0.0
23098,2011,E01000960,2011 super output areas - lower layer,298,Age 25 to 29,0.0
23099,2011,E01000960,2011 super output areas - lower layer,298,Age 30 to 44,0.0
23100,2011,E01000960,2011 super output areas - lower layer,298,Age 45 to 59,0.0
23101,2011,E01000960,2011 super output areas - lower layer,298,Age 60 to 64,0.0
23102,2011,E01000960,2011 super output areas - lower layer,298,Age 65 to 74,0.0
23103,2011,E01000960,2011 super output areas - lower layer,298,Age 75 to 84,0.0
23104,2011,E01000960,2011 super output areas - lower layer,298,Age 85 to 89,0.0
23105,2011,E01000960,2011 super output areas - lower layer,298,Age 90 and over,0.0
23106,2011,E01000960,2011 super output areas - lower layer,298,Mean Age,
23107,2011,E01000960,2011 super output areas - lower layer,298,Median Age,0.5
23108,2011,E01000960,2011 super output areas - lower layer,298,All usual residents,0.0
23109,2011,E01000960,2011 super output areas - lower layer,298,Age 0 to 4,0.0
23110,2011,E01000960,2011 super output areas - lower layer,298,Age 5 to 7,0.0
23111,2011,E01000960,2011 super output areas - lower layer,298,Age 8 to 9,0.0
23112,2011,E01000960,2011 super output areas - lower layer,298,Age 10 to 14,0.0
23113,2011,E01000960,2011 super output areas - lower layer,298,Age 15,0.0
23114,2011,E01000960,2011 super output areas - lower layer,298,Age 16 to 17,0.0
23115,2011,E01000960,2011 super output areas - lower layer,298,Age 18 to 19,0.0
23116,2011,E01000960,2011 super output areas - lower layer,298,Age 20 to 24,0.0
23117,2011,E01000960,2011 super output areas - lower layer,298,Age 25 to 29,0.0
23118,2011,E01000960,2011 super output areas - lower layer,298,Age 30 to 44,0.0
23119,2011,E01000960,2011 super output areas - lower layer,298,Age 45 to 59,0.0
23120,2011,E01000960,2011 super output areas - lower layer,298,Age 60 to 64,0.0
23121,2011,E01000960,2011 super output areas - lower layer,298,Age 65 to 74,0.0
23122,2011,E01000960,2011 super output areas - lower layer,298,Age 75 to 84,0.0
23123,2011,E01000960,2011 super output areas - lower layer,298,Age 85 to 89,0.0
23124,2011,E01000960,2011 super output areas - lower layer,298,Age 90 and over,0.0
23125,2011,E01000960,2011 super output areas - lower layer,298,Mean Age,
23126,2011,E01000960,2011 super output areas - lower layer,298,Median Age,0.5
23127,2011,E01000960,2011 super output areas - lower layer,298,All usual residents,0.0
23128,2011,E01000960,2011 super output areas - lower layer,298,Age 0 to 4,0.0
23129,2011,E01000960,2011 super output areas - lower layer,298,Age 5 to 7,0.0
23130,2011,E01000960,2011 super output areas - lower layer,298,Age 8 to 9,0.0
23131,2011,E01000960,2011 super output areas - lower layer,298,Age 10 to 14,0.0
23132,2011,E01000960,2011 super output areas - lower layer,298,Age 15,0.0
23133,2011,E01000960,2011 super output areas - lower layer,298,Age 16 to 17,0.0
23134,2011,E01000960,2011 super output areas - lower layer,298,Age 18 to 19,0.0
23135,2011,E01000960,2011 super output areas - lower layer,298,Age 20 to 24,0.0
23136,2011,E01000960,2011 super output areas - lower layer,298,Age 25 to 29,0.0
23137,2011,E01000960,2011 super output areas - lower layer,298,Age 30 to 44,0.0
23138,2011,E01000960,2011 super output areas - lower layer,298,Age 45 to 59,0.0
23139,2011,E01000960,2011 super output areas - lower layer,298,Age 60 to 64,0.0
23140,2011,E01000960,2011 super output areas - lower layer,298,Age 65 to 74,0.0
23141,2011,E01000960,2011 super output areas - lower layer,298,Age 75 to 84,0.0
23142,2011,E01000960,2011 super output areas - lower layer,298,Age 85 to 89,0.0
23143,2011,E01000960,2011 super output areas - lower layer,298,Age 90 and over,0.0
23144,2011,E01000960,2011 super output areas - lower layer,298,Mean Age,
23145,2011,E01000960,2011 super output areas - lower layer,298,Median Age,0.5
23146,2011,E01000960,2011 super output areas - lower layer,298,All usual residents,0.0
23147,2011,E01000960,2011 super output areas - lower layer,298,Age 0 to 4,0.0
23148,2011,E01000960,2011 super output areas - lower layer,298,Age 5 to 7,0.0
23149,2011,E01000960,2011 super output areas - lower layer,298,Age 8 to 9,0.0
23150,2011,E01000960,2011 super output areas - lower layer,298,Age 10 to 14,0.0
23151,2011,E01000960,2011 super output areas - lower layer,298,Age 15,0.0
23152,2011,E01000960,2011 super output areas - lower layer,298,Age 16 to 17,0.0
23153,2011,E01000960,2011 super output areas - lower layer,298,Age 18 to 19,0.0
23154,2011,E01000960,2011 super output areas - lower layer,298,Age 20 to 24,0.0
23155,2011,E01000960,2011 super output areas - lower layer,298,Age 25 to 29,0.0
23156,2011,E01000960,2011 super output areas - lower layer,298,Age 30 to 44,0.0
23157,2011,E01000960,2011 super output areas - lower layer,298,Age 45 to 59,0.0
23158,2011,E01000960,2011 super output areas - lower layer,298,Age 60 to 64,0.0
23159,2011,E01000960,2011 super output areas - lower layer,298,Age 65 to 74,0.0
23160,2011,E01000960,2011 super output areas - lower layer,298,Age 75 to 84,0.0
23161,2011,E01000960,2011 super output areas - lower layer,298,Age 85 to 89,0.0
23162,2011,E01000960,2011 super output areas - lower layer,298,Age 90 and over,0.0
23163,2011,E01000960,2011 super output areas - lower layer,298,Mean Age,
23164,2011,E01000960,2011 super output areas - lower layer,298,Median Age,0.5
23165,2011,E01000960,2011 super output areas - lower layer,298,All usual residents,0.0
23166,2011,E01000960,2011 super output areas - lower layer,298,Age 0 to 4,0.0
23167,2011,E01000960,2011 super output areas - lower layer,298,Age 5 to 7,0.0
23168,2011,E01000960,2011 super output areas - lower layer,298,Age 8 to 9,0.0
23169,2011,E01000960,2011 super output areas - lower layer,298,Age 10 to 14,0.0
23170,2011,E01000960,2011 super output areas - lower layer,298,Age 15,0.0
23171,2011,E01000960,2011 super output areas - lower layer,298,Age 16 to 17,0.0
23172,2011,E01000960,2011 super output areas - lower layer,298,Age 18 to 19,0.0
23173,2011,E01000960,2011 super output areas - lower layer,298,Age 20 to 24,0.0
23174,2011,E01000960,2011 super output areas - lower layer,298,Age 25 to 29,0.0
23175,2011,E01000960,2011 super output areas - lower layer,298,Age 30 to 44,0.0
23176,2011,E01000960,2011 super output areas - lower layer,298,Age 45 to 59,0.0
23177,2011,E01000960,2011 super output areas - lower layer,298,Age 60 to 64,0.0
23178,2011,E01000960,2011 super output areas - lower layer,298,Age 65 to 74,0.0
23179,2011,E01000960,2011 super output areas - lower layer,298,Age 75 to 84,0.0
23180,2011,E01000960,2011 super output areas - lower layer,298,Age 85 to 89,0.0
23181,2011,E01000960,2011 super output areas - lower layer,298,Age 90 and over,0.0
23182,2011,E01000960,2011 super output areas - lower layer,298,Mean Age,
23183,2011,E01000960,2011 super output areas - lower layer,298,Median Age,0.5
23184,2011,E01000960,2011 super output areas - lower layer,298,All usual residents,0.0
23185,2011,E01000960,2011 super output areas - lower layer,298,Age 0 to 4,0.0
23186,2011,E01000960,2011 super output areas - lower layer,298,Age 5 to 7,0.0
23187,2011,E01000960,2011 super output areas - lower layer,298,Age 8 to 9,0.0
23188,2011,E01000960,2011 super output areas - lower layer,298,Age 10 to 14,0.0
23189,2011,E01000960,2011 super output areas - lower layer,298,Age 15,0.0
23190,2011,E01000960,2011 super output areas - lower layer,298,Age 16 to 17,0.0
23191,2011,E01000960,2011 super output areas - lower layer,298,Age 18 to 19,0.0
23192,2011,E01000960,2011 super output areas - lower layer,298,Age 20 to 24,0.0
23193,2011,E01000960,2011 super output areas - lower layer,298,Age 25 to 29,0.0
23194,2011,E01000960,2011 super output areas - lower layer,298,Age 30 to 44,0.0
23195,2011,E01000960,2011 super output areas - lower layer,298,Age 45 to 59,0.0
23196,2011,E01000960,2011 super output areas - lower layer,298,Age 60 to 64,0.0
23197,2011,E01000960,2011 super output areas - lower layer,298,Age 65 to 74,0.0
23198,2011,E01000960,2011 super output areas - lower layer,298,Age 75 to 84,0.0
23199,2011,E01000960,2011 super output areas - lower layer,298,Age 85 to 89,0.0
23200,2011,E01000960,2011 super output areas - lower layer,298,Age 90 and over,0.0
23201,2011,E01000960,2011 super output areas - lower layer,298,Mean Age,
23202,2011,E01000960,2011 super output areas - lower layer,298,Median Age,0.5
23203,2011,E01000960,2011 super output areas - lower layer,298,All usual residents,0.0
23204,2011,E01000960,2011 super output areas - lower layer,298,Age 0 to 4,0.0
23205,2011,E01000960,2011 super output areas - lower layer,298,Age 5 to 7,0.0
23206,2011,E01000960,2011 super output areas - lower layer,298,Age 8 to 9,0.0
23207,2011,E01000960,2011 super output areas - lower layer,298,Age 10 to 14,0.0
23208,2011,E01000960,2011 super output areas - lower layer,298,Age 15,0.0
23209,2011,E01000960,2011 super output areas - lower layer,298,Age 16 to 17,0.0
23210,2011,E01000960,2011 super output areas - lower layer,298,Age 18 to 19,0.0
23211,2011,E01000960,2011 super output areas - lower layer,298,Age 20 to 24,0.0
23212,2011,E01000960,2011 super output areas - lower layer,298,Age 25 to 29,0.0
23213,2011,E01000960,2011 super output areas - lower layer,298,Age 30 to 44,0.0
23214,2011,E01000960,2011 super output areas - lower layer,298,Age 45 to 59,0.0
23215,2011,E01000960,2011 super output areas - lower layer,298,Age 60 to 64,0.0
23216,2011,E01000960,2011 super output areas - lower layer,298,Age 65 to 74,0.0
23217,2011,E01000960,2011 super output areas - lower layer,298,Age 75 to 84,0.0
23218,2011,E01000960,2011 super output areas - lower layer,298,Age 85 to 89,0.0
23219,2011,E01000960,2011 super output areas - lower layer,298,Age 90 and over,0.0
23220,2011,E01000960,2011 super output areas - lower layer,298,Mean Age,
23221,2011,E01000960,2011 super output areas - lower layer,298,Median Age,0.5
23222,2011,E01000961,2011 super output areas - lower layer,298,All usual residents,1591.0
23223,2011,E01000961,2011 super output areas - lower layer,298,Age 0 to 4,131.0
23224,2011,E01000961,2011 super output areas - lower layer,298,Age 5 to 7,70.0
23225,2011,E01000961,2011 super output areas - lower layer,298,Age 8 to 9,46.0
23226,2011,E01000961,2011 super output areas - lower layer,298,Age 10 to 14,94.0
23227,2011,E01000961,2011 super output areas - lower layer,298,Age 15,22.0
23228,2011,E01000961,2011 super output areas - lower layer,298,Age 16 to 17,34.0
23229,2011,E01000961,2011 super output areas - lower layer,298,Age 18 to 19,30.0
23230,2011,E01000961,2011 super output areas - lower layer,298,Age 20 to 24,116.0
23231,2011,E01000961,2011 super output areas - lower layer,298,Age 25 to 29,161.0
23232,2011,E01000961,2011 super output areas - lower layer,298,Age 30 to 44,386.0
23233,2011,E01000961,2011 super output areas - lower layer,298,Age 45 to 59,244.0
23234,2011,E01000961,2011 super output areas - lower layer,298,Age 60 to 64,62.0
23235,2011,E01000961,2011 super output areas - lower layer,298,Age 65 to 74,90.0
23236,2011,E01000961,2011 super output areas - lower layer,298,Age 75 to 84,58.0
23237,2011,E01000961,2011 super output areas - lower layer,298,Age 85 to 89,28.0
23238,2011,E01000961,2011 super output areas - lower layer,298,Age 90 and over,19.0
23239,2011,E01000961,2011 super output areas - lower layer,298,Mean Age,35.2
23240,2011,E01000961,2011 super output areas - lower layer,298,Median Age,33.0
23241,2011,E01000961,2011 super output areas - lower layer,298,All usual residents,0.0
23242,2011,E01000961,2011 super output areas - lower layer,298,Age 0 to 4,0.0
23243,2011,E01000961,2011 super output areas - lower layer,298,Age 5 to 7,0.0
23244,2011,E01000961,2011 super output areas - lower layer,298,Age 8 to 9,0.0
23245,2011,E01000961,2011 super output areas - lower layer,298,Age 10 to 14,0.0
23246,2011,E01000961,2011 super output areas - lower layer,298,Age 15,0.0
23247,2011,E01000961,2011 super output areas - lower layer,298,Age 16 to 17,0.0
23248,2011,E01000961,2011 super output areas - lower layer,298,Age 18 to 19,0.0
23249,2011,E01000961,2011 super output areas - lower layer,298,Age 20 to 24,0.0
23250,2011,E01000961,2011 super output areas - lower layer,298,Age 25 to 29,0.0
23251,2011,E01000961,2011 super output areas - lower layer,298,Age 30 to 44,0.0
23252,2011,E01000961,2011 super output areas - lower layer,298,Age 45 to 59,0.0
23253,2011,E01000961,2011 super output areas - lower layer,298,Age 60 to 64,0.0
23254,2011,E01000961,2011 super output areas - lower layer,298,Age 65 to 74,0.0
23255,2011,E01000961,2011 super output areas - lower layer,298,Age 75 to 84,0.0
23256,2011,E01000961,2011 super output areas - lower layer,298,Age 85 to 89,0.0
23257,2011,E01000961,2011 super output areas - lower layer,298,Age 90 and over,0.0
23258,2011,E01000961,2011 super output areas - lower layer,298,Mean Age,
23259,2011,E01000961,2011 super output areas - lower layer,298,Median Age,0.5
23260,2011,E01000961,2011 super output areas - lower layer,298,All usual residents,0.0
23261,2011,E01000961,2011 super output areas - lower layer,298,Age 0 to 4,0.0
23262,2011,E01000961,2011 super output areas - lower layer,298,Age 5 to 7,0.0
23263,2011,E01000961,2011 super output areas - lower layer,298,Age 8 to 9,0.0
23264,2011,E01000961,2011 super output areas - lower layer,298,Age 10 to 14,0.0
23265,2011,E01000961,2011 super output areas - lower layer,298,Age 15,0.0
23266,2011,E01000961,2011 super output areas - lower layer,298,Age 16 to 17,0.0
23267,2011,E01000961,2011 super output areas - lower layer,298,Age 18 to 19,0.0
23268,2011,E01000961,2011 super output areas - lower layer,298,Age 20 to 24,0.0
23269,2011,E01000961,2011 super output areas - lower layer,298,Age 25 to 29,0.0
23270,2011,E01000961,2011 super output areas - lower layer,298,Age 30 to 44,0.0
23271,2011,E01000961,2011 super output areas - lower layer,298,Age 45 to 59,0.0
23272,2011,E01000961,2011 super output areas - lower layer,298,Age 60 to 64,0.0
23273,2011,E01000961,2011 super output areas - lower layer,298,Age 65 to 74,0.0
23274,2011,E01000961,2011 super output areas - lower layer,298,Age 75 to 84,0.0
23275,2011,E01000961,2011 super output areas - lower layer,298,Age 85 to 89,0.0
23276,2011,E01000961,2011 super output areas - lower layer,298,Age 90 and over,0.0
23277,2011,E01000961,2011 super output areas - lower layer,298,Mean Age,
23278,2011,E01000961,2011 super output areas - lower layer,298,Median Age,0.5
23279,2011,E01000961,2011 super output areas - lower layer,298,All usual residents,0.0
23280,2011,E01000961,2011 super output areas - lower layer,298,Age 0 to 4,0.0
23281,2011,E01000961,2011 super output areas - lower layer,298,Age 5 to 7,0.0
23282,2011,E01000961,2011 super output areas - lower layer,298,Age 8 to 9,0.0
23283,2011,E01000961,2011 super output areas - lower layer,298,Age 10 to 14,0.0
23284,2011,E01000961,2011 super output areas - lower layer,298,Age 15,0.0
23285,2011,E01000961,2011 super output areas - lower layer,298,Age 16 to 17,0.0
23286,2011,E01000961,2011 super output areas - lower layer,298,Age 18 to 19,0.0
23287,2011,E01000961,2011 super output areas - lower layer,298,Age 20 to 24,0.0
23288,2011,E01000961,2011 super output areas - lower layer,298,Age 25 to 29,0.0
23289,2011,E01000961,2011 super output areas - lower layer,298,Age 30 to 44,0.0
23290,2011,E01000961,2011 super output areas - lower layer,298,Age 45 to 59,0.0
23291,2011,E01000961,2011 super output areas - lower layer,298,Age 60 to 64,0.0
23292,2011,E01000961,2011 super output areas - lower layer,298,Age 65 to 74,0.0
23293,2011,E01000961,2011 super output areas - lower layer,298,Age 75 to 84,0.0
23294,2011,E01000961,2011 super output areas - lower layer,298,Age 85 to 89,0.0
23295,2011,E01000961,2011 super output areas - lower layer,298,Age 90 and over,0.0
23296,2011,E01000961,2011 super output areas - lower layer,298,Mean Age,
23297,2011,E01000961,2011 super output areas - lower layer,298,Median Age,0.5
23298,2011,E01000961,2011 super output areas - lower layer,298,All usual residents,0.0
23299,2011,E01000961,2011 super output areas - lower layer,298,Age 0 to 4,0.0
23300,2011,E01000961,2011 super output areas - lower layer,298,Age 5 to 7,0.0
23301,2011,E01000961,2011 super output areas - lower layer,298,Age 8 to 9,0.0
23302,2011,E01000961,2011 super output areas - lower layer,298,Age 10 to 14,0.0
23303,2011,E01000961,2011 super output areas - lower layer,298,Age 15,0.0
23304,2011,E01000961,2011 super output areas - lower layer,298,Age 16 to 17,0.0
23305,2011,E01000961,2011 super output areas - lower layer,298,Age 18 to 19,0.0
23306,2011,E01000961,2011 super output areas - lower layer,298,Age 20 to 24,0.0
23307,2011,E01000961,2011 super output areas - lower layer,298,Age 25 to 29,0.0
23308,2011,E01000961,2011 super output areas - lower layer,298,Age 30 to 44,0.0
23309,2011,E01000961,2011 super output areas - lower layer,298,Age 45 to 59,0.0
23310,2011,E01000961,2011 super output areas - lower layer,298,Age 60 to 64,0.0
23311,2011,E01000961,2011 super output areas - lower layer,298,Age 65 to 74,0.0
23312,2011,E01000961,2011 super output areas - lower layer,298,Age 75 to 84,0.0
23313,2011,E01000961,2011 super output areas - lower layer,298,Age 85 to 89,0.0
23314,2011,E01000961,2011 super output areas - lower layer,298,Age 90 and over,0.0
23315,2011,E01000961,2011 super output areas - lower layer,298,Mean Age,
23316,2011,E01000961,2011 super output areas - lower layer,298,Median Age,0.5
23317,2011,E01000961,2011 super output areas - lower layer,298,All usual residents,0.0
23318,2011,E01000961,2011 super output areas - lower layer,298,Age 0 to 4,0.0
23319,2011,E01000961,2011 super output areas - lower layer,298,Age 5 to 7,0.0
23320,2011,E01000961,2011 super output areas - lower layer,298,Age 8 to 9,0.0
23321,2011,E01000961,2011 super output areas - lower layer,298,Age 10 to 14,0.0
23322,2011,E01000961,2011 super output areas - lower layer,298,Age 15,0.0
23323,2011,E01000961,2011 super output areas - lower layer,298,Age 16 to 17,0.0
23324,2011,E01000961,2011 super output areas - lower layer,298,Age 18 to 19,0.0
23325,2011,E01000961,2011 super output areas - lower layer,298,Age 20 to 24,0.0
23326,2011,E01000961,2011 super output areas - lower layer,298,Age 25 to 29,0.0
23327,2011,E01000961,2011 super output areas - lower layer,298,Age 30 to 44,0.0
23328,2011,E01000961,2011 super output areas - lower layer,298,Age 45 to 59,0.0
23329,2011,E01000961,2011 super output areas - lower layer,298,Age 60 to 64,0.0
23330,2011,E01000961,2011 super output areas - lower layer,298,Age 65 to 74,0.0
23331,2011,E01000961,2011 super output areas - lower layer,298,Age 75 to 84,0.0
23332,2011,E01000961,2011 super output areas - lower layer,298,Age 85 to 89,0.0
23333,2011,E01000961,2011 super output areas - lower layer,298,Age 90 and over,0.0
23334,2011,E01000961,2011 super output areas - lower layer,298,Mean Age,
23335,2011,E01000961,2011 super output areas - lower layer,298,Median Age,0.5
23336,2011,E01000961,2011 super output areas - lower layer,298,All usual residents,0.0
23337,2011,E01000961,2011 super output areas - lower layer,298,Age 0 to 4,0.0
23338,2011,E01000961,2011 super output areas - lower layer,298,Age 5 to 7,0.0
23339,2011,E01000961,2011 super output areas - lower layer,298,Age 8 to 9,0.0
23340,2011,E01000961,2011 super output areas - lower layer,298,Age 10 to 14,0.0
23341,2011,E01000961,2011 super output areas - lower layer,298,Age 15,0.0
23342,2011,E01000961,2011 super output areas - lower layer,298,Age 16 to 17,0.0
23343,2011,E01000961,2011 super output areas - lower layer,298,Age 18 to 19,0.0
23344,2011,E01000961,2011 super output areas - lower layer,298,Age 20 to 24,0.0
23345,2011,E01000961,2011 super output areas - lower layer,298,Age 25 to 29,0.0
23346,2011,E01000961,2011 super output areas - lower layer,298,Age 30 to 44,0.0
23347,2011,E01000961,2011 super output areas - lower layer,298,Age 45 to 59,0.0
23348,2011,E01000961,2011 super output areas - lower layer,298,Age 60 to 64,0.0
23349,2011,E01000961,2011 super output areas - lower layer,298,Age 65 to 74,0.0
23350,2011,E01000961,2011 super output areas - lower layer,298,Age 75 to 84,0.0
23351,2011,E01000961,2011 super output areas - lower layer,298,Age 85 to 89,0.0
23352,2011,E01000961,2011 super output areas - lower layer,298,Age 90 and over,0.0
23353,2011,E01000961,2011 super output areas - lower layer,298,Mean Age,
23354,2011,E01000961,2011 super output areas - lower layer,298,Median Age,0.5
23355,2011,E01000961,2011 super output areas - lower layer,298,All usual residents,0.0
23356,2011,E01000961,2011 super output areas - lower layer,298,Age 0 to 4,0.0
23357,2011,E01000961,2011 super output areas - lower layer,298,Age 5 to 7,0.0
23358,2011,E01000961,2011 super output areas - lower layer,298,Age 8 to 9,0.0
23359,2011,E01000961,2011 super output areas - lower layer,298,Age 10 to 14,0.0
23360,2011,E01000961,2011 super output areas - lower layer,298,Age 15,0.0
23361,2011,E01000961,2011 super output areas - lower layer,298,Age 16 to 17,0.0
23362,2011,E01000961,2011 super output areas - lower layer,298,Age 18 to 19,0.0
23363,2011,E01000961,2011 super output areas - lower layer,298,Age 20 to 24,0.0
23364,2011,E01000961,2011 super output areas - lower layer,298,Age 25 to 29,0.0
23365,2011,E01000961,2011 super output areas - lower layer,298,Age 30 to 44,0.0
23366,2011,E01000961,2011 super output areas - lower layer,298,Age 45 to 59,0.0
23367,2011,E01000961,2011 super output areas - lower layer,298,Age 60 to 64,0.0
23368,2011,E01000961,2011 super output areas - lower layer,298,Age 65 to 74,0.0
23369,2011,E01000961,2011 super output areas - lower layer,298,Age 75 to 84,0.0
23370,2011,E01000961,2011 super output areas - lower layer,298,Age 85 to 89,0.0
23371,2011,E01000961,2011 super output areas - lower layer,298,Age 90 and over,0.0
23372,2011,E01000961,2011 super output areas - lower layer,298,Mean Age,
23373,2011,E01000961,2011 super output areas - lower layer,298,Median Age,0.5
23374,2011,E01000961,2011 super output areas - lower layer,298,All usual residents,0.0
23375,2011,E01000961,2011 super output areas - lower layer,298,Age 0 to 4,0.0
23376,2011,E01000961,2011 super output areas - lower layer,298,Age 5 to 7,0.0
23377,2011,E01000961,2011 super output areas - lower layer,298,Age 8 to 9,0.0
23378,2011,E01000961,2011 super output areas - lower layer,298,Age 10 to 14,0.0
23379,2011,E01000961,2011 super output areas - lower layer,298,Age 15,0.0
23380,2011,E01000961,2011 super output areas - lower layer,298,Age 16 to 17,0.0
23381,2011,E01000961,2011 super output areas - lower layer,298,Age 18 to 19,0.0
23382,2011,E01000961,2011 super output areas - lower layer,298,Age 20 to 24,0.0
23383,2011,E01000961,2011 super output areas - lower layer,298,Age 25 to 29,0.0
23384,2011,E01000961,2011 super output areas - lower layer,298,Age 30 to 44,0.0
23385,2011,E01000961,2011 super output areas - lower layer,298,Age 45 to 59,0.0
23386,2011,E01000961,2011 super output areas - lower layer,298,Age 60 to 64,0.0
23387,2011,E01000961,2011 super output areas - lower layer,298,Age 65 to 74,0.0
23388,2011,E01000961,2011 super output areas - lower layer,298,Age 75 to 84,0.0
23389,2011,E01000961,2011 super output areas - lower layer,298,Age 85 to 89,0.0
23390,2011,E01000961,2011 super output areas - lower layer,298,Age 90 and over,0.0
23391,2011,E01000961,2011 super output areas - lower layer,298,Mean Age,
23392,2011,E01000961,2011 super output areas - lower layer,298,Median Age,0.5
23393,2011,E01000961,2011 super output areas - lower layer,298,All usual residents,0.0
23394,2011,E01000961,2011 super output areas - lower layer,298,Age 0 to 4,0.0
23395,2011,E01000961,2011 super output areas - lower layer,298,Age 5 to 7,0.0
23396,2011,E01000961,2011 super output areas - lower layer,298,Age 8 to 9,0.0
23397,2011,E01000961,2011 super output areas - lower layer,298,Age 10 to 14,0.0
23398,2011,E01000961,2011 super output areas - lower layer,298,Age 15,0.0
23399,2011,E01000961,2011 super output areas - lower layer,298,Age 16 to 17,0.0
23400,2011,E01000961,2011 super output areas - lower layer,298,Age 18 to 19,0.0
23401,2011,E01000961,2011 super output areas - lower layer,298,Age 20 to 24,0.0
23402,2011,E01000961,2011 super output areas - lower layer,298,Age 25 to 29,0.0
23403,2011,E01000961,2011 super output areas - lower layer,298,Age 30 to 44,0.0
23404,2011,E01000961,2011 super output areas - lower layer,298,Age 45 to 59,0.0
23405,2011,E01000961,2011 super output areas - lower layer,298,Age 60 to 64,0.0
23406,2011,E01000961,2011 super output areas - lower layer,298,Age 65 to 74,0.0
23407,2011,E01000961,2011 super output areas - lower layer,298,Age 75 to 84,0.0
23408,2011,E01000961,2011 super output areas - lower layer,298,Age 85 to 89,0.0
23409,2011,E01000961,2011 super output areas - lower layer,298,Age 90 and over,0.0
23410,2011,E01000961,2011 super output areas - lower layer,298,Mean Age,
23411,2011,E01000961,2011 super output areas - lower layer,298,Median Age,0.5
23412,2011,E01000961,2011 super output areas - lower layer,298,All usual residents,0.0
23413,2011,E01000961,2011 super output areas - lower layer,298,Age 0 to 4,0.0
23414,2011,E01000961,2011 super output areas - lower layer,298,Age 5 to 7,0.0
23415,2011,E01000961,2011 super output areas - lower layer,298,Age 8 to 9,0.0
23416,2011,E01000961,2011 super output areas - lower layer,298,Age 10 to 14,0.0
23417,2011,E01000961,2011 super output areas - lower layer,298,Age 15,0.0
23418,2011,E01000961,2011 super output areas - lower layer,298,Age 16 to 17,0.0
23419,2011,E01000961,2011 super output areas - lower layer,298,Age 18 to 19,0.0
23420,2011,E01000961,2011 super output areas - lower layer,298,Age 20 to 24,0.0
23421,2011,E01000961,2011 super output areas - lower layer,298,Age 25 to 29,0.0
23422,2011,E01000961,2011 super output areas - lower layer,298,Age 30 to 44,0.0
23423,2011,E01000961,2011 super output areas - lower layer,298,Age 45 to 59,0.0
23424,2011,E01000961,2011 super output areas - lower layer,298,Age 60 to 64,0.0
23425,2011,E01000961,2011 super output areas - lower layer,298,Age 65 to 74,0.0
23426,2011,E01000961,2011 super output areas - lower layer,298,Age 75 to 84,0.0
23427,2011,E01000961,2011 super output areas - lower layer,298,Age 85 to 89,0.0
23428,2011,E01000961,2011 super output areas - lower layer,298,Age 90 and over,0.0
23429,2011,E01000961,2011 super output areas - lower layer,298,Mean Age,
23430,2011,E01000961,2011 super output areas - lower layer,298,Median Age,0.5
23431,2011,E01000961,2011 super output areas - lower layer,298,All usual residents,0.0
23432,2011,E01000961,2011 super output areas - lower layer,298,Age 0 to 4,0.0
23433,2011,E01000961,2011 super output areas - lower layer,298,Age 5 to 7,0.0
23434,2011,E01000961,2011 super output areas - lower layer,298,Age 8 to 9,0.0
23435,2011,E01000961,2011 super output areas - lower layer,298,Age 10 to 14,0.0
23436,2011,E01000961,2011 super output areas - lower layer,298,Age 15,0.0
23437,2011,E01000961,2011 super output areas - lower layer,298,Age 16 to 17,0.0
23438,2011,E01000961,2011 super output areas - lower layer,298,Age 18 to 19,0.0
23439,2011,E01000961,2011 super output areas - lower layer,298,Age 20 to 24,0.0
23440,2011,E01000961,2011 super output areas - lower layer,298,Age 25 to 29,0.0
23441,2011,E01000961,2011 super output areas - lower layer,298,Age 30 to 44,0.0
23442,2011,E01000961,2011 super output areas - lower layer,298,Age 45 to 59,0.0
23443,2011,E01000961,2011 super output areas - lower layer,298,Age 60 to 64,0.0
23444,2011,E01000961,2011 super output areas - lower layer,298,Age 65 to 74,0.0
23445,2011,E01000961,2011 super output areas - lower layer,298,Age 75 to 84,0.0
23446,2011,E01000961,2011 super output areas - lower layer,298,Age 85 to 89,0.0
23447,2011,E01000961,2011 super output areas - lower layer,298,Age 90 and over,0.0
23448,2011,E01000961,2011 super output areas - lower layer,298,Mean Age,
23449,2011,E01000961,2011 super output areas - lower layer,298,Median Age,0.5
23450,2011,E01000961,2011 super output areas - lower layer,298,All usual residents,0.0
23451,2011,E01000961,2011 super output areas - lower layer,298,Age 0 to 4,0.0
23452,2011,E01000961,2011 super output areas - lower layer,298,Age 5 to 7,0.0
23453,2011,E01000961,2011 super output areas - lower layer,298,Age 8 to 9,0.0
23454,2011,E01000961,2011 super output areas - lower layer,298,Age 10 to 14,0.0
23455,2011,E01000961,2011 super output areas - lower layer,298,Age 15,0.0
23456,2011,E01000961,2011 super output areas - lower layer,298,Age 16 to 17,0.0
23457,2011,E01000961,2011 super output areas - lower layer,298,Age 18 to 19,0.0
23458,2011,E01000961,2011 super output areas - lower layer,298,Age 20 to 24,0.0
23459,2011,E01000961,2011 super output areas - lower layer,298,Age 25 to 29,0.0
23460,2011,E01000961,2011 super output areas - lower layer,298,Age 30 to 44,0.0
23461,2011,E01000961,2011 super output areas - lower layer,298,Age 45 to 59,0.0
23462,2011,E01000961,2011 super output areas - lower layer,298,Age 60 to 64,0.0
23463,2011,E01000961,2011 super output areas - lower layer,298,Age 65 to 74,0.0
23464,2011,E01000961,2011 super output areas - lower layer,298,Age 75 to 84,0.0
23465,2011,E01000961,2011 super output areas - lower layer,298,Age 85 to 89,0.0
23466,2011,E01000961,2011 super output areas - lower layer,298,Age 90 and over,0.0
23467,2011,E01000961,2011 super output areas - lower layer,298,Mean Age,
23468,2011,E01000961,2011 super output areas - lower layer,298,Median Age,0.5
23469,2011,E01000963,2011 super output areas - lower layer,298,All usual residents,1923.0
23470,2011,E01000963,2011 super output areas - lower layer,298,Age 0 to 4,128.0
23471,2011,E01000963,2011 super output areas - lower layer,298,Age 5 to 7,49.0
23472,2011,E01000963,2011 super output areas - lower layer,298,Age 8 to 9,35.0
23473,2011,E01000963,2011 super output areas - lower layer,298,Age 10 to 14,74.0
23474,2011,E01000963,2011 super output areas - lower layer,298,Age 15,11.0
23475,2011,E01000963,2011 super output areas - lower layer,298,Age 16 to 17,29.0
23476,2011,E01000963,2011 super output areas - lower layer,298,Age 18 to 19,33.0
23477,2011,E01000963,2011 super output areas - lower layer,298,Age 20 to 24,117.0
23478,2011,E01000963,2011 super output areas - lower layer,298,Age 25 to 29,224.0
23479,2011,E01000963,2011 super output areas - lower layer,298,Age 30 to 44,527.0
23480,2011,E01000963,2011 super output areas - lower layer,298,Age 45 to 59,292.0
23481,2011,E01000963,2011 super output areas - lower layer,298,Age 60 to 64,75.0
23482,2011,E01000963,2011 super output areas - lower layer,298,Age 65 to 74,119.0
23483,2011,E01000963,2011 super output areas - lower layer,298,Age 75 to 84,108.0
23484,2011,E01000963,2011 super output areas - lower layer,298,Age 85 to 89,57.0
23485,2011,E01000963,2011 super output areas - lower layer,298,Age 90 and over,45.0
23486,2011,E01000963,2011 super output areas - lower layer,298,Mean Age,39.7
23487,2011,E01000963,2011 super output areas - lower layer,298,Median Age,35.0
23488,2011,E01000963,2011 super output areas - lower layer,298,All usual residents,0.0
23489,2011,E01000963,2011 super output areas - lower layer,298,Age 0 to 4,0.0
23490,2011,E01000963,2011 super output areas - lower layer,298,Age 5 to 7,0.0
23491,2011,E01000963,2011 super output areas - lower layer,298,Age 8 to 9,0.0
23492,2011,E01000963,2011 super output areas - lower layer,298,Age 10 to 14,0.0
23493,2011,E01000963,2011 super output areas - lower layer,298,Age 15,0.0
23494,2011,E01000963,2011 super output areas - lower layer,298,Age 16 to 17,0.0
23495,2011,E01000963,2011 super output areas - lower layer,298,Age 18 to 19,0.0
23496,2011,E01000963,2011 super output areas - lower layer,298,Age 20 to 24,0.0
23497,2011,E01000963,2011 super output areas - lower layer,298,Age 25 to 29,0.0
23498,2011,E01000963,2011 super output areas - lower layer,298,Age 30 to 44,0.0
23499,2011,E01000963,2011 super output areas - lower layer,298,Age 45 to 59,0.0
23500,2011,E01000963,2011 super output areas - lower layer,298,Age 60 to 64,0.0
23501,2011,E01000963,2011 super output areas - lower layer,298,Age 65 to 74,0.0
23502,2011,E01000963,2011 super output areas - lower layer,298,Age 75 to 84,0.0
23503,2011,E01000963,2011 super output areas - lower layer,298,Age 85 to 89,0.0
23504,2011,E01000963,2011 super output areas - lower layer,298,Age 90 and over,0.0
23505,2011,E01000963,2011 super output areas - lower layer,298,Mean Age,
23506,2011,E01000963,2011 super output areas - lower layer,298,Median Age,0.5
23507,2011,E01000963,2011 super output areas - lower layer,298,All usual residents,0.0
23508,2011,E01000963,2011 super output areas - lower layer,298,Age 0 to 4,0.0
23509,2011,E01000963,2011 super output areas - lower layer,298,Age 5 to 7,0.0
23510,2011,E01000963,2011 super output areas - lower layer,298,Age 8 to 9,0.0
23511,2011,E01000963,2011 super output areas - lower layer,298,Age 10 to 14,0.0
23512,2011,E01000963,2011 super output areas - lower layer,298,Age 15,0.0
23513,2011,E01000963,2011 super output areas - lower layer,298,Age 16 to 17,0.0
23514,2011,E01000963,2011 super output areas - lower layer,298,Age 18 to 19,0.0
23515,2011,E01000963,2011 super output areas - lower layer,298,Age 20 to 24,0.0
23516,2011,E01000963,2011 super output areas - lower layer,298,Age 25 to 29,0.0
23517,2011,E01000963,2011 super output areas - lower layer,298,Age 30 to 44,0.0
23518,2011,E01000963,2011 super output areas - lower layer,298,Age 45 to 59,0.0
23519,2011,E01000963,2011 super output areas - lower layer,298,Age 60 to 64,0.0
23520,2011,E01000963,2011 super output areas - lower layer,298,Age 65 to 74,0.0
23521,2011,E01000963,2011 super output areas - lower layer,298,Age 75 to 84,0.0
23522,2011,E01000963,2011 super output areas - lower layer,298,Age 85 to 89,0.0
23523,2011,E01000963,2011 super output areas - lower layer,298,Age 90 and over,0.0
23524,2011,E01000963,2011 super output areas - lower layer,298,Mean Age,
23525,2011,E01000963,2011 super output areas - lower layer,298,Median Age,0.5
23526,2011,E01000963,2011 super output areas - lower layer,298,All usual residents,0.0
23527,2011,E01000963,2011 super output areas - lower layer,298,Age 0 to 4,0.0
23528,2011,E01000963,2011 super output areas - lower layer,298,Age 5 to 7,0.0
23529,2011,E01000963,2011 super output areas - lower layer,298,Age 8 to 9,0.0
23530,2011,E01000963,2011 super output areas - lower layer,298,Age 10 to 14,0.0
23531,2011,E01000963,2011 super output areas - lower layer,298,Age 15,0.0
23532,2011,E01000963,2011 super output areas - lower layer,298,Age 16 to 17,0.0
23533,2011,E01000963,2011 super output areas - lower layer,298,Age 18 to 19,0.0
23534,2011,E01000963,2011 super output areas - lower layer,298,Age 20 to 24,0.0
23535,2011,E01000963,2011 super output areas - lower layer,298,Age 25 to 29,0.0
23536,2011,E01000963,2011 super output areas - lower layer,298,Age 30 to 44,0.0
23537,2011,E01000963,2011 super output areas - lower layer,298,Age 45 to 59,0.0
23538,2011,E01000963,2011 super output areas - lower layer,298,Age 60 to 64,0.0
23539,2011,E01000963,2011 super output areas - lower layer,298,Age 65 to 74,0.0
23540,2011,E01000963,2011 super output areas - lower layer,298,Age 75 to 84,0.0
23541,2011,E01000963,2011 super output areas - lower layer,298,Age 85 to 89,0.0
23542,2011,E01000963,2011 super output areas - lower layer,298,Age 90 and over,0.0
23543,2011,E01000963,2011 super output areas - lower layer,298,Mean Age,
23544,2011,E01000963,2011 super output areas - lower layer,298,Median Age,0.5
23545,2011,E01000963,2011 super output areas - lower layer,298,All usual residents,0.0
23546,2011,E01000963,2011 super output areas - lower layer,298,Age 0 to 4,0.0
23547,2011,E01000963,2011 super output areas - lower layer,298,Age 5 to 7,0.0
23548,2011,E01000963,2011 super output areas - lower layer,298,Age 8 to 9,0.0
23549,2011,E01000963,2011 super output areas - lower layer,298,Age 10 to 14,0.0
23550,2011,E01000963,2011 super output areas - lower layer,298,Age 15,0.0
23551,2011,E01000963,2011 super output areas - lower layer,298,Age 16 to 17,0.0
23552,2011,E01000963,2011 super output areas - lower layer,298,Age 18 to 19,0.0
23553,2011,E01000963,2011 super output areas - lower layer,298,Age 20 to 24,0.0
23554,2011,E01000963,2011 super output areas - lower layer,298,Age 25 to 29,0.0
23555,2011,E01000963,2011 super output areas - lower layer,298,Age 30 to 44,0.0
23556,2011,E01000963,2011 super output areas - lower layer,298,Age 45 to 59,0.0
23557,2011,E01000963,2011 super output areas - lower layer,298,Age 60 to 64,0.0
23558,2011,E01000963,2011 super output areas - lower layer,298,Age 65 to 74,0.0
23559,2011,E01000963,2011 super output areas - lower layer,298,Age 75 to 84,0.0
23560,2011,E01000963,2011 super output areas - lower layer,298,Age 85 to 89,0.0
23561,2011,E01000963,2011 super output areas - lower layer,298,Age 90 and over,0.0
23562,2011,E01000963,2011 super output areas - lower layer,298,Mean Age,
23563,2011,E01000963,2011 super output areas - lower layer,298,Median Age,0.5
23564,2011,E01000963,2011 super output areas - lower layer,298,All usual residents,0.0
23565,2011,E01000963,2011 super output areas - lower layer,298,Age 0 to 4,0.0
23566,2011,E01000963,2011 super output areas - lower layer,298,Age 5 to 7,0.0
23567,2011,E01000963,2011 super output areas - lower layer,298,Age 8 to 9,0.0
23568,2011,E01000963,2011 super output areas - lower layer,298,Age 10 to 14,0.0
23569,2011,E01000963,2011 super output areas - lower layer,298,Age 15,0.0
23570,2011,E01000963,2011 super output areas - lower layer,298,Age 16 to 17,0.0
23571,2011,E01000963,2011 super output areas - lower layer,298,Age 18 to 19,0.0
23572,2011,E01000963,2011 super output areas - lower layer,298,Age 20 to 24,0.0
23573,2011,E01000963,2011 super output areas - lower layer,298,Age 25 to 29,0.0
23574,2011,E01000963,2011 super output areas - lower layer,298,Age 30 to 44,0.0
23575,2011,E01000963,2011 super output areas - lower layer,298,Age 45 to 59,0.0
23576,2011,E01000963,2011 super output areas - lower layer,298,Age 60 to 64,0.0
23577,2011,E01000963,2011 super output areas - lower layer,298,Age 65 to 74,0.0
23578,2011,E01000963,2011 super output areas - lower layer,298,Age 75 to 84,0.0
23579,2011,E01000963,2011 super output areas - lower layer,298,Age 85 to 89,0.0
23580,2011,E01000963,2011 super output areas - lower layer,298,Age 90 and over,0.0
23581,2011,E01000963,2011 super output areas - lower layer,298,Mean Age,
23582,2011,E01000963,2011 super output areas - lower layer,298,Median Age,0.5
23583,2011,E01000963,2011 super output areas - lower layer,298,All usual residents,0.0
23584,2011,E01000963,2011 super output areas - lower layer,298,Age 0 to 4,0.0
23585,2011,E01000963,2011 super output areas - lower layer,298,Age 5 to 7,0.0
23586,2011,E01000963,2011 super output areas - lower layer,298,Age 8 to 9,0.0
23587,2011,E01000963,2011 super output areas - lower layer,298,Age 10 to 14,0.0
23588,2011,E01000963,2011 super output areas - lower layer,298,Age 15,0.0
23589,2011,E01000963,2011 super output areas - lower layer,298,Age 16 to 17,0.0
23590,2011,E01000963,2011 super output areas - lower layer,298,Age 18 to 19,0.0
23591,2011,E01000963,2011 super output areas - lower layer,298,Age 20 to 24,0.0
23592,2011,E01000963,2011 super output areas - lower layer,298,Age 25 to 29,0.0
23593,2011,E01000963,2011 super output areas - lower layer,298,Age 30 to 44,0.0
23594,2011,E01000963,2011 super output areas - lower layer,298,Age 45 to 59,0.0
23595,2011,E01000963,2011 super output areas - lower layer,298,Age 60 to 64,0.0
23596,2011,E01000963,2011 super output areas - lower layer,298,Age 65 to 74,0.0
23597,2011,E01000963,2011 super output areas - lower layer,298,Age 75 to 84,0.0
23598,2011,E01000963,2011 super output areas - lower layer,298,Age 85 to 89,0.0
23599,2011,E01000963,2011 super output areas - lower layer,298,Age 90 and over,0.0
23600,2011,E01000963,2011 super output areas - lower layer,298,Mean Age,
23601,2011,E01000963,2011 super output areas - lower layer,298,Median Age,0.5
23602,2011,E01000963,2011 super output areas - lower layer,298,All usual residents,0.0
23603,2011,E01000963,2011 super output areas - lower layer,298,Age 0 to 4,0.0
23604,2011,E01000963,2011 super output areas - lower layer,298,Age 5 to 7,0.0
23605,2011,E01000963,2011 super output areas - lower layer,298,Age 8 to 9,0.0
23606,2011,E01000963,2011 super output areas - lower layer,298,Age 10 to 14,0.0
23607,2011,E01000963,2011 super output areas - lower layer,298,Age 15,0.0
23608,2011,E01000963,2011 super output areas - lower layer,298,Age 16 to 17,0.0
23609,2011,E01000963,2011 super output areas - lower layer,298,Age 18 to 19,0.0
23610,2011,E01000963,2011 super output areas - lower layer,298,Age 20 to 24,0.0
23611,2011,E01000963,2011 super output areas - lower layer,298,Age 25 to 29,0.0
23612,2011,E01000963,2011 super output areas - lower layer,298,Age 30 to 44,0.0
23613,2011,E01000963,2011 super output areas - lower layer,298,Age 45 to 59,0.0
23614,2011,E01000963,2011 super output areas - lower layer,298,Age 60 to 64,0.0
23615,2011,E01000963,2011 super output areas - lower layer,298,Age 65 to 74,0.0
23616,2011,E01000963,2011 super output areas - lower layer,298,Age 75 to 84,0.0
23617,2011,E01000963,2011 super output areas - lower layer,298,Age 85 to 89,0.0
23618,2011,E01000963,2011 super output areas - lower layer,298,Age 90 and over,0.0
23619,2011,E01000963,2011 super output areas - lower layer,298,Mean Age,
23620,2011,E01000963,2011 super output areas - lower layer,298,Median Age,0.5
23621,2011,E01000963,2011 super output areas - lower layer,298,All usual residents,0.0
23622,2011,E01000963,2011 super output areas - lower layer,298,Age 0 to 4,0.0
23623,2011,E01000963,2011 super output areas - lower layer,298,Age 5 to 7,0.0
23624,2011,E01000963,2011 super output areas - lower layer,298,Age 8 to 9,0.0
23625,2011,E01000963,2011 super output areas - lower layer,298,Age 10 to 14,0.0
23626,2011,E01000963,2011 super output areas - lower layer,298,Age 15,0.0
23627,2011,E01000963,2011 super output areas - lower layer,298,Age 16 to 17,0.0
23628,2011,E01000963,2011 super output areas - lower layer,298,Age 18 to 19,0.0
23629,2011,E01000963,2011 super output areas - lower layer,298,Age 20 to 24,0.0
23630,2011,E01000963,2011 super output areas - lower layer,298,Age 25 to 29,0.0
23631,2011,E01000963,2011 super output areas - lower layer,298,Age 30 to 44,0.0
23632,2011,E01000963,2011 super output areas - lower layer,298,Age 45 to 59,0.0
23633,2011,E01000963,2011 super output areas - lower layer,298,Age 60 to 64,0.0
23634,2011,E01000963,2011 super output areas - lower layer,298,Age 65 to 74,0.0
23635,2011,E01000963,2011 super output areas - lower layer,298,Age 75 to 84,0.0
23636,2011,E01000963,2011 super output areas - lower layer,298,Age 85 to 89,0.0
23637,2011,E01000963,2011 super output areas - lower layer,298,Age 90 and over,0.0
23638,2011,E01000963,2011 super output areas - lower layer,298,Mean Age,
23639,2011,E01000963,2011 super output areas - lower layer,298,Median Age,0.5
23640,2011,E01000963,2011 super output areas - lower layer,298,All usual residents,0.0
23641,2011,E01000963,2011 super output areas - lower layer,298,Age 0 to 4,0.0
23642,2011,E01000963,2011 super output areas - lower layer,298,Age 5 to 7,0.0
23643,2011,E01000963,2011 super output areas - lower layer,298,Age 8 to 9,0.0
23644,2011,E01000963,2011 super output areas - lower layer,298,Age 10 to 14,0.0
23645,2011,E01000963,2011 super output areas - lower layer,298,Age 15,0.0
23646,2011,E01000963,2011 super output areas - lower layer,298,Age 16 to 17,0.0
23647,2011,E01000963,2011 super output areas - lower layer,298,Age 18 to 19,0.0
23648,2011,E01000963,2011 super output areas - lower layer,298,Age 20 to 24,0.0
23649,2011,E01000963,2011 super output areas - lower layer,298,Age 25 to 29,0.0
23650,2011,E01000963,2011 super output areas - lower layer,298,Age 30 to 44,0.0
23651,2011,E01000963,2011 super output areas - lower layer,298,Age 45 to 59,0.0
23652,2011,E01000963,2011 super output areas - lower layer,298,Age 60 to 64,0.0
23653,2011,E01000963,2011 super output areas - lower layer,298,Age 65 to 74,0.0
23654,2011,E01000963,2011 super output areas - lower layer,298,Age 75 to 84,0.0
23655,2011,E01000963,2011 super output areas - lower layer,298,Age 85 to 89,0.0
23656,2011,E01000963,2011 super output areas - lower layer,298,Age 90 and over,0.0
23657,2011,E01000963,2011 super output areas - lower layer,298,Mean Age,
23658,2011,E01000963,2011 super output areas - lower layer,298,Median Age,0.5
23659,2011,E01000963,2011 super output areas - lower layer,298,All usual residents,0.0
23660,2011,E01000963,2011 super output areas - lower layer,298,Age 0 to 4,0.0
23661,2011,E01000963,2011 super output areas - lower layer,298,Age 5 to 7,0.0
23662,2011,E01000963,2011 super output areas - lower layer,298,Age 8 to 9,0.0
23663,2011,E01000963,2011 super output areas - lower layer,298,Age 10 to 14,0.0
23664,2011,E01000963,2011 super output areas - lower layer,298,Age 15,0.0
23665,2011,E01000963,2011 super output areas - lower layer,298,Age 16 to 17,0.0
23666,2011,E01000963,2011 super output areas - lower layer,298,Age 18 to 19,0.0
23667,2011,E01000963,2011 super output areas - lower layer,298,Age 20 to 24,0.0
23668,2011,E01000963,2011 super output areas - lower layer,298,Age 25 to 29,0.0
23669,2011,E01000963,2011 super output areas - lower layer,298,Age 30 to 44,0.0
23670,2011,E01000963,2011 super output areas - lower layer,298,Age 45 to 59,0.0
23671,2011,E01000963,2011 super output areas - lower layer,298,Age 60 to 64,0.0
23672,2011,E01000963,2011 super output areas - lower layer,298,Age 65 to 74,0.0
23673,2011,E01000963,2011 super output areas - lower layer,298,Age 75 to 84,0.0
23674,2011,E01000963,2011 super output areas - lower layer,298,Age 85 to 89,0.0
23675,2011,E01000963,2011 super output areas - lower layer,298,Age 90 and over,0.0
23676,2011,E01000963,2011 super output areas - lower layer,298,Mean Age,
23677,2011,E01000963,2011 super output areas - lower layer,298,Median Age,0.5
23678,2011,E01000963,2011 super output areas - lower layer,298,All usual residents,0.0
23679,2011,E01000963,2011 super output areas - lower layer,298,Age 0 to 4,0.0
23680,2011,E01000963,2011 super output areas - lower layer,298,Age 5 to 7,0.0
23681,2011,E01000963,2011 super output areas - lower layer,298,Age 8 to 9,0.0
23682,2011,E01000963,2011 super output areas - lower layer,298,Age 10 to 14,0.0
23683,2011,E01000963,2011 super output areas - lower layer,298,Age 15,0.0
23684,2011,E01000963,2011 super output areas - lower layer,298,Age 16 to 17,0.0
23685,2011,E01000963,2011 super output areas - lower layer,298,Age 18 to 19,0.0
23686,2011,E01000963,2011 super output areas - lower layer,298,Age 20 to 24,0.0
23687,2011,E01000963,2011 super output areas - lower layer,298,Age 25 to 29,0.0
23688,2011,E01000963,2011 super output areas - lower layer,298,Age 30 to 44,0.0
23689,2011,E01000963,2011 super output areas - lower layer,298,Age 45 to 59,0.0
23690,2011,E01000963,2011 super output areas - lower layer,298,Age 60 to 64,0.0
23691,2011,E01000963,2011 super output areas - lower layer,298,Age 65 to 74,0.0
23692,2011,E01000963,2011 super output areas - lower layer,298,Age 75 to 84,0.0
23693,2011,E01000963,2011 super output areas - lower layer,298,Age 85 to 89,0.0
23694,2011,E01000963,2011 super output areas - lower layer,298,Age 90 and over,0.0
23695,2011,E01000963,2011 super output areas - lower layer,298,Mean Age,
23696,2011,E01000963,2011 super output areas - lower layer,298,Median Age,0.5
23697,2011,E01000963,2011 super output areas - lower layer,298,All usual residents,0.0
23698,2011,E01000963,2011 super output areas - lower layer,298,Age 0 to 4,0.0
23699,2011,E01000963,2011 super output areas - lower layer,298,Age 5 to 7,0.0
23700,2011,E01000963,2011 super output areas - lower layer,298,Age 8 to 9,0.0
23701,2011,E01000963,2011 super output areas - lower layer,298,Age 10 to 14,0.0
23702,2011,E01000963,2011 super output areas - lower layer,298,Age 15,0.0
23703,2011,E01000963,2011 super output areas - lower layer,298,Age 16 to 17,0.0
23704,2011,E01000963,2011 super output areas - lower layer,298,Age 18 to 19,0.0
23705,2011,E01000963,2011 super output areas - lower layer,298,Age 20 to 24,0.0
23706,2011,E01000963,2011 super output areas - lower layer,298,Age 25 to 29,0.0
23707,2011,E01000963,2011 super output areas - lower layer,298,Age 30 to 44,0.0
23708,2011,E01000963,2011 super output areas - lower layer,298,Age 45 to 59,0.0
23709,2011,E01000963,2011 super output areas - lower layer,298,Age 60 to 64,0.0
23710,2011,E01000963,2011 super output areas - lower layer,298,Age 65 to 74,0.0
23711,2011,E01000963,2011 super output areas - lower layer,298,Age 75 to 84,0.0
23712,2011,E01000963,2011 super output areas - lower layer,298,Age 85 to 89,0.0
23713,2011,E01000963,2011 super output areas - lower layer,298,Age 90 and over,0.0
23714,2011,E01000963,2011 super output areas - lower layer,298,Mean Age,
23715,2011,E01000963,2011 super output areas - lower layer,298,Median Age,0.5
23716,2011,E01000967,2011 super output areas - lower layer,298,All usual residents,1409.0
23717,2011,E01000967,2011 super output areas - lower layer,298,Age 0 to 4,91.0
23718,2011,E01000967,2011 super output areas - lower layer,298,Age 5 to 7,45.0
23719,2011,E01000967,2011 super output areas - lower layer,298,Age 8 to 9,33.0
23720,2011,E01000967,2011 super output areas - lower layer,298,Age 10 to 14,70.0
23721,2011,E01000967,2011 super output areas - lower layer,298,Age 15,21.0
23722,2011,E01000967,2011 super output areas - lower layer,298,Age 16 to 17,27.0
23723,2011,E01000967,2011 super output areas - lower layer,298,Age 18 to 19,18.0
23724,2011,E01000967,2011 super output areas - lower layer,298,Age 20 to 24,64.0
23725,2011,E01000967,2011 super output areas - lower layer,298,Age 25 to 29,102.0
23726,2011,E01000967,2011 super output areas - lower layer,298,Age 30 to 44,342.0
23727,2011,E01000967,2011 super output areas - lower layer,298,Age 45 to 59,293.0
23728,2011,E01000967,2011 super output areas - lower layer,298,Age 60 to 64,69.0
23729,2011,E01000967,2011 super output areas - lower layer,298,Age 65 to 74,116.0
23730,2011,E01000967,2011 super output areas - lower layer,298,Age 75 to 84,79.0
23731,2011,E01000967,2011 super output areas - lower layer,298,Age 85 to 89,19.0
23732,2011,E01000967,2011 super output areas - lower layer,298,Age 90 and over,20.0
23733,2011,E01000967,2011 super output areas - lower layer,298,Mean Age,40.1
23734,2011,E01000967,2011 super output areas - lower layer,298,Median Age,40.0
23735,2011,E01000967,2011 super output areas - lower layer,298,All usual residents,0.0
23736,2011,E01000967,2011 super output areas - lower layer,298,Age 0 to 4,0.0
23737,2011,E01000967,2011 super output areas - lower layer,298,Age 5 to 7,0.0
23738,2011,E01000967,2011 super output areas - lower layer,298,Age 8 to 9,0.0
23739,2011,E01000967,2011 super output areas - lower layer,298,Age 10 to 14,0.0
23740,2011,E01000967,2011 super output areas - lower layer,298,Age 15,0.0
23741,2011,E01000967,2011 super output areas - lower layer,298,Age 16 to 17,0.0
23742,2011,E01000967,2011 super output areas - lower layer,298,Age 18 to 19,0.0
23743,2011,E01000967,2011 super output areas - lower layer,298,Age 20 to 24,0.0
23744,2011,E01000967,2011 super output areas - lower layer,298,Age 25 to 29,0.0
23745,2011,E01000967,2011 super output areas - lower layer,298,Age 30 to 44,0.0
23746,2011,E01000967,2011 super output areas - lower layer,298,Age 45 to 59,0.0
23747,2011,E01000967,2011 super output areas - lower layer,298,Age 60 to 64,0.0
23748,2011,E01000967,2011 super output areas - lower layer,298,Age 65 to 74,0.0
23749,2011,E01000967,2011 super output areas - lower layer,298,Age 75 to 84,0.0
23750,2011,E01000967,2011 super output areas - lower layer,298,Age 85 to 89,0.0
23751,2011,E01000967,2011 super output areas - lower layer,298,Age 90 and over,0.0
23752,2011,E01000967,2011 super output areas - lower layer,298,Mean Age,
23753,2011,E01000967,2011 super output areas - lower layer,298,Median Age,0.5
23754,2011,E01000967,2011 super output areas - lower layer,298,All usual residents,0.0
23755,2011,E01000967,2011 super output areas - lower layer,298,Age 0 to 4,0.0
23756,2011,E01000967,2011 super output areas - lower layer,298,Age 5 to 7,0.0
23757,2011,E01000967,2011 super output areas - lower layer,298,Age 8 to 9,0.0
23758,2011,E01000967,2011 super output areas - lower layer,298,Age 10 to 14,0.0
23759,2011,E01000967,2011 super output areas - lower layer,298,Age 15,0.0
23760,2011,E01000967,2011 super output areas - lower layer,298,Age 16 to 17,0.0
23761,2011,E01000967,2011 super output areas - lower layer,298,Age 18 to 19,0.0
23762,2011,E01000967,2011 super output areas - lower layer,298,Age 20 to 24,0.0
23763,2011,E01000967,2011 super output areas - lower layer,298,Age 25 to 29,0.0
23764,2011,E01000967,2011 super output areas - lower layer,298,Age 30 to 44,0.0
23765,2011,E01000967,2011 super output areas - lower layer,298,Age 45 to 59,0.0
23766,2011,E01000967,2011 super output areas - lower layer,298,Age 60 to 64,0.0
23767,2011,E01000967,2011 super output areas - lower layer,298,Age 65 to 74,0.0
23768,2011,E01000967,2011 super output areas - lower layer,298,Age 75 to 84,0.0
23769,2011,E01000967,2011 super output areas - lower layer,298,Age 85 to 89,0.0
23770,2011,E01000967,2011 super output areas - lower layer,298,Age 90 and over,0.0
23771,2011,E01000967,2011 super output areas - lower layer,298,Mean Age,
23772,2011,E01000967,2011 super output areas - lower layer,298,Median Age,0.5
23773,2011,E01000967,2011 super output areas - lower layer,298,All usual residents,0.0
23774,2011,E01000967,2011 super output areas - lower layer,298,Age 0 to 4,0.0
23775,2011,E01000967,2011 super output areas - lower layer,298,Age 5 to 7,0.0
23776,2011,E01000967,2011 super output areas - lower layer,298,Age 8 to 9,0.0
23777,2011,E01000967,2011 super output areas - lower layer,298,Age 10 to 14,0.0
23778,2011,E01000967,2011 super output areas - lower layer,298,Age 15,0.0
23779,2011,E01000967,2011 super output areas - lower layer,298,Age 16 to 17,0.0
23780,2011,E01000967,2011 super output areas - lower layer,298,Age 18 to 19,0.0
23781,2011,E01000967,2011 super output areas - lower layer,298,Age 20 to 24,0.0
23782,2011,E01000967,2011 super output areas - lower layer,298,Age 25 to 29,0.0
23783,2011,E01000967,2011 super output areas - lower layer,298,Age 30 to 44,0.0
23784,2011,E01000967,2011 super output areas - lower layer,298,Age 45 to 59,0.0
23785,2011,E01000967,2011 super output areas - lower layer,298,Age 60 to 64,0.0
23786,2011,E01000967,2011 super output areas - lower layer,298,Age 65 to 74,0.0
23787,2011,E01000967,2011 super output areas - lower layer,298,Age 75 to 84,0.0
23788,2011,E01000967,2011 super output areas - lower layer,298,Age 85 to 89,0.0
23789,2011,E01000967,2011 super output areas - lower layer,298,Age 90 and over,0.0
23790,2011,E01000967,2011 super output areas - lower layer,298,Mean Age,
23791,2011,E01000967,2011 super output areas - lower layer,298,Median Age,0.5
23792,2011,E01000967,2011 super output areas - lower layer,298,All usual residents,0.0
23793,2011,E01000967,2011 super output areas - lower layer,298,Age 0 to 4,0.0
23794,2011,E01000967,2011 super output areas - lower layer,298,Age 5 to 7,0.0
23795,2011,E01000967,2011 super output areas - lower layer,298,Age 8 to 9,0.0
23796,2011,E01000967,2011 super output areas - lower layer,298,Age 10 to 14,0.0
23797,2011,E01000967,2011 super output areas - lower layer,298,Age 15,0.0
23798,2011,E01000967,2011 super output areas - lower layer,298,Age 16 to 17,0.0
23799,2011,E01000967,2011 super output areas - lower layer,298,Age 18 to 19,0.0
23800,2011,E01000967,2011 super output areas - lower layer,298,Age 20 to 24,0.0
23801,2011,E01000967,2011 super output areas - lower layer,298,Age 25 to 29,0.0
23802,2011,E01000967,2011 super output areas - lower layer,298,Age 30 to 44,0.0
23803,2011,E01000967,2011 super output areas - lower layer,298,Age 45 to 59,0.0
23804,2011,E01000967,2011 super output areas - lower layer,298,Age 60 to 64,0.0
23805,2011,E01000967,2011 super output areas - lower layer,298,Age 65 to 74,0.0
23806,2011,E01000967,2011 super output areas - lower layer,298,Age 75 to 84,0.0
23807,2011,E01000967,2011 super output areas - lower layer,298,Age 85 to 89,0.0
23808,2011,E01000967,2011 super output areas - lower layer,298,Age 90 and over,0.0
23809,2011,E01000967,2011 super output areas - lower layer,298,Mean Age,
23810,2011,E01000967,2011 super output areas - lower layer,298,Median Age,0.5
23811,2011,E01000967,2011 super output areas - lower layer,298,All usual residents,0.0
23812,2011,E01000967,2011 super output areas - lower layer,298,Age 0 to 4,0.0
23813,2011,E01000967,2011 super output areas - lower layer,298,Age 5 to 7,0.0
23814,2011,E01000967,2011 super output areas - lower layer,298,Age 8 to 9,0.0
23815,2011,E01000967,2011 super output areas - lower layer,298,Age 10 to 14,0.0
23816,2011,E01000967,2011 super output areas - lower layer,298,Age 15,0.0
23817,2011,E01000967,2011 super output areas - lower layer,298,Age 16 to 17,0.0
23818,2011,E01000967,2011 super output areas - lower layer,298,Age 18 to 19,0.0
23819,2011,E01000967,2011 super output areas - lower layer,298,Age 20 to 24,0.0
23820,2011,E01000967,2011 super output areas - lower layer,298,Age 25 to 29,0.0
23821,2011,E01000967,2011 super output areas - lower layer,298,Age 30 to 44,0.0
23822,2011,E01000967,2011 super output areas - lower layer,298,Age 45 to 59,0.0
23823,2011,E01000967,2011 super output areas - lower layer,298,Age 60 to 64,0.0
23824,2011,E01000967,2011 super output areas - lower layer,298,Age 65 to 74,0.0
23825,2011,E01000967,2011 super output areas - lower layer,298,Age 75 to 84,0.0
23826,2011,E01000967,2011 super output areas - lower layer,298,Age 85 to 89,0.0
23827,2011,E01000967,2011 super output areas - lower layer,298,Age 90 and over,0.0
23828,2011,E01000967,2011 super output areas - lower layer,298,Mean Age,
23829,2011,E01000967,2011 super output areas - lower layer,298,Median Age,0.5
23830,2011,E01000967,2011 super output areas - lower layer,298,All usual residents,0.0
23831,2011,E01000967,2011 super output areas - lower layer,298,Age 0 to 4,0.0
23832,2011,E01000967,2011 super output areas - lower layer,298,Age 5 to 7,0.0
23833,2011,E01000967,2011 super output areas - lower layer,298,Age 8 to 9,0.0
23834,2011,E01000967,2011 super output areas - lower layer,298,Age 10 to 14,0.0
23835,2011,E01000967,2011 super output areas - lower layer,298,Age 15,0.0
23836,2011,E01000967,2011 super output areas - lower layer,298,Age 16 to 17,0.0
23837,2011,E01000967,2011 super output areas - lower layer,298,Age 18 to 19,0.0
23838,2011,E01000967,2011 super output areas - lower layer,298,Age 20 to 24,0.0
23839,2011,E01000967,2011 super output areas - lower layer,298,Age 25 to 29,0.0
23840,2011,E01000967,2011 super output areas - lower layer,298,Age 30 to 44,0.0
23841,2011,E01000967,2011 super output areas - lower layer,298,Age 45 to 59,0.0
23842,2011,E01000967,2011 super output areas - lower layer,298,Age 60 to 64,0.0
23843,2011,E01000967,2011 super output areas - lower layer,298,Age 65 to 74,0.0
23844,2011,E01000967,2011 super output areas - lower layer,298,Age 75 to 84,0.0
23845,2011,E01000967,2011 super output areas - lower layer,298,Age 85 to 89,0.0
23846,2011,E01000967,2011 super output areas - lower layer,298,Age 90 and over,0.0
23847,2011,E01000967,2011 super output areas - lower layer,298,Mean Age,
23848,2011,E01000967,2011 super output areas - lower layer,298,Median Age,0.5
23849,2011,E01000967,2011 super output areas - lower layer,298,All usual residents,0.0
23850,2011,E01000967,2011 super output areas - lower layer,298,Age 0 to 4,0.0
23851,2011,E01000967,2011 super output areas - lower layer,298,Age 5 to 7,0.0
23852,2011,E01000967,2011 super output areas - lower layer,298,Age 8 to 9,0.0
23853,2011,E01000967,2011 super output areas - lower layer,298,Age 10 to 14,0.0
23854,2011,E01000967,2011 super output areas - lower layer,298,Age 15,0.0
23855,2011,E01000967,2011 super output areas - lower layer,298,Age 16 to 17,0.0
23856,2011,E01000967,2011 super output areas - lower layer,298,Age 18 to 19,0.0
23857,2011,E01000967,2011 super output areas - lower layer,298,Age 20 to 24,0.0
23858,2011,E01000967,2011 super output areas - lower layer,298,Age 25 to 29,0.0
23859,2011,E01000967,2011 super output areas - lower layer,298,Age 30 to 44,0.0
23860,2011,E01000967,2011 super output areas - lower layer,298,Age 45 to 59,0.0
23861,2011,E01000967,2011 super output areas - lower layer,298,Age 60 to 64,0.0
23862,2011,E01000967,2011 super output areas - lower layer,298,Age 65 to 74,0.0
23863,2011,E01000967,2011 super output areas - lower layer,298,Age 75 to 84,0.0
23864,2011,E01000967,2011 super output areas - lower layer,298,Age 85 to 89,0.0
23865,2011,E01000967,2011 super output areas - lower layer,298,Age 90 and over,0.0
23866,2011,E01000967,2011 super output areas - lower layer,298,Mean Age,
23867,2011,E01000967,2011 super output areas - lower layer,298,Median Age,0.5
23868,2011,E01000967,2011 super output areas - lower layer,298,All usual residents,0.0
23869,2011,E01000967,2011 super output areas - lower layer,298,Age 0 to 4,0.0
23870,2011,E01000967,2011 super output areas - lower layer,298,Age 5 to 7,0.0
23871,2011,E01000967,2011 super output areas - lower layer,298,Age 8 to 9,0.0
23872,2011,E01000967,2011 super output areas - lower layer,298,Age 10 to 14,0.0
23873,2011,E01000967,2011 super output areas - lower layer,298,Age 15,0.0
23874,2011,E01000967,2011 super output areas - lower layer,298,Age 16 to 17,0.0
23875,2011,E01000967,2011 super output areas - lower layer,298,Age 18 to 19,0.0
23876,2011,E01000967,2011 super output areas - lower layer,298,Age 20 to 24,0.0
23877,2011,E01000967,2011 super output areas - lower layer,298,Age 25 to 29,0.0
23878,2011,E01000967,2011 super output areas - lower layer,298,Age 30 to 44,0.0
23879,2011,E01000967,2011 super output areas - lower layer,298,Age 45 to 59,0.0
23880,2011,E01000967,2011 super output areas - lower layer,298,Age 60 to 64,0.0
23881,2011,E01000967,2011 super output areas - lower layer,298,Age 65 to 74,0.0
23882,2011,E01000967,2011 super output areas - lower layer,298,Age 75 to 84,0.0
23883,2011,E01000967,2011 super output areas - lower layer,298,Age 85 to 89,0.0
23884,2011,E01000967,2011 super output areas - lower layer,298,Age 90 and over,0.0
23885,2011,E01000967,2011 super output areas - lower layer,298,Mean Age,
23886,2011,E01000967,2011 super output areas - lower layer,298,Median Age,0.5
23887,2011,E01000967,2011 super output areas - lower layer,298,All usual residents,0.0
23888,2011,E01000967,2011 super output areas - lower layer,298,Age 0 to 4,0.0
23889,2011,E01000967,2011 super output areas - lower layer,298,Age 5 to 7,0.0
23890,2011,E01000967,2011 super output areas - lower layer,298,Age 8 to 9,0.0
23891,2011,E01000967,2011 super output areas - lower layer,298,Age 10 to 14,0.0
23892,2011,E01000967,2011 super output areas - lower layer,298,Age 15,0.0
23893,2011,E01000967,2011 super output areas - lower layer,298,Age 16 to 17,0.0
23894,2011,E01000967,2011 super output areas - lower layer,298,Age 18 to 19,0.0
23895,2011,E01000967,2011 super output areas - lower layer,298,Age 20 to 24,0.0
23896,2011,E01000967,2011 super output areas - lower layer,298,Age 25 to 29,0.0
23897,2011,E01000967,2011 super output areas - lower layer,298,Age 30 to 44,0.0
23898,2011,E01000967,2011 super output areas - lower layer,298,Age 45 to 59,0.0
23899,2011,E01000967,2011 super output areas - lower layer,298,Age 60 to 64,0.0
23900,2011,E01000967,2011 super output areas - lower layer,298,Age 65 to 74,0.0
23901,2011,E01000967,2011 super output areas - lower layer,298,Age 75 to 84,0.0
23902,2011,E01000967,2011 super output areas - lower layer,298,Age 85 to 89,0.0
23903,2011,E01000967,2011 super output areas - lower layer,298,Age 90 and over,0.0
23904,2011,E01000967,2011 super output areas - lower layer,298,Mean Age,
23905,2011,E01000967,2011 super output areas - lower layer,298,Median Age,0.5
23906,2011,E01000967,2011 super output areas - lower layer,298,All usual residents,0.0
23907,2011,E01000967,2011 super output areas - lower layer,298,Age 0 to 4,0.0
23908,2011,E01000967,2011 super output areas - lower layer,298,Age 5 to 7,0.0
23909,2011,E01000967,2011 super output areas - lower layer,298,Age 8 to 9,0.0
23910,2011,E01000967,2011 super output areas - lower layer,298,Age 10 to 14,0.0
23911,2011,E01000967,2011 super output areas - lower layer,298,Age 15,0.0
23912,2011,E01000967,2011 super output areas - lower layer,298,Age 16 to 17,0.0
23913,2011,E01000967,2011 super output areas - lower layer,298,Age 18 to 19,0.0
23914,2011,E01000967,2011 super output areas - lower layer,298,Age 20 to 24,0.0
23915,2011,E01000967,2011 super output areas - lower layer,298,Age 25 to 29,0.0
23916,2011,E01000967,2011 super output areas - lower layer,298,Age 30 to 44,0.0
23917,2011,E01000967,2011 super output areas - lower layer,298,Age 45 to 59,0.0
23918,2011,E01000967,2011 super output areas - lower layer,298,Age 60 to 64,0.0
23919,2011,E01000967,2011 super output areas - lower layer,298,Age 65 to 74,0.0
23920,2011,E01000967,2011 super output areas - lower layer,298,Age 75 to 84,0.0
23921,2011,E01000967,2011 super output areas - lower layer,298,Age 85 to 89,0.0
23922,2011,E01000967,2011 super output areas - lower layer,298,Age 90 and over,0.0
23923,2011,E01000967,2011 super output areas - lower layer,298,Mean Age,
23924,2011,E01000967,2011 super output areas - lower layer,298,Median Age,0.5
23925,2011,E01000967,2011 super output areas - lower layer,298,All usual residents,0.0
23926,2011,E01000967,2011 super output areas - lower layer,298,Age 0 to 4,0.0
23927,2011,E01000967,2011 super output areas - lower layer,298,Age 5 to 7,0.0
23928,2011,E01000967,2011 super output areas - lower layer,298,Age 8 to 9,0.0
23929,2011,E01000967,2011 super output areas - lower layer,298,Age 10 to 14,0.0
23930,2011,E01000967,2011 super output areas - lower layer,298,Age 15,0.0
23931,2011,E01000967,2011 super output areas - lower layer,298,Age 16 to 17,0.0
23932,2011,E01000967,2011 super output areas - lower layer,298,Age 18 to 19,0.0
23933,2011,E01000967,2011 super output areas - lower layer,298,Age 20 to 24,0.0
23934,2011,E01000967,2011 super output areas - lower layer,298,Age 25 to 29,0.0
23935,2011,E01000967,2011 super output areas - lower layer,298,Age 30 to 44,0.0
23936,2011,E01000967,2011 super output areas - lower layer,298,Age 45 to 59,0.0
23937,2011,E01000967,2011 super output areas - lower layer,298,Age 60 to 64,0.0
23938,2011,E01000967,2011 super output areas - lower layer,298,Age 65 to 74,0.0
23939,2011,E01000967,2011 super output areas - lower layer,298,Age 75 to 84,0.0
23940,2011,E01000967,2011 super output areas - lower layer,298,Age 85 to 89,0.0
23941,2011,E01000967,2011 super output areas - lower layer,298,Age 90 and over,0.0
23942,2011,E01000967,2011 super output areas - lower layer,298,Mean Age,
23943,2011,E01000967,2011 super output areas - lower layer,298,Median Age,0.5
23944,2011,E01000967,2011 super output areas - lower layer,298,All usual residents,0.0
23945,2011,E01000967,2011 super output areas - lower layer,298,Age 0 to 4,0.0
23946,2011,E01000967,2011 super output areas - lower layer,298,Age 5 to 7,0.0
23947,2011,E01000967,2011 super output areas - lower layer,298,Age 8 to 9,0.0
23948,2011,E01000967,2011 super output areas - lower layer,298,Age 10 to 14,0.0
23949,2011,E01000967,2011 super output areas - lower layer,298,Age 15,0.0
23950,2011,E01000967,2011 super output areas - lower layer,298,Age 16 to 17,0.0
23951,2011,E01000967,2011 super output areas - lower layer,298,Age 18 to 19,0.0
23952,2011,E01000967,2011 super output areas - lower layer,298,Age 20 to 24,0.0
23953,2011,E01000967,2011 super output areas - lower layer,298,Age 25 to 29,0.0
23954,2011,E01000967,2011 super output areas - lower layer,298,Age 30 to 44,0.0
23955,2011,E01000967,2011 super output areas - lower layer,298,Age 45 to 59,0.0
23956,2011,E01000967,2011 super output areas - lower layer,298,Age 60 to 64,0.0
23957,2011,E01000967,2011 super output areas - lower layer,298,Age 65 to 74,0.0
23958,2011,E01000967,2011 super output areas - lower layer,298,Age 75 to 84,0.0
23959,2011,E01000967,2011 super output areas - lower layer,298,Age 85 to 89,0.0
23960,2011,E01000967,2011 super output areas - lower layer,298,Age 90 and over,0.0
23961,2011,E01000967,2011 super output areas - lower layer,298,Mean Age,
23962,2011,E01000967,2011 super output areas - lower layer,298,Median Age,0.5
23963,2011,E01000857,2011 super output areas - lower layer,298,All usual residents,1447.0
23964,2011,E01000857,2011 super output areas - lower layer,298,Age 0 to 4,78.0
23965,2011,E01000857,2011 super output areas - lower layer,298,Age 5 to 7,62.0
23966,2011,E01000857,2011 super output areas - lower layer,298,Age 8 to 9,27.0
23967,2011,E01000857,2011 super output areas - lower layer,298,Age 10 to 14,73.0
23968,2011,E01000857,2011 super output areas - lower layer,298,Age 15,6.0
23969,2011,E01000857,2011 super output areas - lower layer,298,Age 16 to 17,22.0
23970,2011,E01000857,2011 super output areas - lower layer,298,Age 18 to 19,18.0
23971,2011,E01000857,2011 super output areas - lower layer,298,Age 20 to 24,51.0
23972,2011,E01000857,2011 super output areas - lower layer,298,Age 25 to 29,133.0
23973,2011,E01000857,2011 super output areas - lower layer,298,Age 30 to 44,407.0
23974,2011,E01000857,2011 super output areas - lower layer,298,Age 45 to 59,295.0
23975,2011,E01000857,2011 super output areas - lower layer,298,Age 60 to 64,66.0
23976,2011,E01000857,2011 super output areas - lower layer,298,Age 65 to 74,130.0
23977,2011,E01000857,2011 super output areas - lower layer,298,Age 75 to 84,54.0
23978,2011,E01000857,2011 super output areas - lower layer,298,Age 85 to 89,16.0
23979,2011,E01000857,2011 super output areas - lower layer,298,Age 90 and over,9.0
23980,2011,E01000857,2011 super output areas - lower layer,298,Mean Age,39.2
23981,2011,E01000857,2011 super output areas - lower layer,298,Median Age,38.0
23982,2011,E01000857,2011 super output areas - lower layer,298,All usual residents,0.0
23983,2011,E01000857,2011 super output areas - lower layer,298,Age 0 to 4,0.0
23984,2011,E01000857,2011 super output areas - lower layer,298,Age 5 to 7,0.0
23985,2011,E01000857,2011 super output areas - lower layer,298,Age 8 to 9,0.0
23986,2011,E01000857,2011 super output areas - lower layer,298,Age 10 to 14,0.0
23987,2011,E01000857,2011 super output areas - lower layer,298,Age 15,0.0
23988,2011,E01000857,2011 super output areas - lower layer,298,Age 16 to 17,0.0
23989,2011,E01000857,2011 super output areas - lower layer,298,Age 18 to 19,0.0
23990,2011,E01000857,2011 super output areas - lower layer,298,Age 20 to 24,0.0
23991,2011,E01000857,2011 super output areas - lower layer,298,Age 25 to 29,0.0
23992,2011,E01000857,2011 super output areas - lower layer,298,Age 30 to 44,0.0
23993,2011,E01000857,2011 super output areas - lower layer,298,Age 45 to 59,0.0
23994,2011,E01000857,2011 super output areas - lower layer,298,Age 60 to 64,0.0
23995,2011,E01000857,2011 super output areas - lower layer,298,Age 65 to 74,0.0
23996,2011,E01000857,2011 super output areas - lower layer,298,Age 75 to 84,0.0
23997,2011,E01000857,2011 super output areas - lower layer,298,Age 85 to 89,0.0
23998,2011,E01000857,2011 super output areas - lower layer,298,Age 90 and over,0.0
23999,2011,E01000857,2011 super output areas - lower layer,298,Mean Age,
24000,2011,E01000857,2011 super output areas - lower layer,298,Median Age,0.5
24001,2011,E01000857,2011 super output areas - lower layer,298,All usual residents,0.0
24002,2011,E01000857,2011 super output areas - lower layer,298,Age 0 to 4,0.0
24003,2011,E01000857,2011 super output areas - lower layer,298,Age 5 to 7,0.0
24004,2011,E01000857,2011 super output areas - lower layer,298,Age 8 to 9,0.0
24005,2011,E01000857,2011 super output areas - lower layer,298,Age 10 to 14,0.0
24006,2011,E01000857,2011 super output areas - lower layer,298,Age 15,0.0
24007,2011,E01000857,2011 super output areas - lower layer,298,Age 16 to 17,0.0
24008,2011,E01000857,2011 super output areas - lower layer,298,Age 18 to 19,0.0
24009,2011,E01000857,2011 super output areas - lower layer,298,Age 20 to 24,0.0
24010,2011,E01000857,2011 super output areas - lower layer,298,Age 25 to 29,0.0
24011,2011,E01000857,2011 super output areas - lower layer,298,Age 30 to 44,0.0
24012,2011,E01000857,2011 super output areas - lower layer,298,Age 45 to 59,0.0
24013,2011,E01000857,2011 super output areas - lower layer,298,Age 60 to 64,0.0
24014,2011,E01000857,2011 super output areas - lower layer,298,Age 65 to 74,0.0
24015,2011,E01000857,2011 super output areas - lower layer,298,Age 75 to 84,0.0
24016,2011,E01000857,2011 super output areas - lower layer,298,Age 85 to 89,0.0
24017,2011,E01000857,2011 super output areas - lower layer,298,Age 90 and over,0.0
24018,2011,E01000857,2011 super output areas - lower layer,298,Mean Age,
24019,2011,E01000857,2011 super output areas - lower layer,298,Median Age,0.5
24020,2011,E01000857,2011 super output areas - lower layer,298,All usual residents,0.0
24021,2011,E01000857,2011 super output areas - lower layer,298,Age 0 to 4,0.0
24022,2011,E01000857,2011 super output areas - lower layer,298,Age 5 to 7,0.0
24023,2011,E01000857,2011 super output areas - lower layer,298,Age 8 to 9,0.0
24024,2011,E01000857,2011 super output areas - lower layer,298,Age 10 to 14,0.0
24025,2011,E01000857,2011 super output areas - lower layer,298,Age 15,0.0
24026,2011,E01000857,2011 super output areas - lower layer,298,Age 16 to 17,0.0
24027,2011,E01000857,2011 super output areas - lower layer,298,Age 18 to 19,0.0
24028,2011,E01000857,2011 super output areas - lower layer,298,Age 20 to 24,0.0
24029,2011,E01000857,2011 super output areas - lower layer,298,Age 25 to 29,0.0
24030,2011,E01000857,2011 super output areas - lower layer,298,Age 30 to 44,0.0
24031,2011,E01000857,2011 super output areas - lower layer,298,Age 45 to 59,0.0
24032,2011,E01000857,2011 super output areas - lower layer,298,Age 60 to 64,0.0
24033,2011,E01000857,2011 super output areas - lower layer,298,Age 65 to 74,0.0
24034,2011,E01000857,2011 super output areas - lower layer,298,Age 75 to 84,0.0
24035,2011,E01000857,2011 super output areas - lower layer,298,Age 85 to 89,0.0
24036,2011,E01000857,2011 super output areas - lower layer,298,Age 90 and over,0.0
24037,2011,E01000857,2011 super output areas - lower layer,298,Mean Age,
24038,2011,E01000857,2011 super output areas - lower layer,298,Median Age,0.5
24039,2011,E01000857,2011 super output areas - lower layer,298,All usual residents,0.0
24040,2011,E01000857,2011 super output areas - lower layer,298,Age 0 to 4,0.0
24041,2011,E01000857,2011 super output areas - lower layer,298,Age 5 to 7,0.0
24042,2011,E01000857,2011 super output areas - lower layer,298,Age 8 to 9,0.0
24043,2011,E01000857,2011 super output areas - lower layer,298,Age 10 to 14,0.0
24044,2011,E01000857,2011 super output areas - lower layer,298,Age 15,0.0
24045,2011,E01000857,2011 super output areas - lower layer,298,Age 16 to 17,0.0
24046,2011,E01000857,2011 super output areas - lower layer,298,Age 18 to 19,0.0
24047,2011,E01000857,2011 super output areas - lower layer,298,Age 20 to 24,0.0
24048,2011,E01000857,2011 super output areas - lower layer,298,Age 25 to 29,0.0
24049,2011,E01000857,2011 super output areas - lower layer,298,Age 30 to 44,0.0
24050,2011,E01000857,2011 super output areas - lower layer,298,Age 45 to 59,0.0
24051,2011,E01000857,2011 super output areas - lower layer,298,Age 60 to 64,0.0
24052,2011,E01000857,2011 super output areas - lower layer,298,Age 65 to 74,0.0
24053,2011,E01000857,2011 super output areas - lower layer,298,Age 75 to 84,0.0
24054,2011,E01000857,2011 super output areas - lower layer,298,Age 85 to 89,0.0
24055,2011,E01000857,2011 super output areas - lower layer,298,Age 90 and over,0.0
24056,2011,E01000857,2011 super output areas - lower layer,298,Mean Age,
24057,2011,E01000857,2011 super output areas - lower layer,298,Median Age,0.5
24058,2011,E01000857,2011 super output areas - lower layer,298,All usual residents,0.0
24059,2011,E01000857,2011 super output areas - lower layer,298,Age 0 to 4,0.0
24060,2011,E01000857,2011 super output areas - lower layer,298,Age 5 to 7,0.0
24061,2011,E01000857,2011 super output areas - lower layer,298,Age 8 to 9,0.0
24062,2011,E01000857,2011 super output areas - lower layer,298,Age 10 to 14,0.0
24063,2011,E01000857,2011 super output areas - lower layer,298,Age 15,0.0
24064,2011,E01000857,2011 super output areas - lower layer,298,Age 16 to 17,0.0
24065,2011,E01000857,2011 super output areas - lower layer,298,Age 18 to 19,0.0
24066,2011,E01000857,2011 super output areas - lower layer,298,Age 20 to 24,0.0
24067,2011,E01000857,2011 super output areas - lower layer,298,Age 25 to 29,0.0
24068,2011,E01000857,2011 super output areas - lower layer,298,Age 30 to 44,0.0
24069,2011,E01000857,2011 super output areas - lower layer,298,Age 45 to 59,0.0
24070,2011,E01000857,2011 super output areas - lower layer,298,Age 60 to 64,0.0
24071,2011,E01000857,2011 super output areas - lower layer,298,Age 65 to 74,0.0
24072,2011,E01000857,2011 super output areas - lower layer,298,Age 75 to 84,0.0
24073,2011,E01000857,2011 super output areas - lower layer,298,Age 85 to 89,0.0
24074,2011,E01000857,2011 super output areas - lower layer,298,Age 90 and over,0.0
24075,2011,E01000857,2011 super output areas - lower layer,298,Mean Age,
24076,2011,E01000857,2011 super output areas - lower layer,298,Median Age,0.5
24077,2011,E01000857,2011 super output areas - lower layer,298,All usual residents,0.0
24078,2011,E01000857,2011 super output areas - lower layer,298,Age 0 to 4,0.0
24079,2011,E01000857,2011 super output areas - lower layer,298,Age 5 to 7,0.0
24080,2011,E01000857,2011 super output areas - lower layer,298,Age 8 to 9,0.0
24081,2011,E01000857,2011 super output areas - lower layer,298,Age 10 to 14,0.0
24082,2011,E01000857,2011 super output areas - lower layer,298,Age 15,0.0
24083,2011,E01000857,2011 super output areas - lower layer,298,Age 16 to 17,0.0
24084,2011,E01000857,2011 super output areas - lower layer,298,Age 18 to 19,0.0
24085,2011,E01000857,2011 super output areas - lower layer,298,Age 20 to 24,0.0
24086,2011,E01000857,2011 super output areas - lower layer,298,Age 25 to 29,0.0
24087,2011,E01000857,2011 super output areas - lower layer,298,Age 30 to 44,0.0
24088,2011,E01000857,2011 super output areas - lower layer,298,Age 45 to 59,0.0
24089,2011,E01000857,2011 super output areas - lower layer,298,Age 60 to 64,0.0
24090,2011,E01000857,2011 super output areas - lower layer,298,Age 65 to 74,0.0
24091,2011,E01000857,2011 super output areas - lower layer,298,Age 75 to 84,0.0
24092,2011,E01000857,2011 super output areas - lower layer,298,Age 85 to 89,0.0
24093,2011,E01000857,2011 super output areas - lower layer,298,Age 90 and over,0.0
24094,2011,E01000857,2011 super output areas - lower layer,298,Mean Age,
24095,2011,E01000857,2011 super output areas - lower layer,298,Median Age,0.5
24096,2011,E01000857,2011 super output areas - lower layer,298,All usual residents,0.0
24097,2011,E01000857,2011 super output areas - lower layer,298,Age 0 to 4,0.0
24098,2011,E01000857,2011 super output areas - lower layer,298,Age 5 to 7,0.0
24099,2011,E01000857,2011 super output areas - lower layer,298,Age 8 to 9,0.0
24100,2011,E01000857,2011 super output areas - lower layer,298,Age 10 to 14,0.0
24101,2011,E01000857,2011 super output areas - lower layer,298,Age 15,0.0
24102,2011,E01000857,2011 super output areas - lower layer,298,Age 16 to 17,0.0
24103,2011,E01000857,2011 super output areas - lower layer,298,Age 18 to 19,0.0
24104,2011,E01000857,2011 super output areas - lower layer,298,Age 20 to 24,0.0
24105,2011,E01000857,2011 super output areas - lower layer,298,Age 25 to 29,0.0
24106,2011,E01000857,2011 super output areas - lower layer,298,Age 30 to 44,0.0
24107,2011,E01000857,2011 super output areas - lower layer,298,Age 45 to 59,0.0
24108,2011,E01000857,2011 super output areas - lower layer,298,Age 60 to 64,0.0
24109,2011,E01000857,2011 super output areas - lower layer,298,Age 65 to 74,0.0
24110,2011,E01000857,2011 super output areas - lower layer,298,Age 75 to 84,0.0
24111,2011,E01000857,2011 super output areas - lower layer,298,Age 85 to 89,0.0
24112,2011,E01000857,2011 super output areas - lower layer,298,Age 90 and over,0.0
24113,2011,E01000857,2011 super output areas - lower layer,298,Mean Age,
24114,2011,E01000857,2011 super output areas - lower layer,298,Median Age,0.5
24115,2011,E01000857,2011 super output areas - lower layer,298,All usual residents,0.0
24116,2011,E01000857,2011 super output areas - lower layer,298,Age 0 to 4,0.0
24117,2011,E01000857,2011 super output areas - lower layer,298,Age 5 to 7,0.0
24118,2011,E01000857,2011 super output areas - lower layer,298,Age 8 to 9,0.0
24119,2011,E01000857,2011 super output areas - lower layer,298,Age 10 to 14,0.0
24120,2011,E01000857,2011 super output areas - lower layer,298,Age 15,0.0
24121,2011,E01000857,2011 super output areas - lower layer,298,Age 16 to 17,0.0
24122,2011,E01000857,2011 super output areas - lower layer,298,Age 18 to 19,0.0
24123,2011,E01000857,2011 super output areas - lower layer,298,Age 20 to 24,0.0
24124,2011,E01000857,2011 super output areas - lower layer,298,Age 25 to 29,0.0
24125,2011,E01000857,2011 super output areas - lower layer,298,Age 30 to 44,0.0
24126,2011,E01000857,2011 super output areas - lower layer,298,Age 45 to 59,0.0
24127,2011,E01000857,2011 super output areas - lower layer,298,Age 60 to 64,0.0
24128,2011,E01000857,2011 super output areas - lower layer,298,Age 65 to 74,0.0
24129,2011,E01000857,2011 super output areas - lower layer,298,Age 75 to 84,0.0
24130,2011,E01000857,2011 super output areas - lower layer,298,Age 85 to 89,0.0
24131,2011,E01000857,2011 super output areas - lower layer,298,Age 90 and over,0.0
24132,2011,E01000857,2011 super output areas - lower layer,298,Mean Age,
24133,2011,E01000857,2011 super output areas - lower layer,298,Median Age,0.5
24134,2011,E01000857,2011 super output areas - lower layer,298,All usual residents,0.0
24135,2011,E01000857,2011 super output areas - lower layer,298,Age 0 to 4,0.0
24136,2011,E01000857,2011 super output areas - lower layer,298,Age 5 to 7,0.0
24137,2011,E01000857,2011 super output areas - lower layer,298,Age 8 to 9,0.0
24138,2011,E01000857,2011 super output areas - lower layer,298,Age 10 to 14,0.0
24139,2011,E01000857,2011 super output areas - lower layer,298,Age 15,0.0
24140,2011,E01000857,2011 super output areas - lower layer,298,Age 16 to 17,0.0
24141,2011,E01000857,2011 super output areas - lower layer,298,Age 18 to 19,0.0
24142,2011,E01000857,2011 super output areas - lower layer,298,Age 20 to 24,0.0
24143,2011,E01000857,2011 super output areas - lower layer,298,Age 25 to 29,0.0
24144,2011,E01000857,2011 super output areas - lower layer,298,Age 30 to 44,0.0
24145,2011,E01000857,2011 super output areas - lower layer,298,Age 45 to 59,0.0
24146,2011,E01000857,2011 super output areas - lower layer,298,Age 60 to 64,0.0
24147,2011,E01000857,2011 super output areas - lower layer,298,Age 65 to 74,0.0
24148,2011,E01000857,2011 super output areas - lower layer,298,Age 75 to 84,0.0
24149,2011,E01000857,2011 super output areas - lower layer,298,Age 85 to 89,0.0
24150,2011,E01000857,2011 super output areas - lower layer,298,Age 90 and over,0.0
24151,2011,E01000857,2011 super output areas - lower layer,298,Mean Age,
24152,2011,E01000857,2011 super output areas - lower layer,298,Median Age,0.5
24153,2011,E01000857,2011 super output areas - lower layer,298,All usual residents,0.0
24154,2011,E01000857,2011 super output areas - lower layer,298,Age 0 to 4,0.0
24155,2011,E01000857,2011 super output areas - lower layer,298,Age 5 to 7,0.0
24156,2011,E01000857,2011 super output areas - lower layer,298,Age 8 to 9,0.0
24157,2011,E01000857,2011 super output areas - lower layer,298,Age 10 to 14,0.0
24158,2011,E01000857,2011 super output areas - lower layer,298,Age 15,0.0
24159,2011,E01000857,2011 super output areas - lower layer,298,Age 16 to 17,0.0
24160,2011,E01000857,2011 super output areas - lower layer,298,Age 18 to 19,0.0
24161,2011,E01000857,2011 super output areas - lower layer,298,Age 20 to 24,0.0
24162,2011,E01000857,2011 super output areas - lower layer,298,Age 25 to 29,0.0
24163,2011,E01000857,2011 super output areas - lower layer,298,Age 30 to 44,0.0
24164,2011,E01000857,2011 super output areas - lower layer,298,Age 45 to 59,0.0
24165,2011,E01000857,2011 super output areas - lower layer,298,Age 60 to 64,0.0
24166,2011,E01000857,2011 super output areas - lower layer,298,Age 65 to 74,0.0
24167,2011,E01000857,2011 super output areas - lower layer,298,Age 75 to 84,0.0
24168,2011,E01000857,2011 super output areas - lower layer,298,Age 85 to 89,0.0
24169,2011,E01000857,2011 super output areas - lower layer,298,Age 90 and over,0.0
24170,2011,E01000857,2011 super output areas - lower layer,298,Mean Age,
24171,2011,E01000857,2011 super output areas - lower layer,298,Median Age,0.5
24172,2011,E01000857,2011 super output areas - lower layer,298,All usual residents,0.0
24173,2011,E01000857,2011 super output areas - lower layer,298,Age 0 to 4,0.0
24174,2011,E01000857,2011 super output areas - lower layer,298,Age 5 to 7,0.0
24175,2011,E01000857,2011 super output areas - lower layer,298,Age 8 to 9,0.0
24176,2011,E01000857,2011 super output areas - lower layer,298,Age 10 to 14,0.0
24177,2011,E01000857,2011 super output areas - lower layer,298,Age 15,0.0
24178,2011,E01000857,2011 super output areas - lower layer,298,Age 16 to 17,0.0
24179,2011,E01000857,2011 super output areas - lower layer,298,Age 18 to 19,0.0
24180,2011,E01000857,2011 super output areas - lower layer,298,Age 20 to 24,0.0
24181,2011,E01000857,2011 super output areas - lower layer,298,Age 25 to 29,0.0
24182,2011,E01000857,2011 super output areas - lower layer,298,Age 30 to 44,0.0
24183,2011,E01000857,2011 super output areas - lower layer,298,Age 45 to 59,0.0
24184,2011,E01000857,2011 super output areas - lower layer,298,Age 60 to 64,0.0
24185,2011,E01000857,2011 super output areas - lower layer,298,Age 65 to 74,0.0
24186,2011,E01000857,2011 super output areas - lower layer,298,Age 75 to 84,0.0
24187,2011,E01000857,2011 super output areas - lower layer,298,Age 85 to 89,0.0
24188,2011,E01000857,2011 super output areas - lower layer,298,Age 90 and over,0.0
24189,2011,E01000857,2011 super output areas - lower layer,298,Mean Age,
24190,2011,E01000857,2011 super output areas - lower layer,298,Median Age,0.5
24191,2011,E01000857,2011 super output areas - lower layer,298,All usual residents,0.0
24192,2011,E01000857,2011 super output areas - lower layer,298,Age 0 to 4,0.0
24193,2011,E01000857,2011 super output areas - lower layer,298,Age 5 to 7,0.0
24194,2011,E01000857,2011 super output areas - lower layer,298,Age 8 to 9,0.0
24195,2011,E01000857,2011 super output areas - lower layer,298,Age 10 to 14,0.0
24196,2011,E01000857,2011 super output areas - lower layer,298,Age 15,0.0
24197,2011,E01000857,2011 super output areas - lower layer,298,Age 16 to 17,0.0
24198,2011,E01000857,2011 super output areas - lower layer,298,Age 18 to 19,0.0
24199,2011,E01000857,2011 super output areas - lower layer,298,Age 20 to 24,0.0
24200,2011,E01000857,2011 super output areas - lower layer,298,Age 25 to 29,0.0
24201,2011,E01000857,2011 super output areas - lower layer,298,Age 30 to 44,0.0
24202,2011,E01000857,2011 super output areas - lower layer,298,Age 45 to 59,0.0
24203,2011,E01000857,2011 super output areas - lower layer,298,Age 60 to 64,0.0
24204,2011,E01000857,2011 super output areas - lower layer,298,Age 65 to 74,0.0
24205,2011,E01000857,2011 super output areas - lower layer,298,Age 75 to 84,0.0
24206,2011,E01000857,2011 super output areas - lower layer,298,Age 85 to 89,0.0
24207,2011,E01000857,2011 super output areas - lower layer,298,Age 90 and over,0.0
24208,2011,E01000857,2011 super output areas - lower layer,298,Mean Age,
24209,2011,E01000857,2011 super output areas - lower layer,298,Median Age,0.5
24210,2011,E01000858,2011 super output areas - lower layer,298,All usual residents,1861.0
24211,2011,E01000858,2011 super output areas - lower layer,298,Age 0 to 4,97.0
24212,2011,E01000858,2011 super output areas - lower layer,298,Age 5 to 7,62.0
24213,2011,E01000858,2011 super output areas - lower layer,298,Age 8 to 9,47.0
24214,2011,E01000858,2011 super output areas - lower layer,298,Age 10 to 14,122.0
24215,2011,E01000858,2011 super output areas - lower layer,298,Age 15,30.0
24216,2011,E01000858,2011 super output areas - lower layer,298,Age 16 to 17,65.0
24217,2011,E01000858,2011 super output areas - lower layer,298,Age 18 to 19,52.0
24218,2011,E01000858,2011 super output areas - lower layer,298,Age 20 to 24,206.0
24219,2011,E01000858,2011 super output areas - lower layer,298,Age 25 to 29,233.0
24220,2011,E01000858,2011 super output areas - lower layer,298,Age 30 to 44,440.0
24221,2011,E01000858,2011 super output areas - lower layer,298,Age 45 to 59,306.0
24222,2011,E01000858,2011 super output areas - lower layer,298,Age 60 to 64,61.0
24223,2011,E01000858,2011 super output areas - lower layer,298,Age 65 to 74,94.0
24224,2011,E01000858,2011 super output areas - lower layer,298,Age 75 to 84,34.0
24225,2011,E01000858,2011 super output areas - lower layer,298,Age 85 to 89,8.0
24226,2011,E01000858,2011 super output areas - lower layer,298,Age 90 and over,4.0
24227,2011,E01000858,2011 super output areas - lower layer,298,Mean Age,33.0
24228,2011,E01000858,2011 super output areas - lower layer,298,Median Age,30.0
24229,2011,E01000858,2011 super output areas - lower layer,298,All usual residents,0.0
24230,2011,E01000858,2011 super output areas - lower layer,298,Age 0 to 4,0.0
24231,2011,E01000858,2011 super output areas - lower layer,298,Age 5 to 7,0.0
24232,2011,E01000858,2011 super output areas - lower layer,298,Age 8 to 9,0.0
24233,2011,E01000858,2011 super output areas - lower layer,298,Age 10 to 14,0.0
24234,2011,E01000858,2011 super output areas - lower layer,298,Age 15,0.0
24235,2011,E01000858,2011 super output areas - lower layer,298,Age 16 to 17,0.0
24236,2011,E01000858,2011 super output areas - lower layer,298,Age 18 to 19,0.0
24237,2011,E01000858,2011 super output areas - lower layer,298,Age 20 to 24,0.0
24238,2011,E01000858,2011 super output areas - lower layer,298,Age 25 to 29,0.0
24239,2011,E01000858,2011 super output areas - lower layer,298,Age 30 to 44,0.0
24240,2011,E01000858,2011 super output areas - lower layer,298,Age 45 to 59,0.0
24241,2011,E01000858,2011 super output areas - lower layer,298,Age 60 to 64,0.0
24242,2011,E01000858,2011 super output areas - lower layer,298,Age 65 to 74,0.0
24243,2011,E01000858,2011 super output areas - lower layer,298,Age 75 to 84,0.0
24244,2011,E01000858,2011 super output areas - lower layer,298,Age 85 to 89,0.0
24245,2011,E01000858,2011 super output areas - lower layer,298,Age 90 and over,0.0
24246,2011,E01000858,2011 super output areas - lower layer,298,Mean Age,
24247,2011,E01000858,2011 super output areas - lower layer,298,Median Age,0.5
24248,2011,E01000858,2011 super output areas - lower layer,298,All usual residents,0.0
24249,2011,E01000858,2011 super output areas - lower layer,298,Age 0 to 4,0.0
24250,2011,E01000858,2011 super output areas - lower layer,298,Age 5 to 7,0.0
24251,2011,E01000858,2011 super output areas - lower layer,298,Age 8 to 9,0.0
24252,2011,E01000858,2011 super output areas - lower layer,298,Age 10 to 14,0.0
24253,2011,E01000858,2011 super output areas - lower layer,298,Age 15,0.0
24254,2011,E01000858,2011 super output areas - lower layer,298,Age 16 to 17,0.0
24255,2011,E01000858,2011 super output areas - lower layer,298,Age 18 to 19,0.0
24256,2011,E01000858,2011 super output areas - lower layer,298,Age 20 to 24,0.0
24257,2011,E01000858,2011 super output areas - lower layer,298,Age 25 to 29,0.0
24258,2011,E01000858,2011 super output areas - lower layer,298,Age 30 to 44,0.0
24259,2011,E01000858,2011 super output areas - lower layer,298,Age 45 to 59,0.0
24260,2011,E01000858,2011 super output areas - lower layer,298,Age 60 to 64,0.0
24261,2011,E01000858,2011 super output areas - lower layer,298,Age 65 to 74,0.0
24262,2011,E01000858,2011 super output areas - lower layer,298,Age 75 to 84,0.0
24263,2011,E01000858,2011 super output areas - lower layer,298,Age 85 to 89,0.0
24264,2011,E01000858,2011 super output areas - lower layer,298,Age 90 and over,0.0
24265,2011,E01000858,2011 super output areas - lower layer,298,Mean Age,
24266,2011,E01000858,2011 super output areas - lower layer,298,Median Age,0.5
24267,2011,E01000858,2011 super output areas - lower layer,298,All usual residents,0.0
24268,2011,E01000858,2011 super output areas - lower layer,298,Age 0 to 4,0.0
24269,2011,E01000858,2011 super output areas - lower layer,298,Age 5 to 7,0.0
24270,2011,E01000858,2011 super output areas - lower layer,298,Age 8 to 9,0.0
24271,2011,E01000858,2011 super output areas - lower layer,298,Age 10 to 14,0.0
24272,2011,E01000858,2011 super output areas - lower layer,298,Age 15,0.0
24273,2011,E01000858,2011 super output areas - lower layer,298,Age 16 to 17,0.0
24274,2011,E01000858,2011 super output areas - lower layer,298,Age 18 to 19,0.0
24275,2011,E01000858,2011 super output areas - lower layer,298,Age 20 to 24,0.0
24276,2011,E01000858,2011 super output areas - lower layer,298,Age 25 to 29,0.0
24277,2011,E01000858,2011 super output areas - lower layer,298,Age 30 to 44,0.0
24278,2011,E01000858,2011 super output areas - lower layer,298,Age 45 to 59,0.0
24279,2011,E01000858,2011 super output areas - lower layer,298,Age 60 to 64,0.0
24280,2011,E01000858,2011 super output areas - lower layer,298,Age 65 to 74,0.0
24281,2011,E01000858,2011 super output areas - lower layer,298,Age 75 to 84,0.0
24282,2011,E01000858,2011 super output areas - lower layer,298,Age 85 to 89,0.0
24283,2011,E01000858,2011 super output areas - lower layer,298,Age 90 and over,0.0
24284,2011,E01000858,2011 super output areas - lower layer,298,Mean Age,
24285,2011,E01000858,2011 super output areas - lower layer,298,Median Age,0.5
24286,2011,E01000858,2011 super output areas - lower layer,298,All usual residents,0.0
24287,2011,E01000858,2011 super output areas - lower layer,298,Age 0 to 4,0.0
24288,2011,E01000858,2011 super output areas - lower layer,298,Age 5 to 7,0.0
24289,2011,E01000858,2011 super output areas - lower layer,298,Age 8 to 9,0.0
24290,2011,E01000858,2011 super output areas - lower layer,298,Age 10 to 14,0.0
24291,2011,E01000858,2011 super output areas - lower layer,298,Age 15,0.0
24292,2011,E01000858,2011 super output areas - lower layer,298,Age 16 to 17,0.0
24293,2011,E01000858,2011 super output areas - lower layer,298,Age 18 to 19,0.0
24294,2011,E01000858,2011 super output areas - lower layer,298,Age 20 to 24,0.0
24295,2011,E01000858,2011 super output areas - lower layer,298,Age 25 to 29,0.0
24296,2011,E01000858,2011 super output areas - lower layer,298,Age 30 to 44,0.0
24297,2011,E01000858,2011 super output areas - lower layer,298,Age 45 to 59,0.0
24298,2011,E01000858,2011 super output areas - lower layer,298,Age 60 to 64,0.0
24299,2011,E01000858,2011 super output areas - lower layer,298,Age 65 to 74,0.0
24300,2011,E01000858,2011 super output areas - lower layer,298,Age 75 to 84,0.0
24301,2011,E01000858,2011 super output areas - lower layer,298,Age 85 to 89,0.0
24302,2011,E01000858,2011 super output areas - lower layer,298,Age 90 and over,0.0
24303,2011,E01000858,2011 super output areas - lower layer,298,Mean Age,
24304,2011,E01000858,2011 super output areas - lower layer,298,Median Age,0.5
24305,2011,E01000858,2011 super output areas - lower layer,298,All usual residents,0.0
24306,2011,E01000858,2011 super output areas - lower layer,298,Age 0 to 4,0.0
24307,2011,E01000858,2011 super output areas - lower layer,298,Age 5 to 7,0.0
24308,2011,E01000858,2011 super output areas - lower layer,298,Age 8 to 9,0.0
24309,2011,E01000858,2011 super output areas - lower layer,298,Age 10 to 14,0.0
24310,2011,E01000858,2011 super output areas - lower layer,298,Age 15,0.0
24311,2011,E01000858,2011 super output areas - lower layer,298,Age 16 to 17,0.0
24312,2011,E01000858,2011 super output areas - lower layer,298,Age 18 to 19,0.0
24313,2011,E01000858,2011 super output areas - lower layer,298,Age 20 to 24,0.0
24314,2011,E01000858,2011 super output areas - lower layer,298,Age 25 to 29,0.0
24315,2011,E01000858,2011 super output areas - lower layer,298,Age 30 to 44,0.0
24316,2011,E01000858,2011 super output areas - lower layer,298,Age 45 to 59,0.0
24317,2011,E01000858,2011 super output areas - lower layer,298,Age 60 to 64,0.0
24318,2011,E01000858,2011 super output areas - lower layer,298,Age 65 to 74,0.0
24319,2011,E01000858,2011 super output areas - lower layer,298,Age 75 to 84,0.0
24320,2011,E01000858,2011 super output areas - lower layer,298,Age 85 to 89,0.0
24321,2011,E01000858,2011 super output areas - lower layer,298,Age 90 and over,0.0
24322,2011,E01000858,2011 super output areas - lower layer,298,Mean Age,
24323,2011,E01000858,2011 super output areas - lower layer,298,Median Age,0.5
24324,2011,E01000858,2011 super output areas - lower layer,298,All usual residents,0.0
24325,2011,E01000858,2011 super output areas - lower layer,298,Age 0 to 4,0.0
24326,2011,E01000858,2011 super output areas - lower layer,298,Age 5 to 7,0.0
24327,2011,E01000858,2011 super output areas - lower layer,298,Age 8 to 9,0.0
24328,2011,E01000858,2011 super output areas - lower layer,298,Age 10 to 14,0.0
24329,2011,E01000858,2011 super output areas - lower layer,298,Age 15,0.0
24330,2011,E01000858,2011 super output areas - lower layer,298,Age 16 to 17,0.0
24331,2011,E01000858,2011 super output areas - lower layer,298,Age 18 to 19,0.0
24332,2011,E01000858,2011 super output areas - lower layer,298,Age 20 to 24,0.0
24333,2011,E01000858,2011 super output areas - lower layer,298,Age 25 to 29,0.0
24334,2011,E01000858,2011 super output areas - lower layer,298,Age 30 to 44,0.0
24335,2011,E01000858,2011 super output areas - lower layer,298,Age 45 to 59,0.0
24336,2011,E01000858,2011 super output areas - lower layer,298,Age 60 to 64,0.0
24337,2011,E01000858,2011 super output areas - lower layer,298,Age 65 to 74,0.0
24338,2011,E01000858,2011 super output areas - lower layer,298,Age 75 to 84,0.0
24339,2011,E01000858,2011 super output areas - lower layer,298,Age 85 to 89,0.0
24340,2011,E01000858,2011 super output areas - lower layer,298,Age 90 and over,0.0
24341,2011,E01000858,2011 super output areas - lower layer,298,Mean Age,
24342,2011,E01000858,2011 super output areas - lower layer,298,Median Age,0.5
24343,2011,E01000858,2011 super output areas - lower layer,298,All usual residents,0.0
24344,2011,E01000858,2011 super output areas - lower layer,298,Age 0 to 4,0.0
24345,2011,E01000858,2011 super output areas - lower layer,298,Age 5 to 7,0.0
24346,2011,E01000858,2011 super output areas - lower layer,298,Age 8 to 9,0.0
24347,2011,E01000858,2011 super output areas - lower layer,298,Age 10 to 14,0.0
24348,2011,E01000858,2011 super output areas - lower layer,298,Age 15,0.0
24349,2011,E01000858,2011 super output areas - lower layer,298,Age 16 to 17,0.0
24350,2011,E01000858,2011 super output areas - lower layer,298,Age 18 to 19,0.0
24351,2011,E01000858,2011 super output areas - lower layer,298,Age 20 to 24,0.0
24352,2011,E01000858,2011 super output areas - lower layer,298,Age 25 to 29,0.0
24353,2011,E01000858,2011 super output areas - lower layer,298,Age 30 to 44,0.0
24354,2011,E01000858,2011 super output areas - lower layer,298,Age 45 to 59,0.0
24355,2011,E01000858,2011 super output areas - lower layer,298,Age 60 to 64,0.0
24356,2011,E01000858,2011 super output areas - lower layer,298,Age 65 to 74,0.0
24357,2011,E01000858,2011 super output areas - lower layer,298,Age 75 to 84,0.0
24358,2011,E01000858,2011 super output areas - lower layer,298,Age 85 to 89,0.0
24359,2011,E01000858,2011 super output areas - lower layer,298,Age 90 and over,0.0
24360,2011,E01000858,2011 super output areas - lower layer,298,Mean Age,
24361,2011,E01000858,2011 super output areas - lower layer,298,Median Age,0.5
24362,2011,E01000858,2011 super output areas - lower layer,298,All usual residents,0.0
24363,2011,E01000858,2011 super output areas - lower layer,298,Age 0 to 4,0.0
24364,2011,E01000858,2011 super output areas - lower layer,298,Age 5 to 7,0.0
24365,2011,E01000858,2011 super output areas - lower layer,298,Age 8 to 9,0.0
24366,2011,E01000858,2011 super output areas - lower layer,298,Age 10 to 14,0.0
24367,2011,E01000858,2011 super output areas - lower layer,298,Age 15,0.0
24368,2011,E01000858,2011 super output areas - lower layer,298,Age 16 to 17,0.0
24369,2011,E01000858,2011 super output areas - lower layer,298,Age 18 to 19,0.0
24370,2011,E01000858,2011 super output areas - lower layer,298,Age 20 to 24,0.0
24371,2011,E01000858,2011 super output areas - lower layer,298,Age 25 to 29,0.0
24372,2011,E01000858,2011 super output areas - lower layer,298,Age 30 to 44,0.0
24373,2011,E01000858,2011 super output areas - lower layer,298,Age 45 to 59,0.0
24374,2011,E01000858,2011 super output areas - lower layer,298,Age 60 to 64,0.0
24375,2011,E01000858,2011 super output areas - lower layer,298,Age 65 to 74,0.0
24376,2011,E01000858,2011 super output areas - lower layer,298,Age 75 to 84,0.0
24377,2011,E01000858,2011 super output areas - lower layer,298,Age 85 to 89,0.0
24378,2011,E01000858,2011 super output areas - lower layer,298,Age 90 and over,0.0
24379,2011,E01000858,2011 super output areas - lower layer,298,Mean Age,
24380,2011,E01000858,2011 super output areas - lower layer,298,Median Age,0.5
24381,2011,E01000858,2011 super output areas - lower layer,298,All usual residents,0.0
24382,2011,E01000858,2011 super output areas - lower layer,298,Age 0 to 4,0.0
24383,2011,E01000858,2011 super output areas - lower layer,298,Age 5 to 7,0.0
24384,2011,E01000858,2011 super output areas - lower layer,298,Age 8 to 9,0.0
24385,2011,E01000858,2011 super output areas - lower layer,298,Age 10 to 14,0.0
24386,2011,E01000858,2011 super output areas - lower layer,298,Age 15,0.0
24387,2011,E01000858,2011 super output areas - lower layer,298,Age 16 to 17,0.0
24388,2011,E01000858,2011 super output areas - lower layer,298,Age 18 to 19,0.0
24389,2011,E01000858,2011 super output areas - lower layer,298,Age 20 to 24,0.0
24390,2011,E01000858,2011 super output areas - lower layer,298,Age 25 to 29,0.0
24391,2011,E01000858,2011 super output areas - lower layer,298,Age 30 to 44,0.0
24392,2011,E01000858,2011 super output areas - lower layer,298,Age 45 to 59,0.0
24393,2011,E01000858,2011 super output areas - lower layer,298,Age 60 to 64,0.0
24394,2011,E01000858,2011 super output areas - lower layer,298,Age 65 to 74,0.0
24395,2011,E01000858,2011 super output areas - lower layer,298,Age 75 to 84,0.0
24396,2011,E01000858,2011 super output areas - lower layer,298,Age 85 to 89,0.0
24397,2011,E01000858,2011 super output areas - lower layer,298,Age 90 and over,0.0
24398,2011,E01000858,2011 super output areas - lower layer,298,Mean Age,
24399,2011,E01000858,2011 super output areas - lower layer,298,Median Age,0.5
24400,2011,E01000858,2011 super output areas - lower layer,298,All usual residents,0.0
24401,2011,E01000858,2011 super output areas - lower layer,298,Age 0 to 4,0.0
24402,2011,E01000858,2011 super output areas - lower layer,298,Age 5 to 7,0.0
24403,2011,E01000858,2011 super output areas - lower layer,298,Age 8 to 9,0.0
24404,2011,E01000858,2011 super output areas - lower layer,298,Age 10 to 14,0.0
24405,2011,E01000858,2011 super output areas - lower layer,298,Age 15,0.0
24406,2011,E01000858,2011 super output areas - lower layer,298,Age 16 to 17,0.0
24407,2011,E01000858,2011 super output areas - lower layer,298,Age 18 to 19,0.0
24408,2011,E01000858,2011 super output areas - lower layer,298,Age 20 to 24,0.0
24409,2011,E01000858,2011 super output areas - lower layer,298,Age 25 to 29,0.0
24410,2011,E01000858,2011 super output areas - lower layer,298,Age 30 to 44,0.0
24411,2011,E01000858,2011 super output areas - lower layer,298,Age 45 to 59,0.0
24412,2011,E01000858,2011 super output areas - lower layer,298,Age 60 to 64,0.0
24413,2011,E01000858,2011 super output areas - lower layer,298,Age 65 to 74,0.0
24414,2011,E01000858,2011 super output areas - lower layer,298,Age 75 to 84,0.0
24415,2011,E01000858,2011 super output areas - lower layer,298,Age 85 to 89,0.0
24416,2011,E01000858,2011 super output areas - lower layer,298,Age 90 and over,0.0
24417,2011,E01000858,2011 super output areas - lower layer,298,Mean Age,
24418,2011,E01000858,2011 super output areas - lower layer,298,Median Age,0.5
24419,2011,E01000858,2011 super output areas - lower layer,298,All usual residents,0.0
24420,2011,E01000858,2011 super output areas - lower layer,298,Age 0 to 4,0.0
24421,2011,E01000858,2011 super output areas - lower layer,298,Age 5 to 7,0.0
24422,2011,E01000858,2011 super output areas - lower layer,298,Age 8 to 9,0.0
24423,2011,E01000858,2011 super output areas - lower layer,298,Age 10 to 14,0.0
24424,2011,E01000858,2011 super output areas - lower layer,298,Age 15,0.0
24425,2011,E01000858,2011 super output areas - lower layer,298,Age 16 to 17,0.0
24426,2011,E01000858,2011 super output areas - lower layer,298,Age 18 to 19,0.0
24427,2011,E01000858,2011 super output areas - lower layer,298,Age 20 to 24,0.0
24428,2011,E01000858,2011 super output areas - lower layer,298,Age 25 to 29,0.0
24429,2011,E01000858,2011 super output areas - lower layer,298,Age 30 to 44,0.0
24430,2011,E01000858,2011 super output areas - lower layer,298,Age 45 to 59,0.0
24431,2011,E01000858,2011 super output areas - lower layer,298,Age 60 to 64,0.0
24432,2011,E01000858,2011 super output areas - lower layer,298,Age 65 to 74,0.0
24433,2011,E01000858,2011 super output areas - lower layer,298,Age 75 to 84,0.0
24434,2011,E01000858,2011 super output areas - lower layer,298,Age 85 to 89,0.0
24435,2011,E01000858,2011 super output areas - lower layer,298,Age 90 and over,0.0
24436,2011,E01000858,2011 super output areas - lower layer,298,Mean Age,
24437,2011,E01000858,2011 super output areas - lower layer,298,Median Age,0.5
24438,2011,E01000858,2011 super output areas - lower layer,298,All usual residents,0.0
24439,2011,E01000858,2011 super output areas - lower layer,298,Age 0 to 4,0.0
24440,2011,E01000858,2011 super output areas - lower layer,298,Age 5 to 7,0.0
24441,2011,E01000858,2011 super output areas - lower layer,298,Age 8 to 9,0.0
24442,2011,E01000858,2011 super output areas - lower layer,298,Age 10 to 14,0.0
24443,2011,E01000858,2011 super output areas - lower layer,298,Age 15,0.0
24444,2011,E01000858,2011 super output areas - lower layer,298,Age 16 to 17,0.0
24445,2011,E01000858,2011 super output areas - lower layer,298,Age 18 to 19,0.0
24446,2011,E01000858,2011 super output areas - lower layer,298,Age 20 to 24,0.0
24447,2011,E01000858,2011 super output areas - lower layer,298,Age 25 to 29,0.0
24448,2011,E01000858,2011 super output areas - lower layer,298,Age 30 to 44,0.0
24449,2011,E01000858,2011 super output areas - lower layer,298,Age 45 to 59,0.0
24450,2011,E01000858,2011 super output areas - lower layer,298,Age 60 to 64,0.0
24451,2011,E01000858,2011 super output areas - lower layer,298,Age 65 to 74,0.0
24452,2011,E01000858,2011 super output areas - lower layer,298,Age 75 to 84,0.0
24453,2011,E01000858,2011 super output areas - lower layer,298,Age 85 to 89,0.0
24454,2011,E01000858,2011 super output areas - lower layer,298,Age 90 and over,0.0
24455,2011,E01000858,2011 super output areas - lower layer,298,Mean Age,
24456,2011,E01000858,2011 super output areas - lower layer,298,Median Age,0.5
24457,2011,E01000859,2011 super output areas - lower layer,298,All usual residents,1586.0
24458,2011,E01000859,2011 super output areas - lower layer,298,Age 0 to 4,95.0
24459,2011,E01000859,2011 super output areas - lower layer,298,Age 5 to 7,48.0
24460,2011,E01000859,2011 super output areas - lower layer,298,Age 8 to 9,26.0
24461,2011,E01000859,2011 super output areas - lower layer,298,Age 10 to 14,57.0
24462,2011,E01000859,2011 super output areas - lower layer,298,Age 15,13.0
24463,2011,E01000859,2011 super output areas - lower layer,298,Age 16 to 17,18.0
24464,2011,E01000859,2011 super output areas - lower layer,298,Age 18 to 19,12.0
24465,2011,E01000859,2011 super output areas - lower layer,298,Age 20 to 24,43.0
24466,2011,E01000859,2011 super output areas - lower layer,298,Age 25 to 29,143.0
24467,2011,E01000859,2011 super output areas - lower layer,298,Age 30 to 44,547.0
24468,2011,E01000859,2011 super output areas - lower layer,298,Age 45 to 59,305.0
24469,2011,E01000859,2011 super output areas - lower layer,298,Age 60 to 64,87.0
24470,2011,E01000859,2011 super output areas - lower layer,298,Age 65 to 74,134.0
24471,2011,E01000859,2011 super output areas - lower layer,298,Age 75 to 84,41.0
24472,2011,E01000859,2011 super output areas - lower layer,298,Age 85 to 89,12.0
24473,2011,E01000859,2011 super output areas - lower layer,298,Age 90 and over,5.0
24474,2011,E01000859,2011 super output areas - lower layer,298,Mean Age,39.2
24475,2011,E01000859,2011 super output areas - lower layer,298,Median Age,38.0
24476,2011,E01000859,2011 super output areas - lower layer,298,All usual residents,0.0
24477,2011,E01000859,2011 super output areas - lower layer,298,Age 0 to 4,0.0
24478,2011,E01000859,2011 super output areas - lower layer,298,Age 5 to 7,0.0
24479,2011,E01000859,2011 super output areas - lower layer,298,Age 8 to 9,0.0
24480,2011,E01000859,2011 super output areas - lower layer,298,Age 10 to 14,0.0
24481,2011,E01000859,2011 super output areas - lower layer,298,Age 15,0.0
24482,2011,E01000859,2011 super output areas - lower layer,298,Age 16 to 17,0.0
24483,2011,E01000859,2011 super output areas - lower layer,298,Age 18 to 19,0.0
24484,2011,E01000859,2011 super output areas - lower layer,298,Age 20 to 24,0.0
24485,2011,E01000859,2011 super output areas - lower layer,298,Age 25 to 29,0.0
24486,2011,E01000859,2011 super output areas - lower layer,298,Age 30 to 44,0.0
24487,2011,E01000859,2011 super output areas - lower layer,298,Age 45 to 59,0.0
24488,2011,E01000859,2011 super output areas - lower layer,298,Age 60 to 64,0.0
24489,2011,E01000859,2011 super output areas - lower layer,298,Age 65 to 74,0.0
24490,2011,E01000859,2011 super output areas - lower layer,298,Age 75 to 84,0.0
24491,2011,E01000859,2011 super output areas - lower layer,298,Age 85 to 89,0.0
24492,2011,E01000859,2011 super output areas - lower layer,298,Age 90 and over,0.0
24493,2011,E01000859,2011 super output areas - lower layer,298,Mean Age,
24494,2011,E01000859,2011 super output areas - lower layer,298,Median Age,0.5
24495,2011,E01000859,2011 super output areas - lower layer,298,All usual residents,0.0
24496,2011,E01000859,2011 super output areas - lower layer,298,Age 0 to 4,0.0
24497,2011,E01000859,2011 super output areas - lower layer,298,Age 5 to 7,0.0
24498,2011,E01000859,2011 super output areas - lower layer,298,Age 8 to 9,0.0
24499,2011,E01000859,2011 super output areas - lower layer,298,Age 10 to 14,0.0
24500,2011,E01000859,2011 super output areas - lower layer,298,Age 15,0.0
24501,2011,E01000859,2011 super output areas - lower layer,298,Age 16 to 17,0.0
24502,2011,E01000859,2011 super output areas - lower layer,298,Age 18 to 19,0.0
24503,2011,E01000859,2011 super output areas - lower layer,298,Age 20 to 24,0.0
24504,2011,E01000859,2011 super output areas - lower layer,298,Age 25 to 29,0.0
24505,2011,E01000859,2011 super output areas - lower layer,298,Age 30 to 44,0.0
24506,2011,E01000859,2011 super output areas - lower layer,298,Age 45 to 59,0.0
24507,2011,E01000859,2011 super output areas - lower layer,298,Age 60 to 64,0.0
24508,2011,E01000859,2011 super output areas - lower layer,298,Age 65 to 74,0.0
24509,2011,E01000859,2011 super output areas - lower layer,298,Age 75 to 84,0.0
24510,2011,E01000859,2011 super output areas - lower layer,298,Age 85 to 89,0.0
24511,2011,E01000859,2011 super output areas - lower layer,298,Age 90 and over,0.0
24512,2011,E01000859,2011 super output areas - lower layer,298,Mean Age,
24513,2011,E01000859,2011 super output areas - lower layer,298,Median Age,0.5
24514,2011,E01000859,2011 super output areas - lower layer,298,All usual residents,0.0
24515,2011,E01000859,2011 super output areas - lower layer,298,Age 0 to 4,0.0
24516,2011,E01000859,2011 super output areas - lower layer,298,Age 5 to 7,0.0
24517,2011,E01000859,2011 super output areas - lower layer,298,Age 8 to 9,0.0
24518,2011,E01000859,2011 super output areas - lower layer,298,Age 10 to 14,0.0
24519,2011,E01000859,2011 super output areas - lower layer,298,Age 15,0.0
24520,2011,E01000859,2011 super output areas - lower layer,298,Age 16 to 17,0.0
24521,2011,E01000859,2011 super output areas - lower layer,298,Age 18 to 19,0.0
24522,2011,E01000859,2011 super output areas - lower layer,298,Age 20 to 24,0.0
24523,2011,E01000859,2011 super output areas - lower layer,298,Age 25 to 29,0.0
24524,2011,E01000859,2011 super output areas - lower layer,298,Age 30 to 44,0.0
24525,2011,E01000859,2011 super output areas - lower layer,298,Age 45 to 59,0.0
24526,2011,E01000859,2011 super output areas - lower layer,298,Age 60 to 64,0.0
24527,2011,E01000859,2011 super output areas - lower layer,298,Age 65 to 74,0.0
24528,2011,E01000859,2011 super output areas - lower layer,298,Age 75 to 84,0.0
24529,2011,E01000859,2011 super output areas - lower layer,298,Age 85 to 89,0.0
24530,2011,E01000859,2011 super output areas - lower layer,298,Age 90 and over,0.0
24531,2011,E01000859,2011 super output areas - lower layer,298,Mean Age,
24532,2011,E01000859,2011 super output areas - lower layer,298,Median Age,0.5
24533,2011,E01000859,2011 super output areas - lower layer,298,All usual residents,0.0
24534,2011,E01000859,2011 super output areas - lower layer,298,Age 0 to 4,0.0
24535,2011,E01000859,2011 super output areas - lower layer,298,Age 5 to 7,0.0
24536,2011,E01000859,2011 super output areas - lower layer,298,Age 8 to 9,0.0
24537,2011,E01000859,2011 super output areas - lower layer,298,Age 10 to 14,0.0
24538,2011,E01000859,2011 super output areas - lower layer,298,Age 15,0.0
24539,2011,E01000859,2011 super output areas - lower layer,298,Age 16 to 17,0.0
24540,2011,E01000859,2011 super output areas - lower layer,298,Age 18 to 19,0.0
24541,2011,E01000859,2011 super output areas - lower layer,298,Age 20 to 24,0.0
24542,2011,E01000859,2011 super output areas - lower layer,298,Age 25 to 29,0.0
24543,2011,E01000859,2011 super output areas - lower layer,298,Age 30 to 44,0.0
24544,2011,E01000859,2011 super output areas - lower layer,298,Age 45 to 59,0.0
24545,2011,E01000859,2011 super output areas - lower layer,298,Age 60 to 64,0.0
24546,2011,E01000859,2011 super output areas - lower layer,298,Age 65 to 74,0.0
24547,2011,E01000859,2011 super output areas - lower layer,298,Age 75 to 84,0.0
24548,2011,E01000859,2011 super output areas - lower layer,298,Age 85 to 89,0.0
24549,2011,E01000859,2011 super output areas - lower layer,298,Age 90 and over,0.0
24550,2011,E01000859,2011 super output areas - lower layer,298,Mean Age,
24551,2011,E01000859,2011 super output areas - lower layer,298,Median Age,0.5
24552,2011,E01000859,2011 super output areas - lower layer,298,All usual residents,0.0
24553,2011,E01000859,2011 super output areas - lower layer,298,Age 0 to 4,0.0
24554,2011,E01000859,2011 super output areas - lower layer,298,Age 5 to 7,0.0
24555,2011,E01000859,2011 super output areas - lower layer,298,Age 8 to 9,0.0
24556,2011,E01000859,2011 super output areas - lower layer,298,Age 10 to 14,0.0
24557,2011,E01000859,2011 super output areas - lower layer,298,Age 15,0.0
24558,2011,E01000859,2011 super output areas - lower layer,298,Age 16 to 17,0.0
24559,2011,E01000859,2011 super output areas - lower layer,298,Age 18 to 19,0.0
24560,2011,E01000859,2011 super output areas - lower layer,298,Age 20 to 24,0.0
24561,2011,E01000859,2011 super output areas - lower layer,298,Age 25 to 29,0.0
24562,2011,E01000859,2011 super output areas - lower layer,298,Age 30 to 44,0.0
24563,2011,E01000859,2011 super output areas - lower layer,298,Age 45 to 59,0.0
24564,2011,E01000859,2011 super output areas - lower layer,298,Age 60 to 64,0.0
24565,2011,E01000859,2011 super output areas - lower layer,298,Age 65 to 74,0.0
24566,2011,E01000859,2011 super output areas - lower layer,298,Age 75 to 84,0.0
24567,2011,E01000859,2011 super output areas - lower layer,298,Age 85 to 89,0.0
24568,2011,E01000859,2011 super output areas - lower layer,298,Age 90 and over,0.0
24569,2011,E01000859,2011 super output areas - lower layer,298,Mean Age,
24570,2011,E01000859,2011 super output areas - lower layer,298,Median Age,0.5
24571,2011,E01000859,2011 super output areas - lower layer,298,All usual residents,0.0
24572,2011,E01000859,2011 super output areas - lower layer,298,Age 0 to 4,0.0
24573,2011,E01000859,2011 super output areas - lower layer,298,Age 5 to 7,0.0
24574,2011,E01000859,2011 super output areas - lower layer,298,Age 8 to 9,0.0
24575,2011,E01000859,2011 super output areas - lower layer,298,Age 10 to 14,0.0
24576,2011,E01000859,2011 super output areas - lower layer,298,Age 15,0.0
24577,2011,E01000859,2011 super output areas - lower layer,298,Age 16 to 17,0.0
24578,2011,E01000859,2011 super output areas - lower layer,298,Age 18 to 19,0.0
24579,2011,E01000859,2011 super output areas - lower layer,298,Age 20 to 24,0.0
24580,2011,E01000859,2011 super output areas - lower layer,298,Age 25 to 29,0.0
24581,2011,E01000859,2011 super output areas - lower layer,298,Age 30 to 44,0.0
24582,2011,E01000859,2011 super output areas - lower layer,298,Age 45 to 59,0.0
24583,2011,E01000859,2011 super output areas - lower layer,298,Age 60 to 64,0.0
24584,2011,E01000859,2011 super output areas - lower layer,298,Age 65 to 74,0.0
24585,2011,E01000859,2011 super output areas - lower layer,298,Age 75 to 84,0.0
24586,2011,E01000859,2011 super output areas - lower layer,298,Age 85 to 89,0.0
24587,2011,E01000859,2011 super output areas - lower layer,298,Age 90 and over,0.0
24588,2011,E01000859,2011 super output areas - lower layer,298,Mean Age,
24589,2011,E01000859,2011 super output areas - lower layer,298,Median Age,0.5
24590,2011,E01000859,2011 super output areas - lower layer,298,All usual residents,0.0
24591,2011,E01000859,2011 super output areas - lower layer,298,Age 0 to 4,0.0
24592,2011,E01000859,2011 super output areas - lower layer,298,Age 5 to 7,0.0
24593,2011,E01000859,2011 super output areas - lower layer,298,Age 8 to 9,0.0
24594,2011,E01000859,2011 super output areas - lower layer,298,Age 10 to 14,0.0
24595,2011,E01000859,2011 super output areas - lower layer,298,Age 15,0.0
24596,2011,E01000859,2011 super output areas - lower layer,298,Age 16 to 17,0.0
24597,2011,E01000859,2011 super output areas - lower layer,298,Age 18 to 19,0.0
24598,2011,E01000859,2011 super output areas - lower layer,298,Age 20 to 24,0.0
24599,2011,E01000859,2011 super output areas - lower layer,298,Age 25 to 29,0.0
24600,2011,E01000859,2011 super output areas - lower layer,298,Age 30 to 44,0.0
24601,2011,E01000859,2011 super output areas - lower layer,298,Age 45 to 59,0.0
24602,2011,E01000859,2011 super output areas - lower layer,298,Age 60 to 64,0.0
24603,2011,E01000859,2011 super output areas - lower layer,298,Age 65 to 74,0.0
24604,2011,E01000859,2011 super output areas - lower layer,298,Age 75 to 84,0.0
24605,2011,E01000859,2011 super output areas - lower layer,298,Age 85 to 89,0.0
24606,2011,E01000859,2011 super output areas - lower layer,298,Age 90 and over,0.0
24607,2011,E01000859,2011 super output areas - lower layer,298,Mean Age,
24608,2011,E01000859,2011 super output areas - lower layer,298,Median Age,0.5
24609,2011,E01000859,2011 super output areas - lower layer,298,All usual residents,0.0
24610,2011,E01000859,2011 super output areas - lower layer,298,Age 0 to 4,0.0
24611,2011,E01000859,2011 super output areas - lower layer,298,Age 5 to 7,0.0
24612,2011,E01000859,2011 super output areas - lower layer,298,Age 8 to 9,0.0
24613,2011,E01000859,2011 super output areas - lower layer,298,Age 10 to 14,0.0
24614,2011,E01000859,2011 super output areas - lower layer,298,Age 15,0.0
24615,2011,E01000859,2011 super output areas - lower layer,298,Age 16 to 17,0.0
24616,2011,E01000859,2011 super output areas - lower layer,298,Age 18 to 19,0.0
24617,2011,E01000859,2011 super output areas - lower layer,298,Age 20 to 24,0.0
24618,2011,E01000859,2011 super output areas - lower layer,298,Age 25 to 29,0.0
24619,2011,E01000859,2011 super output areas - lower layer,298,Age 30 to 44,0.0
24620,2011,E01000859,2011 super output areas - lower layer,298,Age 45 to 59,0.0
24621,2011,E01000859,2011 super output areas - lower layer,298,Age 60 to 64,0.0
24622,2011,E01000859,2011 super output areas - lower layer,298,Age 65 to 74,0.0
24623,2011,E01000859,2011 super output areas - lower layer,298,Age 75 to 84,0.0
24624,2011,E01000859,2011 super output areas - lower layer,298,Age 85 to 89,0.0
24625,2011,E01000859,2011 super output areas - lower layer,298,Age 90 and over,0.0
24626,2011,E01000859,2011 super output areas - lower layer,298,Mean Age,
24627,2011,E01000859,2011 super output areas - lower layer,298,Median Age,0.5
24628,2011,E01000859,2011 super output areas - lower layer,298,All usual residents,0.0
24629,2011,E01000859,2011 super output areas - lower layer,298,Age 0 to 4,0.0
24630,2011,E01000859,2011 super output areas - lower layer,298,Age 5 to 7,0.0
24631,2011,E01000859,2011 super output areas - lower layer,298,Age 8 to 9,0.0
24632,2011,E01000859,2011 super output areas - lower layer,298,Age 10 to 14,0.0
24633,2011,E01000859,2011 super output areas - lower layer,298,Age 15,0.0
24634,2011,E01000859,2011 super output areas - lower layer,298,Age 16 to 17,0.0
24635,2011,E01000859,2011 super output areas - lower layer,298,Age 18 to 19,0.0
24636,2011,E01000859,2011 super output areas - lower layer,298,Age 20 to 24,0.0
24637,2011,E01000859,2011 super output areas - lower layer,298,Age 25 to 29,0.0
24638,2011,E01000859,2011 super output areas - lower layer,298,Age 30 to 44,0.0
24639,2011,E01000859,2011 super output areas - lower layer,298,Age 45 to 59,0.0
24640,2011,E01000859,2011 super output areas - lower layer,298,Age 60 to 64,0.0
24641,2011,E01000859,2011 super output areas - lower layer,298,Age 65 to 74,0.0
24642,2011,E01000859,2011 super output areas - lower layer,298,Age 75 to 84,0.0
24643,2011,E01000859,2011 super output areas - lower layer,298,Age 85 to 89,0.0
24644,2011,E01000859,2011 super output areas - lower layer,298,Age 90 and over,0.0
24645,2011,E01000859,2011 super output areas - lower layer,298,Mean Age,
24646,2011,E01000859,2011 super output areas - lower layer,298,Median Age,0.5
24647,2011,E01000859,2011 super output areas - lower layer,298,All usual residents,0.0
24648,2011,E01000859,2011 super output areas - lower layer,298,Age 0 to 4,0.0
24649,2011,E01000859,2011 super output areas - lower layer,298,Age 5 to 7,0.0
24650,2011,E01000859,2011 super output areas - lower layer,298,Age 8 to 9,0.0
24651,2011,E01000859,2011 super output areas - lower layer,298,Age 10 to 14,0.0
24652,2011,E01000859,2011 super output areas - lower layer,298,Age 15,0.0
24653,2011,E01000859,2011 super output areas - lower layer,298,Age 16 to 17,0.0
24654,2011,E01000859,2011 super output areas - lower layer,298,Age 18 to 19,0.0
24655,2011,E01000859,2011 super output areas - lower layer,298,Age 20 to 24,0.0
24656,2011,E01000859,2011 super output areas - lower layer,298,Age 25 to 29,0.0
24657,2011,E01000859,2011 super output areas - lower layer,298,Age 30 to 44,0.0
24658,2011,E01000859,2011 super output areas - lower layer,298,Age 45 to 59,0.0
24659,2011,E01000859,2011 super output areas - lower layer,298,Age 60 to 64,0.0
24660,2011,E01000859,2011 super output areas - lower layer,298,Age 65 to 74,0.0
24661,2011,E01000859,2011 super output areas - lower layer,298,Age 75 to 84,0.0
24662,2011,E01000859,2011 super output areas - lower layer,298,Age 85 to 89,0.0
24663,2011,E01000859,2011 super output areas - lower layer,298,Age 90 and over,0.0
24664,2011,E01000859,2011 super output areas - lower layer,298,Mean Age,
24665,2011,E01000859,2011 super output areas - lower layer,298,Median Age,0.5
24666,2011,E01000859,2011 super output areas - lower layer,298,All usual residents,0.0
24667,2011,E01000859,2011 super output areas - lower layer,298,Age 0 to 4,0.0
24668,2011,E01000859,2011 super output areas - lower layer,298,Age 5 to 7,0.0
24669,2011,E01000859,2011 super output areas - lower layer,298,Age 8 to 9,0.0
24670,2011,E01000859,2011 super output areas - lower layer,298,Age 10 to 14,0.0
24671,2011,E01000859,2011 super output areas - lower layer,298,Age 15,0.0
24672,2011,E01000859,2011 super output areas - lower layer,298,Age 16 to 17,0.0
24673,2011,E01000859,2011 super output areas - lower layer,298,Age 18 to 19,0.0
24674,2011,E01000859,2011 super output areas - lower layer,298,Age 20 to 24,0.0
24675,2011,E01000859,2011 super output areas - lower layer,298,Age 25 to 29,0.0
24676,2011,E01000859,2011 super output areas - lower layer,298,Age 30 to 44,0.0
24677,2011,E01000859,2011 super output areas - lower layer,298,Age 45 to 59,0.0
24678,2011,E01000859,2011 super output areas - lower layer,298,Age 60 to 64,0.0
24679,2011,E01000859,2011 super output areas - lower layer,298,Age 65 to 74,0.0
24680,2011,E01000859,2011 super output areas - lower layer,298,Age 75 to 84,0.0
24681,2011,E01000859,2011 super output areas - lower layer,298,Age 85 to 89,0.0
24682,2011,E01000859,2011 super output areas - lower layer,298,Age 90 and over,0.0
24683,2011,E01000859,2011 super output areas - lower layer,298,Mean Age,
24684,2011,E01000859,2011 super output areas - lower layer,298,Median Age,0.5
24685,2011,E01000859,2011 super output areas - lower layer,298,All usual residents,0.0
24686,2011,E01000859,2011 super output areas - lower layer,298,Age 0 to 4,0.0
24687,2011,E01000859,2011 super output areas - lower layer,298,Age 5 to 7,0.0
24688,2011,E01000859,2011 super output areas - lower layer,298,Age 8 to 9,0.0
24689,2011,E01000859,2011 super output areas - lower layer,298,Age 10 to 14,0.0
24690,2011,E01000859,2011 super output areas - lower layer,298,Age 15,0.0
24691,2011,E01000859,2011 super output areas - lower layer,298,Age 16 to 17,0.0
24692,2011,E01000859,2011 super output areas - lower layer,298,Age 18 to 19,0.0
24693,2011,E01000859,2011 super output areas - lower layer,298,Age 20 to 24,0.0
24694,2011,E01000859,2011 super output areas - lower layer,298,Age 25 to 29,0.0
24695,2011,E01000859,2011 super output areas - lower layer,298,Age 30 to 44,0.0
24696,2011,E01000859,2011 super output areas - lower layer,298,Age 45 to 59,0.0
24697,2011,E01000859,2011 super output areas - lower layer,298,Age 60 to 64,0.0
24698,2011,E01000859,2011 super output areas - lower layer,298,Age 65 to 74,0.0
24699,2011,E01000859,2011 super output areas - lower layer,298,Age 75 to 84,0.0
24700,2011,E01000859,2011 super output areas - lower layer,298,Age 85 to 89,0.0
24701,2011,E01000859,2011 super output areas - lower layer,298,Age 90 and over,0.0
24702,2011,E01000859,2011 super output areas - lower layer,298,Mean Age,
24703,2011,E01000859,2011 super output areas - lower layer,298,Median Age,0.5
24704,2011,E01000860,2011 super output areas - lower layer,298,All usual residents,1307.0
24705,2011,E01000860,2011 super output areas - lower layer,298,Age 0 to 4,63.0
24706,2011,E01000860,2011 super output areas - lower layer,298,Age 5 to 7,30.0
24707,2011,E01000860,2011 super output areas - lower layer,298,Age 8 to 9,18.0
24708,2011,E01000860,2011 super output areas - lower layer,298,Age 10 to 14,45.0
24709,2011,E01000860,2011 super output areas - lower layer,298,Age 15,7.0
24710,2011,E01000860,2011 super output areas - lower layer,298,Age 16 to 17,15.0
24711,2011,E01000860,2011 super output areas - lower layer,298,Age 18 to 19,12.0
24712,2011,E01000860,2011 super output areas - lower layer,298,Age 20 to 24,44.0
24713,2011,E01000860,2011 super output areas - lower layer,298,Age 25 to 29,80.0
24714,2011,E01000860,2011 super output areas - lower layer,298,Age 30 to 44,319.0
24715,2011,E01000860,2011 super output areas - lower layer,298,Age 45 to 59,252.0
24716,2011,E01000860,2011 super output areas - lower layer,298,Age 60 to 64,120.0
24717,2011,E01000860,2011 super output areas - lower layer,298,Age 65 to 74,197.0
24718,2011,E01000860,2011 super output areas - lower layer,298,Age 75 to 84,78.0
24719,2011,E01000860,2011 super output areas - lower layer,298,Age 85 to 89,16.0
24720,2011,E01000860,2011 super output areas - lower layer,298,Age 90 and over,11.0
24721,2011,E01000860,2011 super output areas - lower layer,298,Mean Age,45.0
24722,2011,E01000860,2011 super output areas - lower layer,298,Median Age,46.0
24723,2011,E01000860,2011 super output areas - lower layer,298,All usual residents,0.0
24724,2011,E01000860,2011 super output areas - lower layer,298,Age 0 to 4,0.0
24725,2011,E01000860,2011 super output areas - lower layer,298,Age 5 to 7,0.0
24726,2011,E01000860,2011 super output areas - lower layer,298,Age 8 to 9,0.0
24727,2011,E01000860,2011 super output areas - lower layer,298,Age 10 to 14,0.0
24728,2011,E01000860,2011 super output areas - lower layer,298,Age 15,0.0
24729,2011,E01000860,2011 super output areas - lower layer,298,Age 16 to 17,0.0
24730,2011,E01000860,2011 super output areas - lower layer,298,Age 18 to 19,0.0
24731,2011,E01000860,2011 super output areas - lower layer,298,Age 20 to 24,0.0
24732,2011,E01000860,2011 super output areas - lower layer,298,Age 25 to 29,0.0
24733,2011,E01000860,2011 super output areas - lower layer,298,Age 30 to 44,0.0
24734,2011,E01000860,2011 super output areas - lower layer,298,Age 45 to 59,0.0
24735,2011,E01000860,2011 super output areas - lower layer,298,Age 60 to 64,0.0
24736,2011,E01000860,2011 super output areas - lower layer,298,Age 65 to 74,0.0
24737,2011,E01000860,2011 super output areas - lower layer,298,Age 75 to 84,0.0
24738,2011,E01000860,2011 super output areas - lower layer,298,Age 85 to 89,0.0
24739,2011,E01000860,2011 super output areas - lower layer,298,Age 90 and over,0.0
24740,2011,E01000860,2011 super output areas - lower layer,298,Mean Age,
24741,2011,E01000860,2011 super output areas - lower layer,298,Median Age,0.5
24742,2011,E01000860,2011 super output areas - lower layer,298,All usual residents,0.0
24743,2011,E01000860,2011 super output areas - lower layer,298,Age 0 to 4,0.0
24744,2011,E01000860,2011 super output areas - lower layer,298,Age 5 to 7,0.0
24745,2011,E01000860,2011 super output areas - lower layer,298,Age 8 to 9,0.0
24746,2011,E01000860,2011 super output areas - lower layer,298,Age 10 to 14,0.0
24747,2011,E01000860,2011 super output areas - lower layer,298,Age 15,0.0
24748,2011,E01000860,2011 super output areas - lower layer,298,Age 16 to 17,0.0
24749,2011,E01000860,2011 super output areas - lower layer,298,Age 18 to 19,0.0
24750,2011,E01000860,2011 super output areas - lower layer,298,Age 20 to 24,0.0
24751,2011,E01000860,2011 super output areas - lower layer,298,Age 25 to 29,0.0
24752,2011,E01000860,2011 super output areas - lower layer,298,Age 30 to 44,0.0
24753,2011,E01000860,2011 super output areas - lower layer,298,Age 45 to 59,0.0
24754,2011,E01000860,2011 super output areas - lower layer,298,Age 60 to 64,0.0
24755,2011,E01000860,2011 super output areas - lower layer,298,Age 65 to 74,0.0
24756,2011,E01000860,2011 super output areas - lower layer,298,Age 75 to 84,0.0
24757,2011,E01000860,2011 super output areas - lower layer,298,Age 85 to 89,0.0
24758,2011,E01000860,2011 super output areas - lower layer,298,Age 90 and over,0.0
24759,2011,E01000860,2011 super output areas - lower layer,298,Mean Age,
24760,2011,E01000860,2011 super output areas - lower layer,298,Median Age,0.5
24761,2011,E01000860,2011 super output areas - lower layer,298,All usual residents,0.0
24762,2011,E01000860,2011 super output areas - lower layer,298,Age 0 to 4,0.0
24763,2011,E01000860,2011 super output areas - lower layer,298,Age 5 to 7,0.0
24764,2011,E01000860,2011 super output areas - lower layer,298,Age 8 to 9,0.0
24765,2011,E01000860,2011 super output areas - lower layer,298,Age 10 to 14,0.0
24766,2011,E01000860,2011 super output areas - lower layer,298,Age 15,0.0
24767,2011,E01000860,2011 super output areas - lower layer,298,Age 16 to 17,0.0
24768,2011,E01000860,2011 super output areas - lower layer,298,Age 18 to 19,0.0
24769,2011,E01000860,2011 super output areas - lower layer,298,Age 20 to 24,0.0
24770,2011,E01000860,2011 super output areas - lower layer,298,Age 25 to 29,0.0
24771,2011,E01000860,2011 super output areas - lower layer,298,Age 30 to 44,0.0
24772,2011,E01000860,2011 super output areas - lower layer,298,Age 45 to 59,0.0
24773,2011,E01000860,2011 super output areas - lower layer,298,Age 60 to 64,0.0
24774,2011,E01000860,2011 super output areas - lower layer,298,Age 65 to 74,0.0
24775,2011,E01000860,2011 super output areas - lower layer,298,Age 75 to 84,0.0
24776,2011,E01000860,2011 super output areas - lower layer,298,Age 85 to 89,0.0
24777,2011,E01000860,2011 super output areas - lower layer,298,Age 90 and over,0.0
24778,2011,E01000860,2011 super output areas - lower layer,298,Mean Age,
24779,2011,E01000860,2011 super output areas - lower layer,298,Median Age,0.5
24780,2011,E01000860,2011 super output areas - lower layer,298,All usual residents,0.0
24781,2011,E01000860,2011 super output areas - lower layer,298,Age 0 to 4,0.0
24782,2011,E01000860,2011 super output areas - lower layer,298,Age 5 to 7,0.0
24783,2011,E01000860,2011 super output areas - lower layer,298,Age 8 to 9,0.0
24784,2011,E01000860,2011 super output areas - lower layer,298,Age 10 to 14,0.0
24785,2011,E01000860,2011 super output areas - lower layer,298,Age 15,0.0
24786,2011,E01000860,2011 super output areas - lower layer,298,Age 16 to 17,0.0
24787,2011,E01000860,2011 super output areas - lower layer,298,Age 18 to 19,0.0
24788,2011,E01000860,2011 super output areas - lower layer,298,Age 20 to 24,0.0
24789,2011,E01000860,2011 super output areas - lower layer,298,Age 25 to 29,0.0
24790,2011,E01000860,2011 super output areas - lower layer,298,Age 30 to 44,0.0
24791,2011,E01000860,2011 super output areas - lower layer,298,Age 45 to 59,0.0
24792,2011,E01000860,2011 super output areas - lower layer,298,Age 60 to 64,0.0
24793,2011,E01000860,2011 super output areas - lower layer,298,Age 65 to 74,0.0
24794,2011,E01000860,2011 super output areas - lower layer,298,Age 75 to 84,0.0
24795,2011,E01000860,2011 super output areas - lower layer,298,Age 85 to 89,0.0
24796,2011,E01000860,2011 super output areas - lower layer,298,Age 90 and over,0.0
24797,2011,E01000860,2011 super output areas - lower layer,298,Mean Age,
24798,2011,E01000860,2011 super output areas - lower layer,298,Median Age,0.5
24799,2011,E01000860,2011 super output areas - lower layer,298,All usual residents,0.0
24800,2011,E01000860,2011 super output areas - lower layer,298,Age 0 to 4,0.0
24801,2011,E01000860,2011 super output areas - lower layer,298,Age 5 to 7,0.0
24802,2011,E01000860,2011 super output areas - lower layer,298,Age 8 to 9,0.0
24803,2011,E01000860,2011 super output areas - lower layer,298,Age 10 to 14,0.0
24804,2011,E01000860,2011 super output areas - lower layer,298,Age 15,0.0
24805,2011,E01000860,2011 super output areas - lower layer,298,Age 16 to 17,0.0
24806,2011,E01000860,2011 super output areas - lower layer,298,Age 18 to 19,0.0
24807,2011,E01000860,2011 super output areas - lower layer,298,Age 20 to 24,0.0
24808,2011,E01000860,2011 super output areas - lower layer,298,Age 25 to 29,0.0
24809,2011,E01000860,2011 super output areas - lower layer,298,Age 30 to 44,0.0
24810,2011,E01000860,2011 super output areas - lower layer,298,Age 45 to 59,0.0
24811,2011,E01000860,2011 super output areas - lower layer,298,Age 60 to 64,0.0
24812,2011,E01000860,2011 super output areas - lower layer,298,Age 65 to 74,0.0
24813,2011,E01000860,2011 super output areas - lower layer,298,Age 75 to 84,0.0
24814,2011,E01000860,2011 super output areas - lower layer,298,Age 85 to 89,0.0
24815,2011,E01000860,2011 super output areas - lower layer,298,Age 90 and over,0.0
24816,2011,E01000860,2011 super output areas - lower layer,298,Mean Age,
24817,2011,E01000860,2011 super output areas - lower layer,298,Median Age,0.5
24818,2011,E01000860,2011 super output areas - lower layer,298,All usual residents,0.0
24819,2011,E01000860,2011 super output areas - lower layer,298,Age 0 to 4,0.0
24820,2011,E01000860,2011 super output areas - lower layer,298,Age 5 to 7,0.0
24821,2011,E01000860,2011 super output areas - lower layer,298,Age 8 to 9,0.0
24822,2011,E01000860,2011 super output areas - lower layer,298,Age 10 to 14,0.0
24823,2011,E01000860,2011 super output areas - lower layer,298,Age 15,0.0
24824,2011,E01000860,2011 super output areas - lower layer,298,Age 16 to 17,0.0
24825,2011,E01000860,2011 super output areas - lower layer,298,Age 18 to 19,0.0
24826,2011,E01000860,2011 super output areas - lower layer,298,Age 20 to 24,0.0
24827,2011,E01000860,2011 super output areas - lower layer,298,Age 25 to 29,0.0
24828,2011,E01000860,2011 super output areas - lower layer,298,Age 30 to 44,0.0
24829,2011,E01000860,2011 super output areas - lower layer,298,Age 45 to 59,0.0
24830,2011,E01000860,2011 super output areas - lower layer,298,Age 60 to 64,0.0
24831,2011,E01000860,2011 super output areas - lower layer,298,Age 65 to 74,0.0
24832,2011,E01000860,2011 super output areas - lower layer,298,Age 75 to 84,0.0
24833,2011,E01000860,2011 super output areas - lower layer,298,Age 85 to 89,0.0
24834,2011,E01000860,2011 super output areas - lower layer,298,Age 90 and over,0.0
24835,2011,E01000860,2011 super output areas - lower layer,298,Mean Age,
24836,2011,E01000860,2011 super output areas - lower layer,298,Median Age,0.5
24837,2011,E01000860,2011 super output areas - lower layer,298,All usual residents,0.0
24838,2011,E01000860,2011 super output areas - lower layer,298,Age 0 to 4,0.0
24839,2011,E01000860,2011 super output areas - lower layer,298,Age 5 to 7,0.0
24840,2011,E01000860,2011 super output areas - lower layer,298,Age 8 to 9,0.0
24841,2011,E01000860,2011 super output areas - lower layer,298,Age 10 to 14,0.0
24842,2011,E01000860,2011 super output areas - lower layer,298,Age 15,0.0
24843,2011,E01000860,2011 super output areas - lower layer,298,Age 16 to 17,0.0
24844,2011,E01000860,2011 super output areas - lower layer,298,Age 18 to 19,0.0
24845,2011,E01000860,2011 super output areas - lower layer,298,Age 20 to 24,0.0
24846,2011,E01000860,2011 super output areas - lower layer,298,Age 25 to 29,0.0
24847,2011,E01000860,2011 super output areas - lower layer,298,Age 30 to 44,0.0
24848,2011,E01000860,2011 super output areas - lower layer,298,Age 45 to 59,0.0
24849,2011,E01000860,2011 super output areas - lower layer,298,Age 60 to 64,0.0
24850,2011,E01000860,2011 super output areas - lower layer,298,Age 65 to 74,0.0
24851,2011,E01000860,2011 super output areas - lower layer,298,Age 75 to 84,0.0
24852,2011,E01000860,2011 super output areas - lower layer,298,Age 85 to 89,0.0
24853,2011,E01000860,2011 super output areas - lower layer,298,Age 90 and over,0.0
24854,2011,E01000860,2011 super output areas - lower layer,298,Mean Age,
24855,2011,E01000860,2011 super output areas - lower layer,298,Median Age,0.5
24856,2011,E01000860,2011 super output areas - lower layer,298,All usual residents,0.0
24857,2011,E01000860,2011 super output areas - lower layer,298,Age 0 to 4,0.0
24858,2011,E01000860,2011 super output areas - lower layer,298,Age 5 to 7,0.0
24859,2011,E01000860,2011 super output areas - lower layer,298,Age 8 to 9,0.0
24860,2011,E01000860,2011 super output areas - lower layer,298,Age 10 to 14,0.0
24861,2011,E01000860,2011 super output areas - lower layer,298,Age 15,0.0
24862,2011,E01000860,2011 super output areas - lower layer,298,Age 16 to 17,0.0
24863,2011,E01000860,2011 super output areas - lower layer,298,Age 18 to 19,0.0
24864,2011,E01000860,2011 super output areas - lower layer,298,Age 20 to 24,0.0
24865,2011,E01000860,2011 super output areas - lower layer,298,Age 25 to 29,0.0
24866,2011,E01000860,2011 super output areas - lower layer,298,Age 30 to 44,0.0
24867,2011,E01000860,2011 super output areas - lower layer,298,Age 45 to 59,0.0
24868,2011,E01000860,2011 super output areas - lower layer,298,Age 60 to 64,0.0
24869,2011,E01000860,2011 super output areas - lower layer,298,Age 65 to 74,0.0
24870,2011,E01000860,2011 super output areas - lower layer,298,Age 75 to 84,0.0
24871,2011,E01000860,2011 super output areas - lower layer,298,Age 85 to 89,0.0
24872,2011,E01000860,2011 super output areas - lower layer,298,Age 90 and over,0.0
24873,2011,E01000860,2011 super output areas - lower layer,298,Mean Age,
24874,2011,E01000860,2011 super output areas - lower layer,298,Median Age,0.5
24875,2011,E01000860,2011 super output areas - lower layer,298,All usual residents,0.0
24876,2011,E01000860,2011 super output areas - lower layer,298,Age 0 to 4,0.0
24877,2011,E01000860,2011 super output areas - lower layer,298,Age 5 to 7,0.0
24878,2011,E01000860,2011 super output areas - lower layer,298,Age 8 to 9,0.0
24879,2011,E01000860,2011 super output areas - lower layer,298,Age 10 to 14,0.0
24880,2011,E01000860,2011 super output areas - lower layer,298,Age 15,0.0
24881,2011,E01000860,2011 super output areas - lower layer,298,Age 16 to 17,0.0
24882,2011,E01000860,2011 super output areas - lower layer,298,Age 18 to 19,0.0
24883,2011,E01000860,2011 super output areas - lower layer,298,Age 20 to 24,0.0
24884,2011,E01000860,2011 super output areas - lower layer,298,Age 25 to 29,0.0
24885,2011,E01000860,2011 super output areas - lower layer,298,Age 30 to 44,0.0
24886,2011,E01000860,2011 super output areas - lower layer,298,Age 45 to 59,0.0
24887,2011,E01000860,2011 super output areas - lower layer,298,Age 60 to 64,0.0
24888,2011,E01000860,2011 super output areas - lower layer,298,Age 65 to 74,0.0
24889,2011,E01000860,2011 super output areas - lower layer,298,Age 75 to 84,0.0
24890,2011,E01000860,2011 super output areas - lower layer,298,Age 85 to 89,0.0
24891,2011,E01000860,2011 super output areas - lower layer,298,Age 90 and over,0.0
24892,2011,E01000860,2011 super output areas - lower layer,298,Mean Age,
24893,2011,E01000860,2011 super output areas - lower layer,298,Median Age,0.5
24894,2011,E01000860,2011 super output areas - lower layer,298,All usual residents,0.0
24895,2011,E01000860,2011 super output areas - lower layer,298,Age 0 to 4,0.0
24896,2011,E01000860,2011 super output areas - lower layer,298,Age 5 to 7,0.0
24897,2011,E01000860,2011 super output areas - lower layer,298,Age 8 to 9,0.0
24898,2011,E01000860,2011 super output areas - lower layer,298,Age 10 to 14,0.0
24899,2011,E01000860,2011 super output areas - lower layer,298,Age 15,0.0
24900,2011,E01000860,2011 super output areas - lower layer,298,Age 16 to 17,0.0
24901,2011,E01000860,2011 super output areas - lower layer,298,Age 18 to 19,0.0
24902,2011,E01000860,2011 super output areas - lower layer,298,Age 20 to 24,0.0
24903,2011,E01000860,2011 super output areas - lower layer,298,Age 25 to 29,0.0
24904,2011,E01000860,2011 super output areas - lower layer,298,Age 30 to 44,0.0
24905,2011,E01000860,2011 super output areas - lower layer,298,Age 45 to 59,0.0
24906,2011,E01000860,2011 super output areas - lower layer,298,Age 60 to 64,0.0
24907,2011,E01000860,2011 super output areas - lower layer,298,Age 65 to 74,0.0
24908,2011,E01000860,2011 super output areas - lower layer,298,Age 75 to 84,0.0
24909,2011,E01000860,2011 super output areas - lower layer,298,Age 85 to 89,0.0
24910,2011,E01000860,2011 super output areas - lower layer,298,Age 90 and over,0.0
24911,2011,E01000860,2011 super output areas - lower layer,298,Mean Age,
24912,2011,E01000860,2011 super output areas - lower layer,298,Median Age,0.5
24913,2011,E01000860,2011 super output areas - lower layer,298,All usual residents,0.0
24914,2011,E01000860,2011 super output areas - lower layer,298,Age 0 to 4,0.0
24915,2011,E01000860,2011 super output areas - lower layer,298,Age 5 to 7,0.0
24916,2011,E01000860,2011 super output areas - lower layer,298,Age 8 to 9,0.0
24917,2011,E01000860,2011 super output areas - lower layer,298,Age 10 to 14,0.0
24918,2011,E01000860,2011 super output areas - lower layer,298,Age 15,0.0
24919,2011,E01000860,2011 super output areas - lower layer,298,Age 16 to 17,0.0
24920,2011,E01000860,2011 super output areas - lower layer,298,Age 18 to 19,0.0
24921,2011,E01000860,2011 super output areas - lower layer,298,Age 20 to 24,0.0
24922,2011,E01000860,2011 super output areas - lower layer,298,Age 25 to 29,0.0
24923,2011,E01000860,2011 super output areas - lower layer,298,Age 30 to 44,0.0
24924,2011,E01000860,2011 super output areas - lower layer,298,Age 45 to 59,0.0
24925,2011,E01000860,2011 super output areas - lower layer,298,Age 60 to 64,0.0
24926,2011,E01000860,2011 super output areas - lower layer,298,Age 65 to 74,0.0
24927,2011,E01000860,2011 super output areas - lower layer,298,Age 75 to 84,0.0
24928,2011,E01000860,2011 super output areas - lower layer,298,Age 85 to 89,0.0
24929,2011,E01000860,2011 super output areas - lower layer,298,Age 90 and over,0.0
24930,2011,E01000860,2011 super output areas - lower layer,298,Mean Age,
24931,2011,E01000860,2011 super output areas - lower layer,298,Median Age,0.5
24932,2011,E01000860,2011 super output areas - lower layer,298,All usual residents,0.0
24933,2011,E01000860,2011 super output areas - lower layer,298,Age 0 to 4,0.0
24934,2011,E01000860,2011 super output areas - lower layer,298,Age 5 to 7,0.0
24935,2011,E01000860,2011 super output areas - lower layer,298,Age 8 to 9,0.0
24936,2011,E01000860,2011 super output areas - lower layer,298,Age 10 to 14,0.0
24937,2011,E01000860,2011 super output areas - lower layer,298,Age 15,0.0
24938,2011,E01000860,2011 super output areas - lower layer,298,Age 16 to 17,0.0
24939,2011,E01000860,2011 super output areas - lower layer,298,Age 18 to 19,0.0
24940,2011,E01000860,2011 super output areas - lower layer,298,Age 20 to 24,0.0
24941,2011,E01000860,2011 super output areas - lower layer,298,Age 25 to 29,0.0
24942,2011,E01000860,2011 super output areas - lower layer,298,Age 30 to 44,0.0
24943,2011,E01000860,2011 super output areas - lower layer,298,Age 45 to 59,0.0
24944,2011,E01000860,2011 super output areas - lower layer,298,Age 60 to 64,0.0
24945,2011,E01000860,2011 super output areas - lower layer,298,Age 65 to 74,0.0
24946,2011,E01000860,2011 super output areas - lower layer,298,Age 75 to 84,0.0
24947,2011,E01000860,2011 super output areas - lower layer,298,Age 85 to 89,0.0
24948,2011,E01000860,2011 super output areas - lower layer,298,Age 90 and over,0.0
24949,2011,E01000860,2011 super output areas - lower layer,298,Mean Age,
24950,2011,E01000860,2011 super output areas - lower layer,298,Median Age,0.5
24951,2011,E01000862,2011 super output areas - lower layer,298,All usual residents,1712.0
24952,2011,E01000862,2011 super output areas - lower layer,298,Age 0 to 4,82.0
24953,2011,E01000862,2011 super output areas - lower layer,298,Age 5 to 7,47.0
24954,2011,E01000862,2011 super output areas - lower layer,298,Age 8 to 9,30.0
24955,2011,E01000862,2011 super output areas - lower layer,298,Age 10 to 14,70.0
24956,2011,E01000862,2011 super output areas - lower layer,298,Age 15,18.0
24957,2011,E01000862,2011 super output areas - lower layer,298,Age 16 to 17,15.0
24958,2011,E01000862,2011 super output areas - lower layer,298,Age 18 to 19,9.0
24959,2011,E01000862,2011 super output areas - lower layer,298,Age 20 to 24,84.0
24960,2011,E01000862,2011 super output areas - lower layer,298,Age 25 to 29,184.0
24961,2011,E01000862,2011 super output areas - lower layer,298,Age 30 to 44,532.0
24962,2011,E01000862,2011 super output areas - lower layer,298,Age 45 to 59,303.0
24963,2011,E01000862,2011 super output areas - lower layer,298,Age 60 to 64,92.0
24964,2011,E01000862,2011 super output areas - lower layer,298,Age 65 to 74,141.0
24965,2011,E01000862,2011 super output areas - lower layer,298,Age 75 to 84,77.0
24966,2011,E01000862,2011 super output areas - lower layer,298,Age 85 to 89,14.0
24967,2011,E01000862,2011 super output areas - lower layer,298,Age 90 and over,14.0
24968,2011,E01000862,2011 super output areas - lower layer,298,Mean Age,39.6
24969,2011,E01000862,2011 super output areas - lower layer,298,Median Age,37.0
24970,2011,E01000862,2011 super output areas - lower layer,298,All usual residents,0.0
24971,2011,E01000862,2011 super output areas - lower layer,298,Age 0 to 4,0.0
24972,2011,E01000862,2011 super output areas - lower layer,298,Age 5 to 7,0.0
24973,2011,E01000862,2011 super output areas - lower layer,298,Age 8 to 9,0.0
24974,2011,E01000862,2011 super output areas - lower layer,298,Age 10 to 14,0.0
24975,2011,E01000862,2011 super output areas - lower layer,298,Age 15,0.0
24976,2011,E01000862,2011 super output areas - lower layer,298,Age 16 to 17,0.0
24977,2011,E01000862,2011 super output areas - lower layer,298,Age 18 to 19,0.0
24978,2011,E01000862,2011 super output areas - lower layer,298,Age 20 to 24,0.0
24979,2011,E01000862,2011 super output areas - lower layer,298,Age 25 to 29,0.0
24980,2011,E01000862,2011 super output areas - lower layer,298,Age 30 to 44,0.0
24981,2011,E01000862,2011 super output areas - lower layer,298,Age 45 to 59,0.0
24982,2011,E01000862,2011 super output areas - lower layer,298,Age 60 to 64,0.0
24983,2011,E01000862,2011 super output areas - lower layer,298,Age 65 to 74,0.0
24984,2011,E01000862,2011 super output areas - lower layer,298,Age 75 to 84,0.0
24985,2011,E01000862,2011 super output areas - lower layer,298,Age 85 to 89,0.0
24986,2011,E01000862,2011 super output areas - lower layer,298,Age 90 and over,0.0
24987,2011,E01000862,2011 super output areas - lower layer,298,Mean Age,
24988,2011,E01000862,2011 super output areas - lower layer,298,Median Age,0.5
24989,2011,E01000862,2011 super output areas - lower layer,298,All usual residents,0.0
24990,2011,E01000862,2011 super output areas - lower layer,298,Age 0 to 4,0.0
24991,2011,E01000862,2011 super output areas - lower layer,298,Age 5 to 7,0.0
24992,2011,E01000862,2011 super output areas - lower layer,298,Age 8 to 9,0.0
24993,2011,E01000862,2011 super output areas - lower layer,298,Age 10 to 14,0.0
24994,2011,E01000862,2011 super output areas - lower layer,298,Age 15,0.0
24995,2011,E01000862,2011 super output areas - lower layer,298,Age 16 to 17,0.0
24996,2011,E01000862,2011 super output areas - lower layer,298,Age 18 to 19,0.0
24997,2011,E01000862,2011 super output areas - lower layer,298,Age 20 to 24,0.0
24998,2011,E01000862,2011 super output areas - lower layer,298,Age 25 to 29,0.0
24999,2011,E01000862,2011 super output areas - lower layer,298,Age 30 to 44,0.0
