,GEOGRAPHY_CODE,Multi-person household,Multi-person household: At least two different religions stated (household may include people with no religion and who did not state their religion),Multi-person household: No people stated their religion,Multi-person household: No religion (household may include people who did not state their religion),Multi-person household: Same religion (at least one person has stated a religion but the household may include people who did not state their religion),Multi-person household: Same religion and no religion (household may include people who did not state their religion),One-person household,Total: All households
0,E02000001,0.4901322482197355,0.016683621566632757,0.021363173957273652,0.18311291963377416,0.16480162767039674,0.10417090539165819,0.5098677517802644,1
1,E02000002,0.7473867595818815,0.025087108013937282,0.020557491289198607,0.12857142857142856,0.48745644599303134,0.08571428571428572,0.25261324041811845,1
2,E02000003,0.7522258967183922,0.03663190027982702,0.01806156194352582,0.0780971762910201,0.5418468583057746,0.07758839989824472,0.24777410328160773,1
3,E02000004,0.7665656128194024,0.021654395842355997,0.01645734084019056,0.140753572975314,0.46253789519272415,0.12516240796881767,0.23343438718059767,1
4,E02000005,0.8054024255788313,0.028114663726571114,0.020948180815876516,0.13616317530319735,0.5305953693495039,0.08958103638368246,0.19459757442116868,1
5,E02000007,0.7085714285714285,0.020680272108843538,0.017687074829931974,0.145578231292517,0.4378231292517007,0.08680272108843537,0.2914285714285714,1
6,E02000008,0.7668685121107266,0.02097750865051903,0.017084775086505192,0.16457612456747406,0.4647491349480969,0.09948096885813149,0.23313148788927335,1
7,E02000009,0.7623971797884841,0.02773207990599295,0.01927144535840188,0.11515863689776733,0.5104582843713279,0.08977673325499412,0.23760282021151585,1
8,E02000010,0.7645112781954887,0.020150375939849623,0.021353383458646617,0.15127819548872182,0.472781954887218,0.09894736842105263,0.23548872180451128,1
9,E02000011,0.7746598639455783,0.022108843537414966,0.02423469387755102,0.1096938775510204,0.5297619047619048,0.08886054421768708,0.22534013605442177,1
10,E02000012,0.7888652266504411,0.028901734104046242,0.019774870702768482,0.05628232430787952,0.618192881046547,0.06571341648919987,0.21113477334955888,1
11,E02000013,0.7572218807621389,0.017516902274124155,0.018746158574062692,0.15642286416717885,0.4665027658266749,0.09803318992009834,0.2427781192378611,1
12,E02000014,0.7762691853600945,0.01948051948051948,0.021251475796930343,0.16381345926800472,0.46841794569067297,0.10330578512396695,0.22373081463990555,1
13,E02000015,0.6907352456313881,0.01813386086383119,0.01912298054731289,0.12232113419057039,0.44642268381140787,0.08473458621826574,0.30926475436861195,1
14,E02000016,0.7271057465232222,0.030700603516137497,0.016531094200997114,0.06927315665179742,0.5541852532143794,0.056415638939910785,0.27289425347677776,1
15,E02000017,0.775207806288399,0.03144199494036863,0.017708709794000722,0.04842790025298157,0.6042645464401879,0.07336465486086013,0.224792193711601,1
16,E02000018,0.7779839208410637,0.021645021645021644,0.021335807050092765,0.1341991341991342,0.5049474335188621,0.095856524427953,0.2220160791589363,1
17,E02000019,0.8162819713038054,0.015907673112913287,0.020586400499064253,0.1584529008109794,0.5168434185901435,0.10449157829070493,0.18371802869619464,1
18,E02000020,0.7757329338754547,0.02653541622084314,0.018617590413010913,0.09265996148084742,0.5566017547613953,0.08131821099935801,0.22426706612454525,1
19,E02000021,0.7737201365187714,0.019453924914675767,0.019795221843003412,0.0924914675767918,0.557679180887372,0.08430034129692833,0.22627986348122867,1
20,E02000022,0.7296137339055794,0.029327610872675252,0.018240343347639486,0.08047210300429185,0.5507868383404864,0.05078683834048641,0.2703862660944206,1
21,E02000023,0.7655663915978995,0.024756189047261814,0.02213053263315829,0.11027756939234809,0.5438859714928732,0.06451612903225806,0.23443360840210054,1
22,E02000024,0.709626982354255,0.03238775966048693,0.02345320527138709,0.17176680813044448,0.32789814607996426,0.1541210632119723,0.2903730176457449,1
23,E02000025,0.6492258408969568,0.022957821676454885,0.023491724506139882,0.16417512012813668,0.29898558462359853,0.1396155899626268,0.35077415910304327,1
24,E02000026,0.7404458598726115,0.028662420382165606,0.029060509554140128,0.12420382165605096,0.43710191082802546,0.1214171974522293,0.25955414012738853,1
25,E02000027,0.7279391800162911,0.025251153950583763,0.027966331794732555,0.13928862340483303,0.40130328536519144,0.1341297855009503,0.27206081998370896,1
26,E02000028,0.7141796585003712,0.03711952487008166,0.02412769116555308,0.11915367483296214,0.4053452115812918,0.12843355605048257,0.2858203414996288,1
27,E02000029,0.7326679255462638,0.031022390072835176,0.02940383059077421,0.15592123010520637,0.386565956298894,0.1297545184785541,0.2673320744537362,1
28,E02000030,0.7826704545454546,0.050852272727272725,0.03238636363636364,0.10852272727272727,0.4809659090909091,0.10994318181818181,0.21732954545454544,1
29,E02000031,0.7190504807692307,0.03365384615384615,0.031850961538461536,0.12469951923076923,0.40685096153846156,0.1219951923076923,0.2809495192307692,1
30,E02000032,0.8217930029154519,0.037536443148688044,0.033527696793002916,0.11042274052478133,0.5149416909620991,0.12536443148688048,0.1782069970845481,1
31,E02000033,0.7203777904979966,0.02919290211791643,0.024327418431597022,0.12306811677160848,0.41900400686891814,0.1247853463079565,0.27962220950200345,1
32,E02000034,0.7288182831661093,0.03288740245261984,0.027870680044593088,0.1282051282051282,0.4261426978818283,0.11371237458193979,0.27118171683389075,1
33,E02000035,0.6845238095238095,0.03854875283446712,0.0405328798185941,0.11848072562358276,0.38463718820861675,0.10232426303854875,0.31547619047619047,1
34,E02000036,0.7636916835699797,0.0377789046653144,0.03727180527383367,0.0704868154158215,0.5420892494929006,0.07606490872210954,0.2363083164300203,1
35,E02000037,0.790578734858681,0.03633916554508748,0.038492597577388966,0.04925975773889637,0.5981157469717362,0.06837146702557201,0.20942126514131898,1
36,E02000038,0.7455680399500624,0.03945068664169788,0.027965043695380776,0.1285892634207241,0.4177278401997503,0.13183520599250936,0.25443196004993757,1
37,E02000039,0.7486910994764397,0.040762902019446524,0.030665669409124907,0.07105459985041136,0.5127150336574421,0.09349289454001496,0.2513089005235602,1
38,E02000040,0.7162007986309185,0.0387906446092413,0.03280091272104963,0.11979463776383342,0.41756988020536223,0.10724472333143183,0.2837992013690816,1
39,E02000041,0.7648120300751879,0.040902255639097745,0.03338345864661654,0.06135338345864662,0.5581954887218045,0.07097744360902256,0.23518796992481203,1
40,E02000042,0.6726039016115352,0.04283290924512299,0.029474130619168787,0.1289228159457167,0.35983884648006786,0.11153519932145886,0.3273960983884648,1
41,E02000043,0.8063789868667918,0.05553470919324578,0.036397748592870545,0.14146341463414633,0.4540337711069418,0.11894934333958725,0.19362101313320826,1
42,E02000044,0.7779589175089664,0.035539615259210955,0.028692533420280403,0.09162047603521356,0.5167916530811868,0.10531463971307467,0.22204108249103358,1
43,E02000045,0.6931682932635087,0.028088550345155915,0.02594620328493216,0.16043799095453465,0.35301118781242563,0.12568436086646037,0.3068317067364913,1
44,E02000046,0.7144841959013546,0.04168113928447378,0.029524140326502257,0.145189301840917,0.36644668287599863,0.13164293157346302,0.28551580409864535,1
45,E02000047,0.772209026128266,0.030641330166270783,0.02992874109263658,0.0833729216152019,0.533729216152019,0.09453681710213777,0.22779097387173397,1
46,E02000048,0.7357630979498861,0.037965072133637055,0.035180966843837,0.08478866109845609,0.48544672234877245,0.0923816755251835,0.2642369020501139,1
47,E02000049,0.7305972112601947,0.02788739805314391,0.026835043409629045,0.09418574059458037,0.4940805051302289,0.08760852407261246,0.26940278873980533,1
48,E02000050,0.7156668319286068,0.03371343579573624,0.02404561229548835,0.14229053049082796,0.3743182944967774,0.1412989588497769,0.28433316807139314,1
49,E02000051,0.6843354430379747,0.042457805907173,0.03481012658227848,0.09546413502109705,0.4274789029535865,0.08412447257383966,0.31566455696202533,1
50,E02000052,0.684800763540921,0.03054163684084944,0.022667621092817943,0.2040085898353615,0.28203292770221905,0.14554998806967312,0.315199236459079,1
51,E02000054,0.68832043083137,0.06327835745540222,0.026590373611578594,0.07977112083473578,0.4261191518007405,0.09256142712891283,0.3116795691686301,1
52,E02000055,0.703728362183755,0.03905903240124279,0.03151353750554816,0.07012871726586774,0.4751442521083,0.08788282290279627,0.296271637816245,1
53,E02000056,0.7547224643998838,0.053763440860215055,0.04126707352513804,0.1060738157512351,0.46120313862249346,0.09241499564080209,0.24527753560011625,1
54,E02000057,0.7464892830746489,0.03067257945306726,0.03917220990391722,0.0672579453067258,0.5428677014042868,0.06651884700665188,0.2535107169253511,1
55,E02000058,0.6751281425433244,0.03905296558457408,0.03880888454967049,0.08762509153038808,0.41347327312667803,0.09616792775201367,0.32487185745667563,1
56,E02000059,0.6992786293958522,0.0369702434625789,0.02028854824165915,0.07732191163210099,0.4738503155996393,0.09084761045987376,0.3007213706041479,1
57,E02000060,0.7010560519902518,0.033577037638776064,0.062009206607094504,0.0479285134037368,0.49878147847278637,0.05875981586785811,0.29894394800974816,1
58,E02000061,0.6353204589980409,0.051217464315701094,0.03946263643996641,0.10047579065211307,0.34760705289672544,0.09655751469353484,0.36467954100195915,1
59,E02000062,0.6894837476099427,0.03173996175908222,0.023326959847036328,0.0864244741873805,0.44321223709369023,0.10478011472275335,0.31051625239005737,1
60,E02000063,0.698093220338983,0.037782485875706213,0.0346045197740113,0.08757062146892655,0.4304378531073446,0.10769774011299435,0.3019067796610169,1
61,E02000064,0.698297718218037,0.03694313654473017,0.025353132922854037,0.1119159724737414,0.4241216950380297,0.09996378123868163,0.30170228178196307,1
62,E02000065,0.7628828828828829,0.02990990990990991,0.018018018018018018,0.10702702702702703,0.5167567567567568,0.09117117117117117,0.2371171171171171,1
63,E02000066,0.6817028474767409,0.02368198477586693,0.021144629264166902,0.1485762616295461,0.4031575979701156,0.08514237383704538,0.3182971525232591,1
64,E02000067,0.7165453175997991,0.019081094652272156,0.019081094652272156,0.17951292995229726,0.38915390409239264,0.1097162942505649,0.28345468240020083,1
65,E02000068,0.6999374217772215,0.02409261576971214,0.014392991239048811,0.17959949937421776,0.376720901126408,0.10513141426783479,0.3000625782227785,1
66,E02000069,0.7222617354196301,0.021692745376955903,0.018847795163584636,0.16678520625889046,0.3886913229018492,0.12624466571834994,0.2777382645803698,1
67,E02000070,0.748565965583174,0.017208413001912046,0.01880178457616316,0.16379859783301465,0.39611217335882726,0.15264499681325686,0.251434034416826,1
68,E02000071,0.7688779110797459,0.0187014820042343,0.02081863091037403,0.2113620324629499,0.3786167960479887,0.13937896965419902,0.23112208892025407,1
69,E02000072,0.7551194539249146,0.023890784982935155,0.015784982935153583,0.191339590443686,0.41958191126279865,0.1045221843003413,0.24488054607508533,1
70,E02000073,0.7955521859994946,0.018953752843062926,0.019459186252211273,0.18246146070255242,0.4263330806166288,0.14834470558503918,0.20444781400050543,1
71,E02000074,0.7027104136947219,0.01768901569186876,0.014550641940085592,0.20427960057061342,0.3383737517831669,0.12781740370898717,0.2972895863052782,1
72,E02000075,0.7691330581136869,0.015560495395363607,0.024134645919339472,0.16957764369641157,0.4087011749761829,0.15115909812638934,0.23086694188631313,1
73,E02000077,0.7891689373297003,0.015667574931880108,0.018732970027247955,0.18767029972752045,0.4087193460490463,0.15837874659400544,0.21083106267029972,1
74,E02000078,0.7837032129844319,0.01391189135475323,0.022524014574362372,0.19675389201722424,0.37860218615435576,0.17191122888373633,0.21629678701556806,1
75,E02000079,0.707473508087005,0.015616285554935862,0.023424428332403793,0.1910206358059119,0.3318460680423871,0.14556609035136642,0.29252649191299496,1
76,E02000080,0.7557011795543905,0.016251638269986893,0.018610747051114023,0.18453473132372214,0.3895150720838794,0.14678899082568808,0.24429882044560944,1
77,E02000081,0.7252211039951204,0.012503812137846905,0.02165294297041781,0.188777066178713,0.3403476669716377,0.16193961573650503,0.27477889600487954,1
78,E02000082,0.7894278245715945,0.016555329654371186,0.02701132733081615,0.1989544002323555,0.3740923613128086,0.1728144060412431,0.21057217542840545,1
79,E02000083,0.7309770373705538,0.012156686177397569,0.017784781629896444,0.214993246285457,0.3435389464205313,0.1425033768572715,0.2690229626294462,1
80,E02000084,0.7773019271948608,0.01736854627646919,0.02236497739709731,0.19628836545324768,0.3747323340471092,0.16654770402093744,0.22269807280513917,1
81,E02000085,0.7575658965180605,0.010738691832085909,0.026033192320208266,0.22063130491376506,0.3397331597787179,0.16042954767328343,0.24243410348193947,1
82,E02000086,0.7748653500897666,0.013644524236983842,0.022262118491921005,0.20143626570915618,0.36050269299820464,0.1770197486535009,0.22513464991023338,1
83,E02000087,0.7385542168674699,0.013855421686746987,0.01897590361445783,0.1789156626506024,0.36265060240963853,0.16415662650602408,0.26144578313253014,1
84,E02000088,0.790268456375839,0.011409395973154362,0.025167785234899327,0.22013422818791947,0.3597315436241611,0.1738255033557047,0.20973154362416108,1
85,E02000089,0.7995867768595041,0.009986225895316805,0.026170798898071626,0.2165977961432507,0.35915977961432505,0.18767217630853994,0.20041322314049587,1
86,E02000090,0.6459227467811158,0.01335240820219361,0.019313304721030045,0.19408679065331425,0.27205531711969483,0.14711492608488316,0.3540772532188841,1
87,E02000091,0.6542350033700292,0.013704785441473827,0.01707481464839362,0.1817569085598742,0.2907211862502808,0.15097730847000673,0.3457649966299708,1
88,E02000092,0.7136011795060818,0.01142646516771102,0.017323995576852193,0.2123110947290822,0.32510136380390714,0.1474382602285293,0.2863988204939182,1
89,E02000093,0.8149732620320855,0.03342245989304813,0.028342245989304814,0.03636363636363636,0.6532085561497326,0.06363636363636363,0.18502673796791444,1
90,E02000094,0.7888664551485434,0.03403518892414191,0.026535910008653015,0.06057109893279492,0.596769541390251,0.07095471589270262,0.21113354485145658,1
91,E02000095,0.8198367859384809,0.04080351537978657,0.02322661644695543,0.02448210922787194,0.6629001883239172,0.06842435655994979,0.18016321406151914,1
92,E02000096,0.8129755706848217,0.052062474969963954,0.020824989987985584,0.03283940728874649,0.6475770925110133,0.059671605927112535,0.1870244293151782,1
93,E02000097,0.7909809084924292,0.03324555628703094,0.02304147465437788,0.032587228439763,0.6280447662936142,0.07406188281764318,0.20901909150757078,1
94,E02000098,0.784,0.04,0.024,0.05982608695652174,0.5885217391304348,0.07165217391304347,0.216,1
95,E02000099,0.808707576276997,0.0407953376756942,0.021940349674322936,0.03942406582104902,0.6390126842646555,0.06753513884127528,0.1912924237230031,1
96,E02000100,0.8005453837164005,0.051421893260615505,0.022984028048305415,0.032333463186599146,0.6182313985196728,0.07557460070120764,0.19945461628359953,1
97,E02000101,0.7430596574128765,0.03691671588895452,0.0245126993502658,0.044300059066745424,0.5540460720614294,0.08328411104548139,0.25694034258712345,1
98,E02000102,0.7421758569299552,0.02533532041728763,0.02570789865871833,0.039120715350223545,0.5961251862891207,0.05588673621460507,0.2578241430700447,1
99,E02000103,0.7447300028876697,0.02801039561074213,0.04475887958417557,0.05573202425642507,0.5290210799884493,0.08720762344787757,0.25526999711233034,1
100,E02000104,0.7456575682382134,0.0500413564929694,0.02357320099255583,0.04466501240694789,0.5566583953680728,0.0707196029776675,0.2543424317617866,1
101,E02000105,0.7796010296010296,0.04858429858429859,0.019626769626769628,0.030566280566280565,0.6042471042471043,0.07657657657657657,0.2203989703989704,1
102,E02000106,0.7161182375906302,0.027607361963190184,0.023982152816508645,0.05103179029559397,0.5368098159509203,0.07668711656441718,0.2838817624093698,1
103,E02000107,0.6566582626633051,0.042172816869126745,0.022461608984643593,0.10955764382305754,0.3726793490717396,0.10978684391473757,0.34334173733669493,1
104,E02000108,0.8080985915492958,0.0448943661971831,0.02068661971830986,0.04137323943661972,0.6223591549295775,0.07878521126760564,0.19190140845070422,1
105,E02000110,0.7000646412411118,0.03749191984486102,0.026502908855850032,0.11053652230122818,0.3956043956043956,0.129928894634777,0.29993535875888816,1
106,E02000111,0.814245371823031,0.04832130530279259,0.019767806714778787,0.026357075619705052,0.6630059617194854,0.05679322246626922,0.18575462817696894,1
107,E02000112,0.8143592677345538,0.038901601830663615,0.019450800915331808,0.046052631578947366,0.6381578947368421,0.07179633867276888,0.18564073226544622,1
108,E02000113,0.7447584320875114,0.022789425706472195,0.027955028866605895,0.04952901853539957,0.5800668489820723,0.0644181099969614,0.2552415679124886,1
109,E02000114,0.6641489074723496,0.0361478284326949,0.019692473698408416,0.11141084434852981,0.38224979768006473,0.11464796331265174,0.3358510925276504,1
110,E02000115,0.6161980913077122,0.03585246324477689,0.02011864843951509,0.1374774310033531,0.3113231880319835,0.11142636058808357,0.38380190869228786,1
111,E02000116,0.7063001852995676,0.030265596046942556,0.021927115503397158,0.06732550957381099,0.5006176652254478,0.08616429894996912,0.2936998147004324,1
112,E02000117,0.6616257088846881,0.027305187985717287,0.022684310018903593,0.06133165301407267,0.47994118882587694,0.07036336904011763,0.3383742911153119,1
113,E02000118,0.8083623693379791,0.04878048780487805,0.018055115616091227,0.029141590117199873,0.647450110864745,0.06493506493506493,0.1916376306620209,1
114,E02000119,0.6824392712550608,0.02353238866396761,0.027327935222672066,0.058451417004048586,0.4959514170040486,0.07717611336032389,0.3175607287449393,1
115,E02000120,0.5995757718595334,0.02309686542540655,0.0223898185246288,0.15932123497525336,0.2799905727079896,0.11477728022625501,0.40042422814046663,1
116,E02000121,0.7974648663543676,0.03664921465968586,0.02232019840176357,0.051253788922568204,0.6279966933039405,0.05924497106640948,0.20253513364563241,1
117,E02000122,0.7003164556962025,0.02911392405063291,0.024683544303797468,0.14303797468354432,0.36170886075949366,0.14177215189873418,0.29968354430379746,1
118,E02000123,0.6616717819100921,0.019678642354215563,0.02401155443220798,0.09424083769633508,0.4313052897634952,0.09243545766383823,0.33832821808990793,1
119,E02000124,0.6906993511175198,0.029560201874549386,0.026195626051429943,0.19682768565248737,0.2929584234559,0.14515741408315308,0.30930064888248016,1
120,E02000125,0.700152207001522,0.03272450532724505,0.024860476915271434,0.15905631659056316,0.33840690005073565,0.14510400811770674,0.2998477929984779,1
121,E02000126,0.6270190895741556,0.01997063142437592,0.021145374449339206,0.1051395007342144,0.3953010279001468,0.08546255506607929,0.37298091042584436,1
122,E02000127,0.6956406869220607,0.020079260237780713,0.01822985468956407,0.1976221928665786,0.3207397622192867,0.13896961690885073,0.30435931307793923,1
123,E02000128,0.7466536075742736,0.012406137773424747,0.02415932092719556,0.23245184459680052,0.32419196865817823,0.15344433561867452,0.25334639242572643,1
124,E02000130,0.6867667121418827,0.019099590723055934,0.02155525238744884,0.24911323328785812,0.2616643929058663,0.13533424283765347,0.3132332878581173,1
125,E02000131,0.6298342541436464,0.015588003157063931,0.016377269139700078,0.24033149171270718,0.23520126282557222,0.122336227308603,0.3701657458563536,1
126,E02000132,0.5874140024281668,0.017199514366653176,0.018413597733711047,0.19364629704573047,0.2339133953864832,0.12424119789558884,0.4125859975718333,1
127,E02000133,0.7497689463955638,0.018484288354898338,0.02657116451016636,0.1883086876155268,0.36437153419593343,0.15203327171903883,0.2502310536044362,1
128,E02000134,0.652895680060366,0.01697792869269949,0.023769100169779286,0.21958121109224674,0.26032823995472554,0.13223920015091492,0.34710431993963403,1
129,E02000135,0.6217068227876604,0.017338437288898896,0.0184643098401261,0.18149065525782482,0.2913758162575996,0.11303760414321098,0.37829317721233957,1
130,E02000136,0.7099303135888502,0.012195121951219513,0.021341463414634148,0.18771777003484322,0.3584494773519164,0.13022648083623695,0.29006968641114983,1
131,E02000137,0.668481219379423,0.017419706042460535,0.020685900925421885,0.20032661948829614,0.2934131736526946,0.1366358192705498,0.33151878062057705,1
132,E02000138,0.6136748006764919,0.015221067890794878,0.01836192316984779,0.18023677216719014,0.27615366030442134,0.12370137714423773,0.3863251993235081,1
133,E02000139,0.6856106408706167,0.012696493349455865,0.016626360338573155,0.2587666263603386,0.23639661426844014,0.16112454655380895,0.3143893591293833,1
134,E02000140,0.7041030248577418,0.011680143755615454,0.015873015873015872,0.24228811021263852,0.3192572626534891,0.11500449236298294,0.29589697514225816,1
135,E02000141,0.6888745148771022,0.01390685640362225,0.02296248382923674,0.22994825355756793,0.2784605433376455,0.14359637774902975,0.3111254851228978,1
136,E02000142,0.7401506373117034,0.017091541135573582,0.024913093858632676,0.21263035921205098,0.3183661645422943,0.1671494785631518,0.2598493626882966,1
137,E02000144,0.6989795918367347,0.01948051948051948,0.021567717996289426,0.20941558441558442,0.3068181818181818,0.14169758812615957,0.3010204081632653,1
138,E02000145,0.7037564029595902,0.01707455890722823,0.0221969265793967,0.2159931701764371,0.33665338645418325,0.1118383608423449,0.2962435970404098,1
139,E02000146,0.6922505570685813,0.012131715771230503,0.018568952711067097,0.2250557068581332,0.28026739291903935,0.15622678880911117,0.30774944293141865,1
140,E02000147,0.7533943795389959,0.01831386169876855,0.020208399115882538,0.17366592990211557,0.3833280707293969,0.15787811809283234,0.2466056204610041,1
141,E02000148,0.75064838829196,0.017043349388662466,0.023712486105965172,0.17599110781771027,0.3693960726194887,0.16450537236013338,0.24935161170804002,1
142,E02000149,0.7265529841656516,0.008526187576126675,0.01766138855054811,0.23629719853836784,0.31120584652862365,0.15286236297198538,0.27344701583434833,1
143,E02000150,0.7900481540930979,0.019261637239165328,0.02118780096308186,0.20545746388443017,0.3614767255216693,0.1826645264847512,0.20995184590690208,1
144,E02000151,0.7832379670144732,0.01716593739481656,0.018175698418041064,0.19353752945136318,0.3904409289801414,0.16391787277011108,0.21676203298552676,1
145,E02000152,0.7335271317829457,0.01970284237726098,0.027131782945736434,0.2041343669250646,0.32881136950904394,0.15374677002583978,0.26647286821705424,1
146,E02000153,0.8217616580310881,0.015544041450777202,0.02383419689119171,0.22659758203799654,0.3675302245250432,0.18825561312607944,0.17823834196891192,1
147,E02000154,0.7207282913165266,0.019887955182072828,0.0196078431372549,0.19439775910364146,0.342296918767507,0.14453781512605043,0.2792717086834734,1
148,E02000155,0.7042763157894737,0.015789473684210527,0.022039473684210525,0.18355263157894736,0.3450657894736842,0.13782894736842105,0.2957236842105263,1
149,E02000156,0.7542163718634307,0.013368983957219251,0.01974496092143151,0.18284656519950637,0.36363636363636365,0.17461949814890992,0.24578362813656932,1
150,E02000157,0.7769652650822669,0.012492382693479586,0.017062766605728214,0.18921389396709323,0.3927483241925655,0.16544789762340037,0.2230347349177331,1
151,E02000158,0.7643375082399473,0.01845748187211602,0.02702702702702703,0.1891891891891892,0.3813447593935399,0.14831905075807514,0.23566249176005274,1
152,E02000159,0.7658519305703153,0.01664895501239816,0.021608218207580587,0.18597236981934112,0.3715905065533121,0.17003188097768332,0.23414806942968472,1
153,E02000160,0.7840236686390533,0.016765285996055226,0.021696252465483234,0.21367521367521367,0.3454963839579224,0.1863905325443787,0.21597633136094674,1
154,E02000161,0.7787742899850523,0.014947683109118086,0.020328849028400597,0.19671150971599402,0.3943198804185351,0.15246636771300448,0.22122571001494767,1
155,E02000162,0.6855600539811066,0.011133603238866396,0.019230769230769232,0.17611336032388664,0.3360323886639676,0.14304993252361672,0.3144399460188934,1
156,E02000163,0.7607561929595827,0.012059973924380704,0.023142112125162973,0.19752281616688397,0.3617992177314211,0.16623207301173404,0.2392438070404172,1
157,E02000165,0.7935060197008391,0.008026267785479753,0.02334914264866837,0.2582998905508938,0.3192265596497629,0.1846041590660343,0.20649398029916088,1
158,E02000166,0.6475265017667845,0.021790341578327443,0.025323910482921083,0.2246760895170789,0.22143698468786807,0.15429917550058891,0.35247349823321555,1
159,E02000167,0.6227030231179609,0.033491404860699465,0.03882631890930646,0.1873147599288678,0.22762299940723177,0.13544754001185536,0.3772969768820391,1
160,E02000168,0.6407322654462243,0.02488558352402746,0.019736842105263157,0.25257437070938216,0.19307780320366133,0.15045766590389015,0.35926773455377575,1
161,E02000169,0.7099438387842748,0.04625041295011562,0.041295011562603234,0.16154608523290387,0.32375289065080937,0.13709943838784275,0.29005616121572514,1
162,E02000170,0.6658008658008658,0.03780663780663781,0.0227994227994228,0.1668109668109668,0.2906204906204906,0.14776334776334776,0.3341991341991342,1
163,E02000171,0.636936936936937,0.025225225225225224,0.02702702702702703,0.2093093093093093,0.22342342342342342,0.15195195195195196,0.3630630630630631,1
164,E02000172,0.6401486988847583,0.020322180916976455,0.022057001239157374,0.18909541511771996,0.2936802973977695,0.11499380421313507,0.35985130111524166,1
165,E02000173,0.5928041119360365,0.038549400342661334,0.03940605368360937,0.14848657909765847,0.2509994288977727,0.11536264991433466,0.40719588806396345,1
166,E02000174,0.6416103603603603,0.020833333333333332,0.02787162162162162,0.23282657657657657,0.23592342342342343,0.1241554054054054,0.35838963963963966,1
167,E02000175,0.6039006268864638,0.028325980961225912,0.024146737868586024,0.19131646157418156,0.22985837009519386,0.13025307638727654,0.3960993731135361,1
168,E02000176,0.5518160613128957,0.03032322559146951,0.027657447517494167,0.17027657447517494,0.21392869043652116,0.10963012329223593,0.4481839386871043,1
169,E02000177,0.6365626710454296,0.02681992337164751,0.022988505747126436,0.1811713191023536,0.2846195949644226,0.12096332785987958,0.3634373289545703,1
170,E02000178,0.613298127700432,0.030484877580412868,0.019683149303888623,0.1613058089294287,0.2870859337493999,0.11473835813730197,0.38670187229956793,1
171,E02000179,0.6183745583038869,0.0298390263054574,0.03376521397722811,0.154691794267766,0.281900274833137,0.11817824892029839,0.38162544169611307,1
172,E02000180,0.6335704125177809,0.02332859174964438,0.021621621621621623,0.22816500711237553,0.23186344238975817,0.12859174964438122,0.36642958748221904,1
173,E02000181,0.6547587310050653,0.029858704345507865,0.02505998400426553,0.20181284990669154,0.24633431085043989,0.1516928818981605,0.3452412689949347,1
174,E02000182,0.6433203631647212,0.04539559014267185,0.037937743190661476,0.1543450064850843,0.29928664072632943,0.10635538261997406,0.35667963683527887,1
175,E02000183,0.5750622062482721,0.02045894387614045,0.02543544373790434,0.1680951064418026,0.23970141000829417,0.12137130218413049,0.42493779375172797,1
176,E02000184,0.636113404899532,0.02972749793559042,0.027250206440957887,0.18689788053949905,0.2675474814203138,0.12469033856317094,0.36388659510046795,1
177,E02000185,0.5701646596215286,0.026296387318751537,0.02433030228557385,0.10690587367903662,0.31309904153354634,0.0995330548046203,0.4298353403784714,1
178,E02000186,0.587895273716423,0.030261815708942538,0.02448146888813329,0.1856511390683441,0.2148928935736144,0.13260795647738866,0.412104726283577,1
179,E02000187,0.6402934241550956,0.023316740895991617,0.025936599423631124,0.13151689808750328,0.3542048729368614,0.1053183128111082,0.3597065758449044,1
180,E02000188,0.6553880102979036,0.023538065465244576,0.028687017285766826,0.13019492460463405,0.3710923133504965,0.10187568959176167,0.34461198970209633,1
181,E02000191,0.49263657957244655,0.028028503562945367,0.02470308788598575,0.15961995249406175,0.17909738717339668,0.101187648456057,0.5073634204275534,1
182,E02000192,0.5775331822596309,0.019423761735189383,0.026869537067011978,0.15700874069278084,0.26740045322110717,0.1068306895435416,0.42246681774036904,1
183,E02000193,0.4743631086746211,0.017736214124475975,0.021605933569816188,0.13769751693002258,0.1889712995807804,0.10835214446952596,0.5256368913253789,1
184,E02000194,0.6379638439581351,0.017126546146527116,0.019029495718363463,0.24143672692673643,0.24143672692673643,0.11893434823977164,0.3620361560418649,1
185,E02000195,0.7634069400630915,0.02810438772583883,0.030111843991970175,0.13794092342988243,0.4562661313449957,0.11098365357040436,0.23659305993690852,1
186,E02000196,0.7490237841675541,0.03336883209087682,0.029463968761093362,0.09868654597089102,0.47816826411075614,0.10933617323393681,0.25097621583244584,1
187,E02000197,0.7460078336848448,0.03434769508888219,0.025610123531184092,0.09852365170231997,0.47905995781862004,0.1084664055438385,0.25399216631515514,1
188,E02000198,0.6858937749857225,0.02141633352370074,0.02569960022844089,0.11107938320959451,0.4277555682467162,0.09994288977727013,0.31410622501427754,1
189,E02000199,0.7415730337078652,0.024968789013732832,0.023096129837702872,0.1285892634207241,0.4400749063670412,0.12484394506866417,0.25842696629213485,1
190,E02000200,0.6419290354822589,0.028735632183908046,0.02148925537231384,0.15642178910544727,0.31659170414792603,0.11869065467266367,0.3580709645177411,1
191,E02000201,0.6398116662307088,0.01804865289040021,0.021710698404394456,0.13366466126078996,0.35155636934344753,0.11483128433167669,0.36018833376929116,1
192,E02000202,0.7614497528830313,0.032948929159802305,0.02372322899505766,0.0672158154859967,0.5354200988467874,0.10214168039538715,0.2385502471169687,1
193,E02000203,0.663674254568772,0.025969862135299775,0.02404616864379609,0.08592497595383136,0.4430907342096826,0.08464251362616224,0.33632574543122795,1
194,E02000204,0.7694453052370623,0.03470715835140998,0.028819336845367215,0.05237062286953827,0.5630616671831422,0.09048651998760458,0.23055469476293772,1
195,E02000206,0.66494960806271,0.021500559910414333,0.027099664053751398,0.1124300111982083,0.4062709966405375,0.09764837625979843,0.33505039193729,1
196,E02000207,0.6943820224719102,0.021348314606741574,0.026123595505617977,0.1550561797752809,0.3792134831460674,0.11264044943820224,0.3056179775280899,1
197,E02000208,0.6885525994630217,0.024164022455455212,0.025140346595069564,0.09030998291432756,0.4871857456675616,0.061752501830607764,0.3114474005369783,1
198,E02000209,0.7915171288743883,0.03295269168026101,0.023164763458401304,0.0730831973898858,0.5866231647634584,0.07569331158238173,0.20848287112561176,1
199,E02000210,0.7289611143354614,0.0240858966918166,0.030470110272780036,0.16395821242019734,0.3743470690655833,0.13609982588508415,0.2710388856645386,1
200,E02000211,0.7393019726858877,0.01851289833080425,0.024886191198786038,0.15326251896813353,0.39939301972685887,0.14324734446130502,0.2606980273141123,1
201,E02000212,0.7799570946981306,0.029727244866687097,0.026356114005516396,0.08642353662273981,0.5455102666258045,0.09193993257738278,0.22004290530186946,1
202,E02000213,0.6501576701910592,0.02856612873307364,0.025041736227045076,0.10517529215358931,0.40808755332962343,0.08328695974772769,0.3498423298089408,1
203,E02000214,0.7923473774720551,0.02106620808254514,0.018916595012897677,0.14746345657781598,0.4402407566638005,0.16466036113499571,0.20765262252794497,1
204,E02000215,0.6346336822074216,0.024738344433872503,0.019790675547098003,0.14196003805899143,0.33739295908658423,0.11075166508087536,0.3653663177925785,1
205,E02000216,0.6807065217391305,0.033627717391304345,0.020040760869565216,0.09035326086956522,0.43546195652173914,0.10122282608695653,0.31929347826086957,1
206,E02000217,0.6713802031467835,0.02509460266879108,0.026488747261501692,0.13124875522804222,0.37801234813782114,0.11053574985062736,0.3286197968532165,1
207,E02000218,0.805614632071459,0.028073160357294766,0.0289238621863037,0.1458953636750319,0.47851977881752444,0.12420246703530413,0.19438536792854105,1
208,E02000219,0.7603887399463807,0.02111260053619303,0.023458445040214475,0.1203083109919571,0.44939678284182305,0.14611260053619302,0.2396112600536193,1
209,E02000221,0.7251065964384249,0.02508151492350138,0.02984700275896664,0.13895159267619764,0.41058439929771756,0.12064208678204164,0.2748934035615751,1
210,E02000222,0.6764786795048143,0.020082530949105913,0.017881705639614855,0.17689133425034387,0.33810178817056397,0.12352132049518569,0.32352132049518567,1
211,E02000223,0.7923987092147723,0.01541771244173539,0.01936177841520258,0.21548942273216207,0.42093940480458947,0.12119039082108282,0.20760129078522768,1
212,E02000224,0.7127139364303179,0.023533007334963326,0.02169926650366748,0.16381418092909536,0.3545232273838631,0.1491442542787286,0.28728606356968217,1
213,E02000225,0.7818728845430613,0.015419330575404287,0.022940955246333206,0.22188792779240316,0.3847311019180143,0.13689356901090635,0.2181271154569387,1
214,E02000226,0.797841726618705,0.022661870503597123,0.02697841726618705,0.1370503597122302,0.4546762589928058,0.1564748201438849,0.20215827338129497,1
215,E02000227,0.6953108861805413,0.014459822350753977,0.019624044618880395,0.1741375748812229,0.34786201198099564,0.13922743234868828,0.3046891138194588,1
216,E02000228,0.7914865314266711,0.020285999334885268,0.02161622879946791,0.16228799467908214,0.42833388759561025,0.15896242101762553,0.2085134685733289,1
217,E02000229,0.7501117568171658,0.014751899865891819,0.019222172552525705,0.22574877067501117,0.3580688421993742,0.13232007152436298,0.24988824318283415,1
218,E02000230,0.7129017013232514,0.02599243856332703,0.025756143667296786,0.1446124763705104,0.3830340264650284,0.13350661625708884,0.2870982986767486,1
219,E02000231,0.8195707530010913,0.03528555838486722,0.025100036376864313,0.12222626409603492,0.4925427428155693,0.14441615132775554,0.1804292469989087,1
220,E02000232,0.7786227291930714,0.015209125475285171,0.030840726658217153,0.18208702999577525,0.3840304182509506,0.16645542881284325,0.2213772708069286,1
221,E02000233,0.7800500834724541,0.022120200333889815,0.02712854757929883,0.18697829716193656,0.3718697829716194,0.17195325542570952,0.21994991652754592,1
222,E02000234,0.7400537634408603,0.02338709677419355,0.025,0.1782258064516129,0.381989247311828,0.1314516129032258,0.2599462365591398,1
223,E02000235,0.7952578095596537,0.018065487391795258,0.024087316522393678,0.19570944674444862,0.38652615732028606,0.17086940158073013,0.20474219044034625,1
224,E02000236,0.8302114803625378,0.019939577039274924,0.022356495468277945,0.2256797583081571,0.3803625377643505,0.18187311178247734,0.16978851963746225,1
225,E02000237,0.75,0.011213720316622692,0.029023746701846966,0.1741424802110818,0.37467018469656993,0.16094986807387862,0.25,1
226,E02000238,0.7642493979127643,0.03906877174203907,0.026224244046026225,0.05646240299705646,0.5437516724645437,0.09874230666309874,0.23575060208723575,1
227,E02000239,0.8174061433447098,0.039590443686006824,0.027303754266211604,0.049146757679180884,0.6109215017064846,0.09044368600682594,0.1825938566552901,1
228,E02000240,0.7788042083654093,0.044393122915062866,0.024890941750064153,0.08391070053887606,0.5298947908647678,0.09571465229663843,0.22119579163459072,1
229,E02000241,0.7776923076923077,0.03461538461538462,0.02653846153846154,0.07192307692307692,0.5515384615384615,0.09307692307692307,0.22230769230769232,1
230,E02000242,0.816674137158225,0.04482294935006723,0.025549081129538322,0.04258180188256387,0.6230389959659346,0.08068130883012102,0.183325862841775,1
231,E02000243,0.7289002557544757,0.03260869565217391,0.028452685421994885,0.054667519181585675,0.5163043478260869,0.09686700767263427,0.2710997442455243,1
232,E02000244,0.7185689948892675,0.035093696763202724,0.025212947189097105,0.06166950596252129,0.5049403747870528,0.09165247018739353,0.28143100511073255,1
233,E02000245,0.7420989862850328,0.027429934406678593,0.020274299344066785,0.08139534883720931,0.5310077519379846,0.08199165175909362,0.2579010137149672,1
234,E02000246,0.7936197916666666,0.0302734375,0.024088541666666668,0.07259114583333333,0.576171875,0.09049479166666667,0.20638020833333334,1
235,E02000247,0.7528898022090933,0.03442075520164398,0.021834061135371178,0.06344721294631389,0.5576676085281274,0.07552016439763679,0.24711019779090676,1
236,E02000248,0.7053511705685619,0.04013377926421405,0.028762541806020066,0.09331103678929765,0.45217391304347826,0.09096989966555184,0.2946488294314381,1
237,E02000249,0.7475961538461539,0.03502747252747253,0.022664835164835164,0.054945054945054944,0.5425824175824175,0.09237637362637363,0.25240384615384615,1
238,E02000250,0.7405660377358491,0.03734276729559748,0.025157232704402517,0.15723270440251572,0.37342767295597484,0.1474056603773585,0.25943396226415094,1
239,E02000251,0.8179315768777035,0.05426661423515533,0.017695635076681086,0.032638615808100666,0.6460872984663782,0.06724341329138812,0.1820684231222965,1
240,E02000252,0.6273531413018825,0.024948968019959175,0.021773644817418916,0.0993422544794738,0.38466772510773417,0.09662054887729644,0.3726468586981175,1
241,E02000253,0.7160718937223235,0.024746027611357125,0.023964574107840583,0.09794217244073977,0.46105756707475903,0.10836155248762698,0.28392810627767645,1
242,E02000254,0.852760736196319,0.07592024539877301,0.016487730061349692,0.023006134969325152,0.6875,0.04984662576687116,0.147239263803681,1
243,E02000255,0.7251384858876286,0.02848852545502506,0.027433394882616723,0.13321023476655236,0.39883935637035084,0.13716697441308362,0.2748615141123714,1
244,E02000256,0.6867858917039245,0.03626428216592151,0.025086934923000497,0.15996025832091407,0.3330849478390462,0.13238946845504224,0.3132141082960755,1
245,E02000258,0.7158218125960062,0.03379416282642089,0.03225806451612903,0.14516129032258066,0.3836405529953917,0.12096774193548387,0.28417818740399386,1
246,E02000259,0.7916492693110647,0.03507306889352818,0.02338204592901879,0.15532359081419625,0.43883089770354905,0.13903966597077244,0.20835073068893528,1
247,E02000260,0.821415607985481,0.06061705989110708,0.015245009074410164,0.013793103448275862,0.7005444646098004,0.03121597096188748,0.17858439201451906,1
248,E02000261,0.6913183279742765,0.034967845659163985,0.03657556270096463,0.1239951768488746,0.38565112540192925,0.11012861736334405,0.3086816720257235,1
249,E02000262,0.6533198175367461,0.0240750126710593,0.022047643182970096,0.1659908768373036,0.32387227572225036,0.11733400912316269,0.34668018246325394,1
250,E02000263,0.826385079539221,0.0589687328579265,0.009599561162918267,0.01426220515633571,0.7106417992320351,0.03291278113000549,0.17361492046077895,1
251,E02000264,0.6782387806943269,0.0358453288173864,0.02427321478972622,0.16031611628563364,0.3163985323172453,0.14140558848433532,0.32176121930567314,1
252,E02000265,0.6733572786815973,0.026832875554616522,0.021973378406930064,0.15064441157828015,0.3517853369955631,0.12212127614620748,0.3266427213184027,1
253,E02000266,0.750640279394645,0.03422584400465658,0.020023282887077998,0.061466821885913854,0.5646100116414435,0.07031431897555297,0.24935972060535505,1
254,E02000267,0.7355679702048417,0.021725636250775917,0.02265673494723774,0.17163252638112975,0.3814400993171943,0.13811297330850403,0.2644320297951583,1
255,E02000268,0.6978249611600207,0.0292594510616261,0.022009321595028483,0.1693423096841015,0.32858622475401345,0.14862765406525116,0.30217503883997926,1
