,GEOGRAPHY_CODE,All household members have the same ethnic group,Any other combination of multiple ethnic identities,Ethnic groups differ between generations but not within partnerships,Ethnic groups differ within partnerships,One-person household,Total: All households
0,E02000001,0.29772079772079774,0.04477004477004477,0.015262515262515262,0.13227513227513227,0.50997150997151,4914.0
1,E02000002,0.572822299651568,0.05505226480836237,0.059233449477351915,0.060278745644599306,0.25261324041811845,2870.0
2,E02000003,0.5666666666666667,0.06641221374045801,0.049872773536895676,0.06921119592875317,0.24783715012722646,3930.0
3,E02000004,0.6121212121212121,0.049783549783549784,0.0367965367965368,0.06796536796536796,0.23333333333333334,2310.0
4,E02000005,0.6353362734288864,0.05622932745314223,0.0438257993384785,0.07001102535832414,0.19459757442116868,3628.0
5,E02000007,0.5622107269262183,0.04791723386877212,0.04873400490062619,0.04955077593248026,0.2915872583719031,3673.0
6,E02000008,0.6067027027027027,0.05340540540540541,0.05772972972972973,0.04908108108108108,0.23308108108108108,4625.0
7,E02000009,0.5674659144334744,0.0615890926187118,0.05853314527503526,0.07475317348377997,0.23765867418899858,4254.0
8,E02000010,0.5990381725278028,0.05350165314096784,0.05590622182146077,0.05620679290652239,0.23534715960324618,3327.0
9,E02000011,0.6050170068027211,0.05994897959183673,0.04889455782312925,0.060799319727891155,0.22534013605442177,2352.0
10,E02000012,0.6279635258358662,0.07598784194528875,0.027051671732522795,0.05805471124620061,0.2109422492401216,3290.0
11,E02000013,0.582360172095882,0.053165334972341736,0.05654578979717271,0.06515058389674247,0.2427781192378611,3254.0
12,E02000014,0.6201298701298701,0.05873671782762692,0.047225501770956316,0.050177095631641085,0.22373081463990555,3388.0
13,E02000015,0.5242334322453017,0.054071876030333005,0.06330365974282888,0.0491262776129245,0.30926475436861195,3033.0
14,E02000016,0.5368476265407816,0.06346708628376606,0.05927091528979806,0.06766325727773406,0.2727511146079203,3813.0
15,E02000017,0.5764365739067582,0.09071196241416697,0.0422840621611854,0.0657752078062884,0.224792193711601,2767.0
16,E02000018,0.6048237476808905,0.06369820655534941,0.05813234384662956,0.051329622758194186,0.2220160791589363,3234.0
17,E02000019,0.6416094822208359,0.05832813474734872,0.05271366188396756,0.06363069245165315,0.18371802869619464,3206.0
18,E02000020,0.569777397260274,0.0702054794520548,0.05821917808219178,0.07748287671232877,0.2243150684931507,4672.0
19,E02000021,0.5832764505119454,0.06279863481228669,0.06689419795221843,0.06075085324232082,0.22627986348122867,2930.0
20,E02000022,0.5296640457469621,0.055039313795568263,0.0736240171551108,0.07147962830593281,0.270192994996426,2798.0
21,E02000023,0.5516723036452461,0.0680195415257422,0.079293498684705,0.06614054866591507,0.23487410747839157,2661.0
22,E02000024,0.48782666964485144,0.03886531159258432,0.03171766808130445,0.15121733303551485,0.2903730176457449,4477.0
23,E02000025,0.442456608811749,0.03658210947930574,0.040320427236315085,0.12977303070761015,0.35086782376502,3745.0
24,E02000026,0.5234872611464968,0.04378980891719745,0.039410828025477705,0.1337579617834395,0.25955414012738853,2512.0
25,E02000027,0.4993215739484396,0.050203527815468114,0.05807327001356852,0.12048846675712348,0.2719131614654003,3685.0
26,E02000028,0.48439821693907875,0.043833580980683504,0.041604754829123326,0.14413075780089152,0.28603268945022287,2692.0
27,E02000029,0.4904235230644726,0.048017264634475317,0.050445103857566766,0.14378203398974912,0.2673320744537362,3707.0
28,E02000030,0.5700483091787439,0.0494458653026428,0.03239556692242114,0.13071895424836602,0.21739130434782608,3519.0
29,E02000031,0.4846662657847264,0.04479855682501503,0.0396873120865905,0.1497294046903187,0.2811184606133494,3326.0
30,E02000032,0.5685131195335277,0.06013119533527697,0.04664723032069971,0.14650145772594753,0.1782069970845481,2744.0
31,E02000033,0.48311390955924444,0.053806525472238124,0.05809959931310819,0.12535775615340583,0.27962220950200345,3494.0
32,E02000034,0.4889941487879632,0.05321816662022848,0.04736695458344943,0.13931457230426303,0.27110615770409585,3589.0
33,E02000035,0.4615602836879433,0.0473758865248227,0.04680851063829787,0.12851063829787235,0.31574468085106383,3525.0
34,E02000036,0.563894523326572,0.053245436105476676,0.04639959432048681,0.10015212981744422,0.2363083164300203,3944.0
35,E02000037,0.6085552865213882,0.047080979284369114,0.040893193435566313,0.09416195856873823,0.2093085821899381,3717.0
36,E02000038,0.4886392009987516,0.05967540574282147,0.04893882646691636,0.14831460674157304,0.25443196004993757,4005.0
37,E02000039,0.5233819678264122,0.054620276842499066,0.03965581743359521,0.1309390198279087,0.25140291806958476,2673.0
38,E02000040,0.48945267958950966,0.05387685290763968,0.042759407069555305,0.13027366020524517,0.2836374002280502,3508.0
39,E02000041,0.5386466165413534,0.08421052631578947,0.04992481203007519,0.09203007518796992,0.23518796992481203,3325.0
40,E02000042,0.42969247083775186,0.0672322375397667,0.04284199363732768,0.1327677624602333,0.32746553552492047,4715.0
41,E02000043,0.554013503375844,0.05813953488372093,0.03225806451612903,0.16204051012753187,0.1935483870967742,2666.0
42,E02000044,0.5522631064799739,0.06252035167697818,0.0651253663301856,0.09833930315858026,0.22175187235428198,3071.0
43,E02000045,0.44100856327307325,0.05756422454804948,0.06398667935299715,0.13082778306374881,0.3066127497621313,4204.0
44,E02000046,0.4546717610281348,0.06842653699201111,0.03959708232025009,0.15178881556095866,0.28551580409864535,2879.0
45,E02000047,0.5380047505938242,0.07743467933491686,0.07600950118764846,0.08076009501187649,0.22779097387173397,4210.0
46,E02000048,0.5032911392405063,0.05949367088607595,0.043037974683544304,0.12987341772151897,0.2643037974683544,3950.0
47,E02000049,0.5084166228300895,0.06391372961599158,0.0775907417148869,0.08074697527617043,0.26933193056286164,3802.0
48,E02000050,0.4563708477937531,0.060981655924640554,0.04908279623202776,0.14923153197818542,0.28433316807139314,4034.0
49,E02000051,0.46599894570374273,0.06220347917764892,0.03505535055350553,0.12124406958355298,0.3154981549815498,3794.0
50,E02000052,0.4204247196373181,0.06394655213552851,0.04151753758052971,0.15891195418754475,0.315199236459079,4191.0
51,E02000054,0.44126556714910803,0.10636149444631438,0.04611242006058566,0.09458094917536183,0.3116795691686301,2971.0
52,E02000055,0.4630410654827969,0.093007769145394,0.04617092119866815,0.10144284128745838,0.29633740288568255,4505.0
53,E02000056,0.5156885531667635,0.07088901801278326,0.03515398024404416,0.13306217315514235,0.24520627542126672,3442.0
54,E02000057,0.5295639320029564,0.08721359940872137,0.024390243902439025,0.10532150776053215,0.2535107169253511,2706.0
55,E02000058,0.43055894556992924,0.065169636319258,0.04002928972418843,0.13937027092994875,0.32487185745667563,4097.0
56,E02000059,0.48917944093778176,0.07326420198376916,0.04418394950405771,0.09265103697024346,0.3007213706041479,4436.0
57,E02000060,0.4849715678310317,0.07825616030327646,0.02545356079068508,0.11237476306525859,0.29894394800974816,3693.0
58,E02000061,0.39238734956619087,0.08088441085922195,0.033865099356283235,0.1281835992163448,0.36467954100195915,3573.0
59,E02000062,0.46215596330275227,0.08065749235474007,0.05542813455657492,0.09136085626911315,0.3103975535168196,2616.0
60,E02000063,0.45287680903635724,0.08048005647723261,0.06071302506177197,0.10412989763501589,0.3018002117896223,2833.0
61,E02000064,0.44138929088277856,0.07923299565846599,0.07091172214182344,0.10709117221418235,0.30137481910274966,2764.0
62,E02000065,0.5632432432432433,0.07207207207207207,0.06918918918918919,0.05837837837837838,0.2371171171171171,2775.0
63,E02000066,0.49985903580490554,0.06879052720608965,0.05610374964758951,0.05694953481815619,0.3182971525232591,3547.0
64,E02000067,0.5292493095656541,0.058498619131308056,0.046949535525985436,0.08184785337685162,0.28345468240020083,3983.0
65,E02000068,0.5157861831822445,0.046889653016567674,0.06095654892153798,0.07658643326039387,0.29978118161925604,3199.0
66,E02000069,0.5625889046941679,0.044096728307254626,0.03805120910384068,0.077524893314367,0.2777382645803698,2812.0
67,E02000070,0.6187898089171975,0.03089171974522293,0.019745222929936305,0.07929936305732484,0.25127388535031847,3140.0
68,E02000071,0.6454000704970039,0.03348607684173423,0.024673951357067323,0.06556221360592175,0.23087768769827283,2837.0
69,E02000072,0.5882227437593344,0.04352464262854704,0.05184553018988692,0.07147429059099637,0.24493279283123534,4687.0
70,E02000073,0.6789686552072801,0.023761375126390292,0.01744186046511628,0.07532861476238625,0.2044994944388271,3956.0
71,E02000074,0.579172610556348,0.035948644793152636,0.0333808844507846,0.05420827389443652,0.2972895863052782,3505.0
72,E02000075,0.6627500793902826,0.024452207049857098,0.018100984439504603,0.06382978723404255,0.23086694188631313,3149.0
73,E02000077,0.662125340599455,0.028950953678474115,0.025204359673024524,0.07288828337874659,0.21083106267029972,2936.0
74,E02000078,0.6570671962926183,0.028798411122144985,0.017543859649122806,0.0804369414101291,0.21615359152598476,3021.0
75,E02000079,0.5653749651519375,0.02815723445776415,0.032339001951491496,0.08168385837747422,0.2924449400613326,3587.0
76,E02000080,0.6172612801678908,0.0406610703043022,0.0270199370409234,0.07056663168940189,0.24449108079748164,3812.0
77,E02000081,0.6090271424214699,0.02409271119243672,0.024397682220189083,0.0677035681610247,0.27477889600487954,3279.0
78,E02000082,0.66047051989544,0.030787104269532385,0.019169329073482427,0.07900087133313971,0.21057217542840545,3443.0
79,E02000083,0.6026996625421822,0.028346456692913385,0.027446569178852645,0.07266591676040494,0.2688413948256468,4445.0
80,E02000084,0.64872588711598,0.025244105739461776,0.01809954751131222,0.08502024291497975,0.22291021671826625,4199.0
81,E02000085,0.648877318581191,0.02766026684022128,0.016270745200130166,0.06475756589651806,0.24243410348193947,3073.0
82,E02000086,0.6682209469153515,0.017934002869440458,0.012553802008608322,0.07639885222381636,0.22489239598278335,2788.0
83,E02000087,0.613855421686747,0.022289156626506025,0.014156626506024096,0.08825301204819277,0.26144578313253014,3320.0
84,E02000088,0.6845637583892618,0.024161073825503355,0.012416107382550336,0.0691275167785235,0.20973154362416108,2980.0
85,E02000089,0.6794077134986226,0.022727272727272728,0.02100550964187328,0.07644628099173553,0.20041322314049587,2904.0
86,E02000090,0.5226514067715784,0.029804482594182165,0.019790176442536958,0.0736766809728183,0.3540772532188841,4194.0
87,E02000091,0.5264104293099573,0.024499887615194425,0.020454034614520118,0.08271521690267476,0.3459204315576534,4449.0
88,E02000092,0.578481945467944,0.03721444362564481,0.03316138540899042,0.06484893146647015,0.2862932940309506,2714.0
89,E02000093,0.6283422459893048,0.08288770053475936,0.03449197860962567,0.06925133689839572,0.18502673796791444,3740.0
90,E02000094,0.5519031141868512,0.08304498269896193,0.05132641291810842,0.10265282583621683,0.21107266435986158,3468.0
91,E02000095,0.6309673366834171,0.09736180904522614,0.03391959798994975,0.057474874371859296,0.18027638190954773,3184.0
92,E02000096,0.6566626650660264,0.06202480992396959,0.024009603841536616,0.07042817126850741,0.18687474989995997,2499.0
93,E02000097,0.5608953258722844,0.10138248847926268,0.04114549045424622,0.08755760368663594,0.20901909150757078,3038.0
94,E02000098,0.5720250521920668,0.0779401530967293,0.04871259568545581,0.08524704244954767,0.2160751565762004,2874.0
95,E02000099,0.5809327846364883,0.10631001371742113,0.038408779149519894,0.08299039780521263,0.19135802469135801,2916.0
96,E02000100,0.609271523178808,0.08959875340864823,0.028827425009738995,0.0728476821192053,0.19945461628359953,2567.0
97,E02000101,0.5407319952774499,0.07733175914994096,0.05460448642266824,0.070543093270366,0.256788665879575,3388.0
98,E02000102,0.5283159463487332,0.0890461997019374,0.05812220566318927,0.06669150521609538,0.2578241430700447,2684.0
99,E02000103,0.484393063583815,0.07745664739884393,0.06127167630057803,0.12138728323699421,0.25549132947976877,3460.0
100,E02000104,0.5494414563508482,0.08398841539098055,0.04095986760446835,0.07116259826230864,0.25444766239139427,2417.0
101,E02000105,0.575933075933076,0.08204633204633205,0.04601029601029601,0.07561132561132561,0.2203989703989704,3108.0
102,E02000106,0.48773006134969327,0.09983268265476855,0.05214723926380368,0.07640825432236475,0.2838817624093698,3586.0
103,E02000107,0.38041733547351525,0.11396468699839486,0.05044714515019491,0.11167163494611328,0.3434991974317817,4361.0
104,E02000108,0.6005279366476023,0.0818301803783546,0.04355477342718874,0.08227012758468984,0.19181698196216454,2273.0
105,E02000110,0.3884938590820944,0.1085972850678733,0.05914673561732385,0.14382676147382029,0.29993535875888816,3094.0
106,E02000111,0.6492163009404389,0.07554858934169278,0.037304075235109715,0.05235109717868339,0.18557993730407524,3190.0
107,E02000112,0.6161327231121282,0.09153318077803203,0.04319221967963387,0.06350114416475973,0.18564073226544622,3496.0
108,E02000113,0.536007292616226,0.07231844424187177,0.07930720145852324,0.05712549377089031,0.2552415679124886,3291.0
109,E02000114,0.3984353925006744,0.1084434852980847,0.04639870515241435,0.11087132452117615,0.3358510925276504,3707.0
110,E02000115,0.35319917440660475,0.0781733746130031,0.04643962848297214,0.13828689370485037,0.38390092879256965,3876.0
111,E02000116,0.46232242124768375,0.08307597282273008,0.07195799876466955,0.08894379246448425,0.2936998147004324,3238.0
112,E02000117,0.44778314772010924,0.07123345240596764,0.06976255515864678,0.07270434965328851,0.33851649506198783,4759.0
113,E02000118,0.647450110864745,0.07095343680709534,0.03896103896103896,0.050997782705099776,0.1916376306620209,3157.0
114,E02000119,0.4681174089068826,0.06756072874493928,0.07211538461538461,0.07464574898785425,0.3175607287449393,3952.0
115,E02000120,0.35375913268913506,0.08154607588970068,0.03841621494225784,0.12585434833843978,0.40042422814046663,4243.0
116,E02000121,0.6472697186982901,0.05929398786541644,0.03309431880860452,0.05763927192498621,0.20270270270270271,3626.0
117,E02000122,0.40348101265822783,0.1,0.055379746835443035,0.14145569620253165,0.29968354430379746,3160.0
118,E02000123,0.422278389601011,0.08918577360534392,0.06661852319913342,0.08358909550460372,0.33832821808990793,5539.0
119,E02000124,0.3891826923076923,0.09951923076923076,0.046634615384615385,0.15528846153846154,0.309375,4160.0
120,E02000125,0.40816844241501776,0.0943683409436834,0.05098934550989345,0.14662607813292744,0.2998477929984779,3942.0
121,E02000126,0.4,0.07665198237885462,0.05638766519823789,0.09397944199706314,0.37298091042584436,3405.0
122,E02000127,0.5146631439894319,0.04861294583883752,0.046499339498018495,0.08586525759577279,0.30435931307793923,3785.0
123,E02000128,0.5794972249428665,0.022853411687887692,0.029056480574600065,0.11524649036891936,0.25334639242572643,3063.0
124,E02000130,0.43137789904502044,0.04201909959072306,0.04283765347885402,0.17053206002728513,0.3132332878581173,3665.0
125,E02000131,0.37635681863035325,0.04894414841128873,0.04716794947700809,0.15729228340240772,0.37023880007894217,5067.0
126,E02000132,0.38688789963577497,0.029947389720760824,0.03500607041683529,0.13557264265479563,0.4125859975718333,4942.0
127,E02000133,0.5694155694155694,0.02032802032802033,0.018711018711018712,0.14137214137214138,0.25017325017325015,4329.0
128,E02000134,0.4511320754716981,0.0369811320754717,0.0369811320754717,0.12773584905660376,0.3471698113207547,5300.0
129,E02000135,0.3983794733288319,0.05626828719333783,0.06347062795408508,0.10375872158451496,0.37812288993923027,4443.0
130,E02000136,0.5766550522648084,0.02569686411149826,0.02221254355400697,0.08536585365853659,0.29006968641114983,2296.0
131,E02000137,0.47020408163265304,0.025034013605442176,0.03156462585034014,0.1417687074829932,0.3314285714285714,3675.0
132,E02000138,0.4264315051944914,0.021985986953370378,0.02077796569219618,0.14447934283643393,0.3863251993235081,4139.0
133,E02000139,0.4610271903323263,0.03262839879154079,0.03836858006042296,0.1537764350453172,0.31419939577039274,3310.0
134,E02000140,0.5603474094040132,0.03234501347708895,0.03623839472896077,0.07517220724767895,0.29589697514225816,3339.0
135,E02000141,0.4611901681759379,0.0407503234152652,0.04463130659767141,0.1423027166882277,0.3111254851228978,3092.0
136,E02000142,0.5344727694090382,0.03360370799536501,0.02607184241019699,0.14600231749710313,0.2598493626882966,3452.0
137,E02000144,0.4770408163265306,0.04220779220779221,0.03339517625231911,0.14633580705009278,0.3010204081632653,4312.0
138,E02000145,0.547808764940239,0.03642572566875356,0.040694365395560615,0.07882754695503699,0.2962435970404098,3514.0
139,E02000146,0.5121287128712871,0.027475247524752475,0.02920792079207921,0.12351485148514851,0.30767326732673267,4040.0
140,E02000147,0.5781496684559521,0.024628986422481843,0.017366592990211555,0.1332491316703505,0.2466056204610041,3167.0
141,E02000148,0.6028158577250834,0.021859948128936643,0.0192663949610967,0.10670618747684328,0.24935161170804002,2699.0
142,E02000149,0.5867844092570037,0.030146163215590743,0.025578562728380026,0.08404384896467722,0.27344701583434833,3284.0
143,E02000150,0.5839486356340289,0.038202247191011236,0.03467094703049759,0.1332263242375602,0.20995184590690208,3115.0
144,E02000151,0.6367003367003367,0.01919191919191919,0.010101010101010102,0.11717171717171718,0.21683501683501682,2970.0
145,E02000152,0.5581395348837209,0.03197674418604651,0.042958656330749356,0.10045219638242894,0.26647286821705424,3096.0
146,E02000153,0.6687392055267702,0.022797927461139896,0.015198618307426597,0.11502590673575129,0.17823834196891192,2895.0
147,E02000154,0.5695493982647635,0.025748670584942627,0.020990764063811923,0.10467394346487545,0.2790372236216065,3573.0
148,E02000155,0.5809743252139565,0.02369980250164582,0.019420671494404212,0.07998683344305464,0.29591836734693877,3038.0
149,E02000156,0.590703414232826,0.027354997943233237,0.02406417112299465,0.1120937885643768,0.24578362813656932,4862.0
150,E02000157,0.6522269676632093,0.01464307504575961,0.017693715680292862,0.0921293471629042,0.22330689444783405,3278.0
151,E02000158,0.6176664469347396,0.02999340804218853,0.030652603823335532,0.08602504943968359,0.23566249176005274,3034.0
152,E02000159,0.6374911410347271,0.02303330970942594,0.020198440822111977,0.08504606661941885,0.2342310418143161,2822.0
153,E02000160,0.6291543270812767,0.023362948338269168,0.02040144784468575,0.11089174070417901,0.21618953603158933,3039.0
154,E02000161,0.6534209740065731,0.019420376456528235,0.017627726322079474,0.0884374066328055,0.22109351658201373,3347.0
155,E02000162,0.574173971679029,0.018543492919757248,0.024275118004045852,0.06877950101146325,0.31422791638570463,2966.0
156,E02000163,0.6471163245356794,0.017921146953405017,0.01335940045617465,0.08243727598566308,0.23916585206907787,3069.0
157,E02000165,0.6929248723559446,0.016046681254558718,0.014587892049598834,0.0700218818380744,0.2064186725018235,2742.0
158,E02000166,0.3844568737120989,0.06505740359140418,0.05475419487783338,0.14336178981454226,0.3523697380041213,3397.0
159,E02000167,0.36158861885002963,0.04593953764078246,0.03023117960877297,0.18494368701837582,0.3772969768820391,3374.0
160,E02000168,0.3719599427753934,0.07753934191702432,0.03490701001430615,0.15622317596566523,0.3593705293276109,3495.0
161,E02000169,0.42200925313945803,0.05915399867812293,0.04230006609385327,0.18638466622604097,0.29015201586252476,3026.0
162,E02000170,0.3748917748917749,0.0836940836940837,0.04040404040404041,0.1668109668109668,0.3341991341991342,3465.0
163,E02000171,0.36925848093665564,0.0687481236865806,0.04172921044731312,0.15731011708195736,0.36295406784749323,3331.0
164,E02000172,0.42379182156133827,0.06864931846344485,0.04684014869888476,0.10086741016109046,0.35985130111524166,4035.0
165,E02000173,0.34932876321051126,0.05969722936303913,0.03056269637246501,0.15309911453870323,0.40731219651528133,3501.0
166,E02000174,0.39154929577464787,0.0847887323943662,0.04563380281690141,0.11943661971830986,0.35859154929577464,3550.0
167,E02000175,0.3459484560018574,0.07940561876015788,0.03482702577199907,0.1437195263524495,0.3960993731135361,4307.0
168,E02000176,0.30823058980339885,0.04231922692435855,0.03365544818393869,0.1676107964011996,0.4481839386871043,3001.0
169,E02000177,0.3985209531635168,0.08408655162969049,0.04546699534374144,0.1081895371131197,0.36373596274993153,3651.0
170,E02000178,0.3732597215554489,0.08161305808929428,0.039846375420067214,0.1185789726356217,0.38670187229956793,4166.0
171,E02000179,0.3850078492935636,0.06318681318681318,0.0380690737833595,0.13226059654631084,0.3814756671899529,2548.0
172,E02000180,0.37343572241183165,0.10409556313993173,0.033276450511945395,0.12286689419795221,0.366325369738339,3516.0
173,E02000181,0.3792,0.072,0.034133333333333335,0.16933333333333334,0.3453333333333333,3750.0
174,E02000182,0.4216672072656503,0.07654881608822575,0.03438209536166072,0.11060655205968213,0.3567953292247811,3083.0
175,E02000183,0.34089024053082667,0.059717998341166714,0.031794304672380425,0.14265966270389827,0.42493779375172797,3617.0
176,E02000184,0.3672907488986784,0.1211453744493392,0.04873348017621145,0.09884361233480177,0.3639867841409692,3632.0
177,E02000185,0.35512410911771936,0.07299090685672155,0.053330056524944706,0.08871958712214303,0.4298353403784714,4069.0
178,E02000186,0.3391156462585034,0.10068027210884353,0.03605442176870748,0.11190476190476191,0.4122448979591837,2940.0
179,E02000187,0.4322766570605187,0.0872412889703956,0.04584752423369138,0.07492795389048991,0.3597065758449044,3817.0
180,E02000188,0.42993747701360796,0.10628907686649504,0.04634056638470026,0.07282089003310041,0.34461198970209633,2719.0
181,E02000191,0.2730294396961064,0.09164292497625831,0.018518518518518517,0.10968660968660969,0.5071225071225072,2106.0
182,E02000192,0.3693752023308514,0.07575267076723859,0.03496277112334089,0.09744253803820006,0.42246681774036904,3089.0
183,E02000193,0.2808771364076105,0.06965495001612383,0.026765559496936472,0.09706546275395034,0.5256368913253789,3101.0
184,E02000194,0.38800285646274696,0.04498928826469888,0.05736729350154725,0.14734587003094501,0.3622946917400619,4201.0
185,E02000195,0.5037249283667622,0.07449856733524356,0.0504297994269341,0.1349570200573066,0.23638968481375358,3490.0
186,E02000196,0.4921875,0.08629261363636363,0.061079545454545456,0.109375,0.2510653409090909,2816.0
187,E02000197,0.4746682750301568,0.08655006031363088,0.06182147165259349,0.12273823884197829,0.2542219541616405,3316.0
188,E02000198,0.45059965733866364,0.06624785836664764,0.06910336950314107,0.09994288977727013,0.31410622501427754,3502.0
189,E02000199,0.4809612983770287,0.08021223470661673,0.056491885143570536,0.12390761548064919,0.25842696629213485,3204.0
190,E02000200,0.3950524737631184,0.049475262368815595,0.0559720139930035,0.14142928535732133,0.3580709645177411,4002.0
191,E02000201,0.392613933996857,0.05683603981141959,0.0751702462022001,0.11471974855945521,0.3606600314300681,3818.0
192,E02000202,0.5136738056013179,0.10247116968698518,0.049093904448105435,0.09621087314662273,0.2385502471169687,3035.0
193,E02000203,0.4346153846153846,0.08012820512820513,0.0641025641025641,0.08493589743589744,0.33621794871794874,3120.0
194,E02000204,0.5364115277347381,0.09637434149364735,0.06538580725131701,0.07127362875735978,0.23055469476293772,3227.0
195,E02000206,0.4134917077543702,0.07104437471985657,0.0761990138951143,0.10398924249215598,0.33527566113850293,4462.0
196,E02000207,0.4542391914654688,0.06457046603032005,0.06457046603032005,0.1111734980348119,0.3054463784390792,3562.0
197,E02000208,0.47340165934602246,0.07052220595412396,0.06881405563689605,0.07589067837969742,0.31137140068326014,4098.0
198,E02000209,0.5876591576885406,0.06725432582435521,0.06301012079660463,0.07345739471106758,0.20861900097943192,3063.0
199,E02000210,0.45963995354239257,0.0627177700348432,0.056329849012775844,0.15011614401858303,0.27119628339140534,3444.0
200,E02000211,0.5552519732847602,0.03551912568306011,0.03491196114146934,0.1135397692774742,0.2607771706132362,3294.0
201,E02000212,0.5472103004291845,0.08583690987124463,0.06345800122624157,0.08338442673206621,0.22011036174126303,3262.0
202,E02000213,0.4240400667779633,0.07401224262659989,0.05972917826006307,0.09237618252643294,0.3498423298089408,5391.0
203,E02000214,0.5257953568357696,0.05331040412725709,0.03654342218400688,0.17669819432502148,0.20765262252794497,2326.0
204,E02000215,0.4040730871716787,0.05976398934145413,0.053292729349067376,0.1174343357441949,0.3654358583936049,5254.0
205,E02000216,0.49608976538592314,0.04080244814688881,0.02652159129547773,0.11696701802108127,0.31961917715062904,2941.0
206,E02000217,0.4182433778131846,0.0665206134236208,0.0619398526190002,0.1246763592909779,0.3286197968532165,5021.0
207,E02000218,0.5901360544217688,0.05442176870748299,0.06972789115646258,0.09141156462585034,0.19430272108843538,2352.0
208,E02000219,0.5834450402144772,0.036528150134048254,0.029490616621983913,0.11092493297587132,0.2396112600536193,2984.0
209,E02000221,0.5028843742162027,0.0634562327564585,0.06019563581640331,0.09857035364936043,0.2748934035615751,3987.0
210,E02000222,0.4547455295735901,0.0437414030261348,0.04126547455295736,0.13672627235213206,0.32352132049518567,3635.0
211,E02000223,0.5944783076371459,0.07565435640014342,0.06740767300107565,0.054858372176407315,0.20760129078522768,2789.0
212,E02000224,0.45337817181290124,0.04922042188933048,0.047997554264750844,0.1620299602568022,0.28737389177621525,3271.0
213,E02000225,0.6075996990218209,0.05041384499623777,0.0526711813393529,0.07110609480812641,0.218209179834462,2658.0
214,E02000226,0.6130309575233981,0.04643628509719223,0.023758099352051837,0.11447084233261338,0.20230381569474443,2778.0
215,E02000227,0.5384456386936751,0.03327821413807358,0.03534518396031418,0.08805291442744936,0.3048780487804878,4838.0
216,E02000228,0.5860232945091514,0.03361064891846922,0.024292845257903494,0.14742096505823626,0.2086522462562396,3005.0
217,E02000229,0.596875,0.05133928571428571,0.05223214285714286,0.05,0.24955357142857143,2240.0
218,E02000230,0.47907306691889334,0.049184204303617876,0.036178765665641995,0.14826200047292504,0.2873019626389217,4229.0
219,E02000231,0.6012359142130135,0.04689203925845147,0.03162486368593239,0.13994910941475827,0.18029807342784443,2751.0
220,E02000232,0.6130801687763713,0.03417721518987342,0.025738396624472575,0.10590717299578059,0.2210970464135021,2370.0
221,E02000233,0.5423799582463465,0.03883089770354906,0.04133611691022965,0.15741127348643005,0.22004175365344467,2395.0
222,E02000234,0.5204191295002687,0.035464803868887694,0.046211714132187,0.13809779688339602,0.2598065556152606,3722.0
223,E02000235,0.5950319909672563,0.0312382386149793,0.02898005269100489,0.14000752728641325,0.20474219044034625,2657.0
224,E02000236,0.6189181021456633,0.03414928981565428,0.03052281656089453,0.1465699607132064,0.16983983076458145,3309.0
225,E02000237,0.5781147000659196,0.02702702702702703,0.02900461437046803,0.11601845748187212,0.24983520105471324,3034.0
226,E02000238,0.5422912205567452,0.07976445396145611,0.0452355460385439,0.0968950749464668,0.235813704496788,3736.0
227,E02000239,0.603277569136224,0.08023216114714919,0.03379993171730966,0.100034141345169,0.18265619665414817,2929.0
228,E02000240,0.5525910723447922,0.059517701385325805,0.07798871216008209,0.0887634684453566,0.2211390456644433,3898.0
229,E02000241,0.5665384615384615,0.06769230769230769,0.045,0.09846153846153846,0.22230769230769232,2600.0
230,E02000242,0.6042133572389063,0.08650829224562977,0.04616763783056925,0.07978484984311968,0.183325862841775,2231.0
231,E02000243,0.5218919782678172,0.07861936720997123,0.04793863854266539,0.08053691275167785,0.2710131032278683,3129.0
232,E02000244,0.4877384196185286,0.07050408719346049,0.05415531335149864,0.10626702997275204,0.28133514986376024,2936.0
233,E02000245,0.5548598688133571,0.05456171735241502,0.0626118067978533,0.07006559332140727,0.2579010137149672,3354.0
234,E02000246,0.5724991854024112,0.07787552948843271,0.0641902899967416,0.07885304659498207,0.2065819485174324,3069.0
235,E02000247,0.5437017994858612,0.055526992287917736,0.05861182519280206,0.0948586118251928,0.24730077120822622,3890.0
236,E02000248,0.4891267982602877,0.0779524924723988,0.03713616594178655,0.10103713616594179,0.29474740715958514,2989.0
237,E02000249,0.5406797116374872,0.07277720562993477,0.04909028492962582,0.08513559903879163,0.25231719876416064,2913.0
238,E02000250,0.4571540880503145,0.06446540880503145,0.03891509433962264,0.1800314465408805,0.25943396226415094,2544.0
239,E02000251,0.6070866141732284,0.08346456692913386,0.043700787401574806,0.08346456692913386,0.18228346456692912,2540.0
240,E02000252,0.3927437641723356,0.08095238095238096,0.052607709750566896,0.10113378684807256,0.37256235827664397,4410.0
241,E02000253,0.47173743162281845,0.06538160979421724,0.07085178431883303,0.1081010679864548,0.28392810627767645,3839.0
242,E02000254,0.695635528330781,0.08805513016845329,0.02871362940275651,0.04058192955589587,0.14701378254211334,2612.0
243,E02000255,0.46462513199577615,0.06546990496304118,0.05253431890179514,0.14229144667370644,0.2750791974656811,3788.0
244,E02000256,0.4303105590062112,0.0675776397515528,0.03875776397515528,0.15006211180124224,0.3132919254658385,4025.0
245,E02000258,0.4619523443504996,0.08570330514988471,0.038816295157571096,0.1291314373558801,0.2843966179861645,2602.0
246,E02000259,0.5110647181628393,0.07139874739039666,0.055949895615866385,0.15323590814196242,0.20835073068893528,2395.0
247,E02000260,0.6880900508351488,0.06608569353667393,0.027233115468409588,0.03994190268700073,0.1786492374727669,2754.0
248,E02000261,0.42142282958199356,0.09565916398713827,0.06591639871382636,0.10831993569131833,0.3086816720257235,4976.0
249,E02000262,0.4062341611758743,0.07627977698935631,0.03522554485554993,0.13558033451596554,0.34668018246325394,3946.0
250,E02000263,0.6903455842018651,0.07131102578167856,0.02605595172792101,0.03867251782775644,0.17361492046077895,3646.0
251,E02000264,0.4005080440304826,0.10527801298334745,0.03132938187976291,0.14112334180073385,0.32176121930567314,3543.0
252,E02000265,0.41508238276299114,0.07160963244613434,0.0492184199408534,0.13751584283903676,0.3265737220109844,4734.0
253,E02000266,0.5574953445065177,0.06261638733705772,0.04771880819366853,0.08286778398510242,0.24930167597765363,4296.0
254,E02000267,0.46349798073936005,0.07393600497048773,0.04628766697732215,0.15159987573780678,0.2646784715750233,3219.0
255,E02000268,0.43762939958592134,0.07324016563146998,0.04011387163561077,0.14699792960662525,0.30201863354037267,3864.0
256,E02000269,0.46109597335755376,0.05843172873145625,0.02785346654556464,0.18528610354223432,0.26733272782319106,3303.0
257,E02000270,0.41559387903813455,0.06461015302404663,0.05222249210590236,0.1301918872965752,0.3373815885353413,4117.0
258,E02000271,0.4264607118871726,0.05104096709200806,0.029550033579583614,0.2024848891873741,0.29046339825386164,2978.0
259,E02000272,0.4620228256591893,0.06099960645415191,0.04329004329004329,0.18772136953955135,0.24596615505706415,2541.0
260,E02000275,0.6685106382978724,0.06382978723404255,0.026382978723404255,0.05361702127659575,0.1876595744680851,2350.0
261,E02000276,0.4412628487518355,0.08259911894273128,0.041116005873715125,0.17547723935389134,0.25954478707782674,2724.0
262,E02000277,0.5468392993145469,0.08377760853008377,0.08187357197258187,0.08225437928408226,0.20525514089870525,2626.0
263,E02000278,0.5652694610778443,0.0625748502994012,0.0721556886227545,0.0529940119760479,0.2470059880239521,3340.0
264,E02000279,0.5123442808607022,0.06319365798414496,0.09354473386183465,0.08425821064552662,0.2466591166477916,4415.0
265,E02000280,0.5253442719015529,0.04365660709053618,0.05127453852915324,0.1081160269557574,0.2716085555230003,3413.0
266,E02000281,0.5105663567202029,0.05691744153282615,0.0780501549732319,0.08875739644970414,0.26570865032403496,3549.0
267,E02000282,0.5289708849812627,0.07437301816085327,0.08734505621216489,0.06053617757278755,0.24877486307293167,3469.0
268,E02000283,0.6053571428571428,0.07392857142857143,0.07785714285714286,0.07178571428571429,0.17107142857142857,2800.0
269,E02000284,0.4727674868675698,0.04036494332319602,0.059165053912081836,0.12690074647497926,0.30080176942217307,3617.0
270,E02000285,0.5735772357723578,0.04186991869918699,0.03943089430894309,0.1434959349593496,0.2016260162601626,2460.0
271,E02000286,0.44338915271182205,0.028242939265183703,0.03699075231192202,0.12271932016995751,0.3686578355411147,4001.0
272,E02000287,0.5207100591715976,0.04281239122868082,0.03445875391576749,0.13435433344935607,0.267664462234598,2873.0
273,E02000288,0.5599407992106561,0.07819437592501233,0.06388751850024667,0.058460779477059695,0.23951652688702516,4054.0
274,E02000289,0.5663643858202803,0.05605935696619951,0.04286892003297609,0.14262159934047816,0.19208573784006594,2426.0
275,E02000290,0.5003971405877681,0.05321683876092136,0.0937251787132645,0.06433677521842732,0.28832406671961874,2518.0
276,E02000291,0.42771362586605083,0.05242494226327945,0.0605080831408776,0.12055427251732101,0.33879907621247113,4330.0
277,E02000292,0.511354079058032,0.06532099803756658,0.06672273619287918,0.12335295766750771,0.23324922904401457,3567.0
278,E02000293,0.5457831325301205,0.03654618473895582,0.02971887550200803,0.1393574297188755,0.24859437751004015,2490.0
279,E02000294,0.5703175631885936,0.07420609202851587,0.06804925469863901,0.08133506156837329,0.20609202851587816,3086.0
280,E02000295,0.4697105341689048,0.052521635332736495,0.060280513279618024,0.13995822142643988,0.2775290957923008,3351.0
281,E02000296,0.48267326732673266,0.059158415841584155,0.05371287128712871,0.11361386138613862,0.2908415841584158,4040.0
282,E02000297,0.5231654676258993,0.051798561151079135,0.03884892086330935,0.13755395683453236,0.24863309352517984,3475.0
283,E02000298,0.5075261780104712,0.05530104712041885,0.030104712041884817,0.16786649214659685,0.23920157068062828,3056.0
284,E02000299,0.524140012070006,0.0775497887748944,0.07453228726614364,0.06819553409776705,0.2555823777911889,3314.0
285,E02000300,0.49966644429619744,0.09573048699132755,0.07071380920613743,0.08172114743162108,0.25216811207471646,2998.0
286,E02000301,0.5045600858369099,0.07242489270386267,0.08261802575107297,0.06410944206008584,0.2762875536480687,3728.0
287,E02000302,0.49229287090558765,0.07257546563904946,0.06069364161849711,0.1329479768786127,0.24149004495825305,3114.0
288,E02000303,0.5100806451612904,0.07594086021505377,0.061155913978494625,0.0625,0.2903225806451613,2976.0
289,E02000304,0.511340206185567,0.06254295532646048,0.03814432989690722,0.17938144329896907,0.20859106529209623,2910.0
290,E02000305,0.45236026643498406,0.06371271358239212,0.04488850275123081,0.17144512018534608,0.2675933970460469,3453.0
291,E02000306,0.5083848190644307,0.06090026478375993,0.07796410709032069,0.050603118564283615,0.3021476904972051,3399.0
292,E02000307,0.5523325358851675,0.08791866028708134,0.0625,0.09838516746411484,0.19886363636363635,3344.0
293,E02000308,0.4784496124031008,0.09364341085271317,0.05581395348837209,0.11472868217054263,0.25736434108527134,3225.0
294,E02000309,0.5223281485198193,0.096588058203713,0.07049673858504767,0.06547917711991971,0.24510787757150024,3986.0
295,E02000311,0.5210453920220083,0.08885832187070151,0.06629986244841815,0.09711141678129298,0.2266850068775791,3635.0
296,E02000312,0.44805339265850946,0.08743047830923248,0.05094549499443826,0.13081201334816464,0.2827586206896552,4495.0
297,E02000313,0.4803543913713405,0.0512326656394453,0.05007704160246533,0.046224961479198766,0.37211093990755006,2596.0
298,E02000314,0.5194003527336861,0.06812169312169312,0.07760141093474426,0.0857583774250441,0.24911816578483245,4536.0
299,E02000315,0.5470941883767535,0.06212424849699399,0.05954766676209562,0.06899513312338963,0.2622387632407672,3493.0
300,E02000317,0.5116938341601701,0.06591070163004961,0.060595322466335935,0.08398299078667612,0.27781715095676823,2822.0
301,E02000318,0.5212290502793296,0.0935754189944134,0.05223463687150838,0.07541899441340782,0.25754189944134076,3580.0
302,E02000319,0.4914562611578679,0.0757459831675593,0.05075235909206835,0.09767916347870441,0.28436623310380005,3921.0
303,E02000320,0.5179968701095462,0.06298904538341157,0.05672926447574335,0.09741784037558686,0.26486697965571204,2556.0
304,E02000321,0.4738264099966228,0.07058426207362378,0.07261060452549814,0.06788247213779129,0.315096251266464,2961.0
305,E02000323,0.4713692946058091,0.07842323651452282,0.053526970954356844,0.08402489626556017,0.31265560165975104,4820.0
306,E02000324,0.482661996497373,0.08546409807355516,0.04658493870402802,0.10017513134851139,0.2851138353765324,2855.0
307,E02000326,0.45424729419481796,0.07379468678255166,0.042308953755329615,0.14791734995080355,0.2817317153164972,3049.0
308,E02000327,0.4629981024667932,0.05199240986717268,0.05085388994307401,0.08538899430740038,0.34876660341555976,2635.0
309,E02000328,0.40617577197149646,0.04784526637258229,0.03664743807261622,0.15914489311163896,0.3501866304716661,2947.0
310,E02000329,0.5101543460601138,0.06376929325751422,0.04752233956133225,0.10357432981316003,0.27497969130787975,2462.0
311,E02000331,0.4774436090225564,0.06578947368421052,0.05043859649122807,0.10588972431077694,0.30043859649122806,3192.0
312,E02000332,0.48282760920306766,0.061687229076358784,0.041347115705235075,0.12770923641213738,0.28642880960320105,2999.0
313,E02000333,0.42867060048594235,0.032280458174245054,0.02395001735508504,0.15688996876084693,0.3582089552238806,2881.0
314,E02000334,0.5080613448682658,0.06252457727093984,0.040503342508847816,0.11797090051120723,0.2709398348407393,2543.0
315,E02000335,0.5698302469135802,0.036265432098765434,0.03009259259259259,0.1284722222222222,0.2353395061728395,2592.0
316,E02000337,0.5736057068741893,0.05285343709468223,0.04312581063553826,0.09208819714656291,0.23832684824902725,3084.0
317,E02000339,0.5,0.037065637065637064,0.028185328185328186,0.1193050193050193,0.31544401544401546,2590.0
318,E02000340,0.4966887417218543,0.033112582781456956,0.023178807947019868,0.09006622516556291,0.356953642384106,3020.0
319,E02000341,0.5583134988099286,0.05712342740564434,0.05202312138728324,0.08364501870112206,0.24889493369602175,2941.0
320,E02000342,0.520717642033319,0.03887227680478428,0.03374626228107646,0.10807347287483982,0.29859034600598033,2341.0
321,E02000343,0.546533185020393,0.04671857619577308,0.03225806451612903,0.09640341119762699,0.27808676307007785,2697.0
322,E02000344,0.5943627450980392,0.03431372549019608,0.024101307189542485,0.10253267973856209,0.24468954248366012,2448.0
323,E02000345,0.4387321221492076,0.08117510630073445,0.039427908774642445,0.15229996134518747,0.2883649014302281,2587.0
324,E02000346,0.43705941591137965,0.081067472306143,0.0647029204431017,0.10775427995971802,0.3094159113796576,3972.0
325,E02000347,0.47095274980635166,0.0801704105344694,0.03640588690937258,0.13632842757552285,0.2761425251742835,2582.0
326,E02000348,0.472640470069776,0.0672052882849798,0.050312155710613295,0.10503121557106133,0.3048108703635696,2723.0
327,E02000350,0.40048740861088544,0.1272678039534254,0.033847820200379096,0.13999458434876794,0.2984023828865421,3693.0
328,E02000351,0.3669659735349716,0.10987712665406427,0.04395085066162571,0.13185255198487714,0.34735349716446123,4232.0
329,E02000352,0.4054355919583023,0.08078927773641102,0.04988830975428146,0.14445271779597915,0.31943410275502604,2686.0
330,E02000353,0.4211026615969582,0.10487959442332066,0.03231939163498099,0.15335868187579213,0.28833967046894804,3156.0
331,E02000354,0.3893206317372775,0.10102782652293808,0.043870644271747306,0.10629230383554776,0.35948859363248936,3989.0
332,E02000355,0.3924213230571612,0.12909441233140656,0.04110468850353243,0.14771997430956968,0.2896596017983301,3114.0
333,E02000356,0.37745098039215685,0.09117647058823529,0.038562091503267976,0.18169934640522875,0.3111111111111111,3060.0
