,GEOGRAPHY_CODE,1 car or van in household,2 cars or vans in household,3 or more cars or vans in household,No cars or vans in household,Total: All households
0,E02000001,0.19417870954610217,0.02503561978424588,0.00875228984327295,0.772033380826379,4913.0
1,E02000002,0.4435540069686411,0.19059233449477353,0.047386759581881537,0.3184668989547038,2870.0
2,E02000003,0.4684478371501272,0.18295165394402035,0.0544529262086514,0.29414758269720104,3930.0
3,E02000004,0.42615851017756606,0.24815937635339974,0.09008228670420096,0.23559982676483326,2309.0
4,E02000005,0.47657111356119075,0.19652701212789417,0.046857772877618525,0.28004410143329656,3628.0
5,E02000007,0.4383673469387755,0.15074829931972789,0.036734693877551024,0.3741496598639456,3675.0
6,E02000008,0.45112456747404844,0.1773356401384083,0.04519896193771626,0.326340830449827,4624.0
7,E02000009,0.4689703808180536,0.1476257639868359,0.04113775270333803,0.3422661024917725,4254.0
8,E02000010,0.4594594594594595,0.16546546546546548,0.04144144144144144,0.33363363363363363,3330.0
9,E02000011,0.46196345091372715,0.18997025074373142,0.04929876753081173,0.2987675308117297,2353.0
10,E02000012,0.4449848024316109,0.23768996960486322,0.08358662613981763,0.2337386018237082,3290.0
11,E02000013,0.45636140135218195,0.16195451751690226,0.03995082974800246,0.34173325138291333,3254.0
12,E02000014,0.46235606731620904,0.15087097726601711,0.04222025391201653,0.3445527015057573,3387.0
13,E02000015,0.43506921555702044,0.13810151615029664,0.036585365853658534,0.3902439024390244,3034.0
14,E02000016,0.3283464566929134,0.05721784776902887,0.008136482939632546,0.6062992125984252,3810.0
15,E02000017,0.4039783001808318,0.14936708860759493,0.04014466546112116,0.4065099457504521,2765.0
16,E02000018,0.4483611626468769,0.1645021645021645,0.03525046382189239,0.3518862090290662,3234.0
17,E02000019,0.46662507797878977,0.18371802869619464,0.037429819089207735,0.31222707423580787,3206.0
18,E02000020,0.481917397817248,0.13824095869890862,0.029531350310293174,0.35031029317355017,4673.0
19,E02000021,0.4609614728946471,0.1629730651210365,0.04295942720763723,0.33310603477667916,2933.0
20,E02000022,0.4280100035727045,0.07574133619149696,0.01429081814933905,0.4819578420864595,2799.0
21,E02000023,0.46226060833646265,0.13405933158092376,0.02853924145700338,0.3751408186256102,2663.0
22,E02000024,0.484476211748939,0.20951530042439134,0.0634353361626089,0.24257315166406077,4477.0
23,E02000025,0.48985584623598505,0.19087026161238654,0.0603310197544047,0.2589428723972237,3746.0
24,E02000026,0.49024293110314615,0.25806451612903225,0.1027479091995221,0.14894464356829948,2511.0
25,E02000027,0.4701573521432447,0.20781334780249594,0.0583288117200217,0.26370048833423765,3686.0
26,E02000028,0.47268673355629875,0.22445187662578966,0.0758082497212932,0.22705314009661837,2691.0
27,E02000029,0.47127056919341787,0.21634745076881576,0.05691934178581063,0.25546263825195575,3707.0
28,E02000030,0.38192668371696503,0.33105996021597045,0.15657857345836884,0.13043478260869565,3519.0
29,E02000031,0.4806131650135257,0.23234144875263,0.07333934475503456,0.21370604147880973,3327.0
30,E02000032,0.44331024425811155,0.3157127232956617,0.10353627415238789,0.13744075829383887,2743.0
31,E02000033,0.4705208929593589,0.2189467658843732,0.057813394390383514,0.25271894676588436,3494.0
32,E02000034,0.4577876845918083,0.21621621621621623,0.059348007801616046,0.26664809139035944,3589.0
33,E02000035,0.4631519274376417,0.18424036281179137,0.041666666666666664,0.31094104308390025,3528.0
34,E02000036,0.45701242708597517,0.2589398934821202,0.077859497844281,0.20618818158762364,3943.0
35,E02000037,0.42157654022060803,0.31692224912563893,0.09227871939736347,0.16922249125638955,3717.0
36,E02000038,0.47689233075193604,0.2065950537097177,0.05695728203847115,0.2595553334998751,4003.0
37,E02000039,0.4319371727748691,0.28272251308900526,0.1024682124158564,0.18287210172026927,2674.0
38,E02000040,0.4804787688800228,0.23852949558278713,0.05984611000284981,0.22114562553434028,3509.0
39,E02000041,0.4255639097744361,0.21022556390977443,0.06827067669172933,0.29593984962406017,3325.0
40,E02000042,0.45059372349448684,0.13528413910093298,0.02586938083121289,0.3882527565733673,4716.0
41,E02000043,0.4833020637898687,0.26153846153846155,0.0701688555347092,0.1849906191369606,2665.0
42,E02000044,0.4511400651465798,0.21172638436482086,0.05276872964169381,0.28436482084690556,3070.0
43,E02000045,0.47596382674916704,0.14707282246549264,0.032603522132317944,0.3443598286530224,4202.0
44,E02000046,0.464397360194512,0.140673845085099,0.024313997915943037,0.370614796804446,2879.0
45,E02000047,0.452386606506768,0.15198290192353361,0.036570885775350274,0.35905960579434815,4211.0
46,E02000048,0.4860759493670886,0.2569620253164557,0.06481012658227848,0.1921518987341772,3950.0
47,E02000049,0.4614575111812681,0.12628255722178375,0.026571954748750327,0.38568797684819783,3801.0
48,E02000050,0.473475458601884,0.15617253346554288,0.03594447198810114,0.334407535944472,4034.0
49,E02000051,0.44450303190087004,0.20511468494595309,0.06011073029264435,0.2902715528605326,3793.0
50,E02000052,0.4977332378907182,0.1145311381531854,0.01956573610116917,0.3681698878549272,4191.0
51,E02000054,0.4476607202961966,0.17872770111073713,0.06159542241669472,0.3120161561763716,2971.0
52,E02000055,0.39014647137150466,0.15335108743897027,0.047936085219707054,0.408566355969818,4506.0
53,E02000056,0.42039511911679256,0.2838466008134805,0.10226612434631029,0.19349215572341663,3442.0
54,E02000057,0.4057649667405765,0.21507760532150777,0.06171470805617147,0.3174427198817443,2706.0
55,E02000058,0.4491339351061234,0.189802390827031,0.04196145401317394,0.3191022200536716,4099.0
56,E02000059,0.4403876493125986,0.1300428217263917,0.031552851025467656,0.398016677935542,4437.0
57,E02000060,0.3894451962110961,0.2324763193504736,0.05196211096075778,0.3261163734776725,3695.0
58,E02000061,0.3891377379619261,0.15201567749160133,0.0425531914893617,0.4162933930571109,3572.0
59,E02000062,0.3927342256214149,0.11739961759082218,0.022944550669216062,0.46692160611854683,2615.0
60,E02000063,0.44193434521708436,0.1478997529121073,0.042710907165548886,0.36745499470525944,2833.0
61,E02000064,0.3950036205648081,0.11404779145546705,0.03041274438812455,0.46053584359160027,2762.0
62,E02000065,0.44700793078586876,0.1640230713770728,0.04650324441240086,0.3424657534246575,2774.0
63,E02000066,0.4240202988440936,0.14265576543557937,0.03467719199323372,0.3986467437270933,3547.0
64,E02000067,0.48154657293497366,0.1544062264624655,0.04745166959578207,0.3165955310067788,3983.0
65,E02000068,0.43898623279098875,0.14956195244055068,0.046620775969962454,0.3648310387984981,3196.0
66,E02000069,0.4541251778093883,0.21763869132290184,0.07396870554765292,0.2542674253200569,2812.0
67,E02000070,0.4493630573248408,0.25445859872611465,0.1089171974522293,0.18726114649681527,3140.0
68,E02000071,0.4417784050811574,0.2399435426958363,0.102681721947777,0.21559633027522937,2834.0
69,E02000072,0.45243174061433444,0.19752559726962457,0.05098122866894198,0.29906143344709896,4688.0
70,E02000073,0.426478019201617,0.3059626073774634,0.11950480040424456,0.1480545730166751,3958.0
71,E02000074,0.4584641735655153,0.21238938053097345,0.0642306594347702,0.2649157864687411,3503.0
72,E02000075,0.44490314385519214,0.28294696729120355,0.11178151794220387,0.16036837091140044,3149.0
73,E02000077,0.4662806539509537,0.2387602179836512,0.10183923705722071,0.1931198910081744,2936.0
74,E02000078,0.43940397350993377,0.29304635761589404,0.1119205298013245,0.15562913907284767,3020.0
75,E02000079,0.4553820412716118,0.2071946458449526,0.061628555493586167,0.27579475738984943,3586.0
76,E02000080,0.45478374836173,0.25137614678899084,0.08623853211009175,0.20760157273918742,3815.0
77,E02000081,0.4626410491003355,0.23543763342482465,0.08691674290942361,0.21500457456541627,3279.0
78,E02000082,0.43915190241068836,0.28695904734243394,0.11762997386000582,0.15625907638687192,3443.0
79,E02000083,0.4756975697569757,0.23537353735373537,0.07335733573357335,0.21557155715571558,4444.0
80,E02000084,0.44163887565507387,0.2977608384945212,0.12005717008099095,0.140543115769414,4198.0
81,E02000085,0.455609756097561,0.2786991869918699,0.10373983739837399,0.16195121951219513,3075.0
82,E02000086,0.44404591104734575,0.3066714490674319,0.12338593974175036,0.125896700143472,2788.0
83,E02000087,0.44156626506024094,0.2900602409638554,0.1141566265060241,0.15421686746987953,3320.0
84,E02000088,0.45838926174496647,0.2929530201342282,0.11644295302013423,0.13221476510067115,2980.0
85,E02000089,0.46797520661157027,0.3009641873278237,0.10055096418732783,0.13050964187327824,2904.0
86,E02000090,0.49224898640591463,0.1810159790126401,0.059623181492964465,0.2671118530884808,4193.0
87,E02000091,0.45301258992805754,0.22234712230215828,0.0766636690647482,0.24797661870503598,4448.0
88,E02000092,0.447310243183493,0.236551215917465,0.07442888725128961,0.2417096536477524,2714.0
89,E02000093,0.4409090909090909,0.2318181818181818,0.07914438502673797,0.24812834224598931,3740.0
90,E02000094,0.43759008359757856,0.2017872585759585,0.06630152781781493,0.294321130008648,3469.0
91,E02000095,0.4337311557788945,0.2292713567839196,0.07474874371859297,0.26224874371859297,3184.0
92,E02000096,0.4108,0.2932,0.1016,0.1944,2500.0
93,E02000097,0.4391046741277156,0.2228439763001975,0.08755760368663594,0.250493745885451,3038.0
94,E02000098,0.4257391304347826,0.20904347826086955,0.06713043478260869,0.2980869565217391,2875.0
95,E02000099,0.4610901611244429,0.1892355159410353,0.06102159753171066,0.2886527254028111,2917.0
96,E02000100,0.39696143358005453,0.26334242306194,0.1238800155823919,0.21581612777561357,2567.0
97,E02000101,0.40342587123449497,0.15888954518606024,0.051683402244536325,0.38600118133490846,3386.0
98,E02000102,0.42532588454376163,0.15195530726256984,0.047299813780260706,0.3754189944134078,2685.0
99,E02000103,0.4491623339110341,0.12853841709994224,0.03697284806470248,0.3853264009243212,3462.0
100,E02000104,0.41687344913151364,0.18114143920595532,0.08188585607940446,0.3200992555831266,2418.0
101,E02000105,0.4166666666666667,0.1640926640926641,0.05888030888030888,0.36036036036036034,3108.0
102,E02000106,0.3837144450641383,0.11517010596765198,0.03680981595092025,0.46430563301728944,3586.0
103,E02000107,0.32958973183589274,0.08434563373825349,0.02131560852624341,0.5647490258996104,4363.0
104,E02000108,0.44434667839859215,0.192696876374835,0.05367355917289925,0.30928288605367354,2273.0
105,E02000110,0.4107950872656755,0.10471881060116355,0.026826115061409177,0.45765998707175176,3094.0
106,E02000111,0.40564263322884014,0.145141065830721,0.045768025078369905,0.40344827586206894,3190.0
107,E02000112,0.36270022883295194,0.11727688787185354,0.036613272311212815,0.4834096109839817,3496.0
108,E02000113,0.38370325326847066,0.12192155670416539,0.029796290665855884,0.46457889936150804,3289.0
109,E02000114,0.3177771783113029,0.06420285945508497,0.019962233612085243,0.5980577286215268,3707.0
110,E02000115,0.3508771929824561,0.06888544891640867,0.017543859649122806,0.5626934984520123,3876.0
111,E02000116,0.3459993821439605,0.05869632375656472,0.01143033673154155,0.5838739573679332,3237.0
112,E02000117,0.36247110737549904,0.06934229880226939,0.013658331582265182,0.5545282622399664,4759.0
113,E02000118,0.39436173582515044,0.15394361735825152,0.04307887234716503,0.408615774469433,3157.0
114,E02000119,0.41295546558704455,0.0728744939271255,0.012145748987854251,0.5020242914979757,3952.0
115,E02000120,0.3297972654408298,0.04266855256954267,0.006129184347006129,0.6214049976426214,4242.0
116,E02000121,0.3979591836734694,0.1260341974627689,0.03612796469939327,0.43987865416436844,3626.0
117,E02000122,0.4292049414000634,0.14887551472917326,0.0408615774469433,0.38105796642382006,3157.0
118,E02000123,0.32189925979418665,0.059216465065896375,0.011734970211229464,0.6071493049286875,5539.0
119,E02000124,0.4054768196012491,0.07806870045640163,0.01633437424933942,0.5001201056930098,4163.0
120,E02000125,0.43810248604769153,0.09791983764586504,0.020801623541349568,0.44317605276509386,3942.0
121,E02000126,0.32912507339988256,0.04462712859659425,0.005578391074574281,0.6206694069289489,3406.0
122,E02000127,0.47041732699418914,0.16613840464870575,0.04754358161648178,0.3159006867406233,3786.0
123,E02000128,0.4975514201762977,0.2644466209598433,0.07541625857002938,0.16258570029382957,3063.0
124,E02000130,0.4870395634379263,0.12196452933151432,0.027830832196452934,0.3631650750341064,3665.0
125,E02000131,0.4442910668507198,0.06704791954249655,0.01538158154210215,0.47327943206468154,5071.0
126,E02000132,0.5248887090246863,0.11452853095912587,0.021246458923512748,0.33933630109267504,4942.0
127,E02000133,0.46440129449838186,0.30490060101710587,0.11858529819694869,0.11211280628756357,4326.0
128,E02000134,0.4949056603773585,0.13867924528301886,0.03490566037735849,0.3315094339622642,5300.0
129,E02000135,0.3958145814581458,0.0855085508550855,0.01665166516651665,0.5020252025202521,4444.0
130,E02000136,0.4091503267973856,0.2736383442265795,0.12549019607843137,0.19172113289760348,2295.0
131,E02000137,0.5155144256940664,0.21066956995100708,0.06124115405552531,0.2125748502994012,3674.0
132,E02000138,0.5111111111111111,0.1859903381642512,0.050724637681159424,0.25217391304347825,4140.0
133,E02000139,0.532043530834341,0.15145102781136638,0.039600967351874246,0.27690447400241835,3308.0
134,E02000140,0.4343918514080288,0.20371479928100658,0.07819053325344517,0.28370281605751946,3338.0
135,E02000141,0.5037204788094468,0.12811387900355872,0.045292785506308636,0.3228728566806859,3091.0
136,E02000142,0.49536768963520555,0.23827446438911407,0.07990735379270411,0.18645049218297627,3454.0
137,E02000144,0.4778679026651217,0.17265353418308227,0.04125144843568945,0.3082271147161066,4315.0
138,E02000145,0.45048377916903815,0.20546385885031304,0.06545247581104155,0.2785998861696073,3514.0
139,E02000146,0.5150990099009901,0.19405940594059407,0.049752475247524755,0.24108910891089108,4040.0
140,E02000147,0.4123776444584781,0.30596779286390907,0.13388064414272183,0.14777391853489105,3167.0
141,E02000148,0.47536124490552056,0.28158577250833644,0.09596146721007781,0.1470915153760652,2699.0
142,E02000149,0.4543239951278928,0.23934226552984167,0.08252131546894031,0.2238124238733252,3284.0
143,E02000150,0.46613162118780094,0.28667736757624396,0.10048154093097914,0.14670947030497591,3115.0
144,E02000151,0.47744107744107744,0.30976430976430974,0.0898989898989899,0.12289562289562289,2970.0
145,E02000152,0.4654392764857881,0.2361111111111111,0.07299741602067183,0.22545219638242894,3096.0
146,E02000153,0.43488773747841103,0.33678756476683935,0.1229706390328152,0.10535405872193437,2895.0
147,E02000154,0.4545200111950742,0.2401343408900084,0.08088441085922195,0.22446123705569548,3573.0
148,E02000155,0.4776315789473684,0.2569078947368421,0.08256578947368422,0.18289473684210528,3040.0
149,E02000156,0.44270726188027154,0.28944661592264964,0.10903106356716726,0.15881505862991155,4861.0
150,E02000157,0.48368405001524856,0.2891125343092406,0.10856968587984142,0.11863372979566941,3279.0
151,E02000158,0.43210283454185894,0.2821357943309163,0.08536585365853659,0.2003955174686882,3034.0
152,E02000159,0.3816442239546421,0.3359319631467045,0.18072289156626506,0.10170092133238838,2822.0
153,E02000160,0.42340565417488496,0.3241288625904011,0.13280736357659434,0.11965811965811966,3042.0
154,E02000161,0.48534688995215314,0.29694976076555024,0.09629186602870814,0.12141148325358851,3344.0
155,E02000162,0.42881241565452094,0.26956815114709853,0.10155195681511471,0.20006747638326586,2964.0
156,E02000163,0.43951744375611346,0.313009455493968,0.12879034887512228,0.11868275187479622,3067.0
157,E02000165,0.3602189781021898,0.3788321167883212,0.18211678832116787,0.07883211678832117,2740.0
158,E02000166,0.37661955241460543,0.10365135453474676,0.02237926972909305,0.49734982332155475,3396.0
159,E02000167,0.4037948413874889,0.10465461013934184,0.026386006522383636,0.46516454195078566,3373.0
160,E02000168,0.3677733257012021,0.06153405838580424,0.009730967372638809,0.5609616485403549,3494.0
161,E02000169,0.4175751569210439,0.13875123885034688,0.03865213082259663,0.4050214734060126,3027.0
162,E02000170,0.37933025404157045,0.0779445727482679,0.01674364896073903,0.5259815242494227,3464.0
163,E02000171,0.38408408408408407,0.06336336336336336,0.008108108108108109,0.5444444444444444,3330.0
164,E02000172,0.29739776951672864,0.03593556381660471,0.005947955390334572,0.6607187112763321,4035.0
165,E02000173,0.3287632105112825,0.06312482147957726,0.017994858611825194,0.5901171093973151,3501.0
166,E02000174,0.303858068149817,0.03858068149816953,0.006758659532526049,0.6508025908194874,3551.0
167,E02000175,0.318941504178273,0.04642525533890436,0.0060352831940575676,0.6285979572887651,4308.0
168,E02000176,0.3396666666666667,0.056,0.008,0.5963333333333334,3000.0
169,E02000177,0.31359649122807015,0.033717105263157895,0.006304824561403508,0.6463815789473685,3648.0
170,E02000178,0.29644743158905423,0.03384541526644263,0.006240998559769563,0.6634661545847336,4166.0
171,E02000179,0.3674911660777385,0.06870828425598743,0.014134275618374558,0.5496662740478995,2547.0
172,E02000180,0.28668941979522183,0.0406712172923777,0.005972696245733789,0.6666666666666666,3516.0
173,E02000181,0.3554489741540101,0.05249134026112443,0.006661337596589395,0.5853983479882761,3753.0
174,E02000182,0.3358208955223881,0.0681375730045425,0.015574302401038288,0.5804672290720312,3082.0
175,E02000183,0.3406137683162842,0.07298866463920375,0.010505944152612662,0.5758916228918993,3617.0
176,E02000184,0.23885525591634563,0.02724270776004403,0.005778756191524491,0.7281232801320858,3634.0
177,E02000185,0.2541164905382158,0.03735561563037602,0.005406733841238634,0.7031211599901696,4069.0
178,E02000186,0.24651479088745323,0.04930295817749065,0.00986059163549813,0.694321659299558,2941.0
179,E02000187,0.2318574796960964,0.025936599423631124,0.003143830233167409,0.739062090647105,3817.0
180,E02000188,0.2453107760205958,0.026480323648400146,0.005516734093416698,0.7226921662375874,2719.0
181,E02000191,0.15684410646387834,0.026615969581749048,0.0042775665399239545,0.8122623574144486,2104.0
182,E02000192,0.2045307443365696,0.028802588996763755,0.003883495145631068,0.7627831715210356,3090.0
183,E02000193,0.15344938749194068,0.02127659574468085,0.004835589941972921,0.8204384268214056,3102.0
184,E02000194,0.45515108256007614,0.09564596716630978,0.029502736140851773,0.4197002141327623,4203.0
185,E02000195,0.4656160458452722,0.20659025787965615,0.08624641833810888,0.24154727793696276,3490.0
186,E02000196,0.41832386363636365,0.16654829545454544,0.06427556818181818,0.3508522727272727,2816.0
187,E02000197,0.45087402049427366,0.15370705244122965,0.04490657022302592,0.35051235684147075,3318.0
188,E02000198,0.44003426613363794,0.11736150770988008,0.034551684751570534,0.4080525414049115,3502.0
189,E02000199,0.4728633811603244,0.1512788521522146,0.03774173424828447,0.33811603243917654,3206.0
190,E02000200,0.4250374812593703,0.10569715142428786,0.027736131934032984,0.44152923538230887,4002.0
191,E02000201,0.3981675392670157,0.09528795811518324,0.020942408376963352,0.4856020942408377,3820.0
192,E02000202,0.4642504118616145,0.16474464579901152,0.04184514003294893,0.32915980230642505,3035.0
193,E02000203,0.3837768515549856,0.09874959923052261,0.02532863097146521,0.4921449182430266,3119.0
194,E02000204,0.42547257514719555,0.16919739696312364,0.04865199876045863,0.3566780291292222,3227.0
195,E02000206,0.4167039856695029,0.09135691894312584,0.024406627854903717,0.4675324675324675,4466.0
196,E02000207,0.43314606741573036,0.14887640449438203,0.039606741573033705,0.3783707865168539,3560.0
197,E02000208,0.39507076622742804,0.09809663250366032,0.024890190336749635,0.48194241093216206,4098.0
198,E02000209,0.4740450538687561,0.17466536075742736,0.03656545870062031,0.3147241266731962,3063.0
199,E02000210,0.4895470383275261,0.1521486643437863,0.036585365853658534,0.32171893147502906,3444.0
200,E02000211,0.4505461165048544,0.2936893203883495,0.10800970873786407,0.14775485436893204,3296.0
201,E02000212,0.4207784247624885,0.12411890897946674,0.03340484216978241,0.42169782408826234,3263.0
202,E02000213,0.34223706176961605,0.06418104247820441,0.012057132257466147,0.5815247634947134,5391.0
203,E02000214,0.4740008594757198,0.21400945423291792,0.07735281478298238,0.2346368715083799,2327.0
204,E02000215,0.4026641294005709,0.07554709800190294,0.015223596574690771,0.5065651760228354,5255.0
205,E02000216,0.48980285520054384,0.13120326308633581,0.03704962610469069,0.3419442556084296,2942.0
206,E02000217,0.4155378486055777,0.0846613545816733,0.016334661354581673,0.48346613545816736,5020.0
207,E02000218,0.39940450871969374,0.23904721395151,0.09442790301999149,0.26712037430880475,2351.0
208,E02000219,0.4300570278430057,0.2938611204293861,0.1274740020127474,0.1486078497148608,2981.0
209,E02000221,0.4528585757271815,0.17477432296890671,0.05942828485456369,0.31293881644934807,3988.0
210,E02000222,0.49876203576341127,0.1562585969738652,0.04181568088033012,0.3031636863823934,3635.0
211,E02000223,0.40086052348512013,0.15525277877375404,0.05091430620294012,0.39297239153818575,2789.0
212,E02000224,0.5001528584530724,0.16630999694283094,0.04616325282788138,0.28737389177621525,3271.0
213,E02000225,0.4177643959352653,0.22657132103876554,0.08919834399698909,0.26646593902898,2657.0
214,E02000226,0.41711614527148505,0.3304566702624955,0.12693275800071915,0.12549442646530026,2781.0
215,E02000227,0.4890450599421248,0.24100868127325342,0.07523770152955767,0.19470855725506409,4838.0
216,E02000228,0.4113144758735441,0.34342762063227955,0.1341098169717138,0.11114808652246257,3005.0
217,E02000229,0.39696021457308894,0.19490388913723738,0.07554760840411265,0.332588287885561,2237.0
218,E02000230,0.4627747577404869,0.20751595367525408,0.07090522335145355,0.25880406523280547,4231.0
219,E02000231,0.3749090909090909,0.3236363636363636,0.196,0.10545454545454545,2750.0
220,E02000232,0.4088607594936709,0.320253164556962,0.1421940928270042,0.12869198312236288,2370.0
221,E02000233,0.4881002087682672,0.260125260960334,0.081419624217119,0.17035490605427975,2395.0
222,E02000234,0.4624899166442592,0.24038720086044635,0.08685130411400914,0.2102715783812853,3719.0
223,E02000235,0.436418359668924,0.3145221971407073,0.12678705793829947,0.12227238525206922,2658.0
224,E02000236,0.45965548504079784,0.32124508915080086,0.11453611362949531,0.10456331217890602,3309.0
225,E02000237,0.3989449390042862,0.31750741839762614,0.12001318826244642,0.1635344543356413,3033.0
226,E02000238,0.45235546038543895,0.21038543897216275,0.05620985010706638,0.2810492505353319,3736.0
227,E02000239,0.45476271765107545,0.2536701946056675,0.08023216114714919,0.2113349265961079,2929.0
228,E02000240,0.4503464203233256,0.19142930459327687,0.051321529381575574,0.3069027457018219,3897.0
229,E02000241,0.4707692307692308,0.21076923076923076,0.06692307692307692,0.25153846153846154,2600.0
230,E02000242,0.45629762438368443,0.2398027790228597,0.06947557149260421,0.23442402510085164,2231.0
231,E02000243,0.4394375199744327,0.19207414509427934,0.06263982102908278,0.3058485139022052,3129.0
232,E02000244,0.4540190735694823,0.18494550408719346,0.056198910081743866,0.3048365122615804,2936.0
233,E02000245,0.45408467501490757,0.1511627906976744,0.03935599284436494,0.35539654144305305,3354.0
234,E02000246,0.43550488599348536,0.21074918566775244,0.07947882736156352,0.2742671009771987,3070.0
235,E02000247,0.46788283658787255,0.18987667009249742,0.05369989722507708,0.2885405960945529,3892.0
236,E02000248,0.4610237537638006,0.15021746403479425,0.039143526262964204,0.34961525593844095,2989.0
237,E02000249,0.42258839684174393,0.19018194301407484,0.06316512186749056,0.3240645382766907,2913.0
238,E02000250,0.5316555249705073,0.2052693668895006,0.03617774282343689,0.22689736531655524,2543.0
239,E02000251,0.4240755310778914,0.24940991345397326,0.10818253343823761,0.2183320220298977,2542.0
240,E02000252,0.33741496598639453,0.07800453514739229,0.0163265306122449,0.5682539682539682,4410.0
241,E02000253,0.44516801250325605,0.14404792914821568,0.03047668663714509,0.3803073717113832,3839.0
242,E02000254,0.39233716475095787,0.2482758620689655,0.11762452107279693,0.2417624521072797,2610.0
243,E02000255,0.4899789029535865,0.15875527426160338,0.036128691983122366,0.31513713080168776,3792.0
244,E02000256,0.427471435668157,0.12493790362642822,0.029309488325881768,0.41828117237953305,4026.0
245,E02000258,0.4659746251441753,0.1311034217608612,0.023836985774702037,0.3790849673202614,2601.0
246,E02000259,0.5031315240083507,0.17995824634655533,0.03632567849686848,0.28058455114822545,2395.0
247,E02000260,0.36310820624546114,0.1793754538852578,0.07806826434277414,0.3794480755265069,2754.0
248,E02000261,0.361608040201005,0.08743718592964825,0.019296482412060303,0.5316582914572864,4975.0
249,E02000262,0.38139888494678154,0.08413583375570198,0.01469842878864673,0.5197668525088698,3946.0
250,E02000263,0.38123971475589685,0.16401535929786068,0.06171146461876029,0.3930334613274822,3646.0
251,E02000264,0.43889359300028224,0.13942986169912502,0.028789161727349702,0.392887383573243,3543.0
252,E02000265,0.42277625184872175,0.09296429326008873,0.012254384111557153,0.4720050707796324,4733.0
253,E02000266,0.43179702048417135,0.15130353817504655,0.05726256983240224,0.35963687150837986,4296.0
254,E02000267,0.49860205032618826,0.12581547064305684,0.01863932898415657,0.3569431500465983,3219.0
255,E02000268,0.463888169816205,0.13771680041418585,0.033393735438778153,0.36500129433083095,3863.0
256,E02000269,0.51952770208901,0.12927641537995763,0.023614895549500452,0.32758098698153193,3303.0
257,E02000270,0.37973760932944606,0.062439261418853254,0.01141885325558795,0.5464042759961127,4116.0
258,E02000271,0.5065502183406113,0.12730937185085656,0.019818609338259994,0.3463218004702721,2977.0
259,E02000272,0.547244094488189,0.16929133858267717,0.03543307086614173,0.24803149606299213,2540.0
260,E02000275,0.35732538330494035,0.16993185689948892,0.10945485519591142,0.36328790459965926,2348.0
261,E02000276,0.5106461086637298,0.10425844346549193,0.019823788546255508,0.36527165932452277,2724.0
262,E02000277,0.4248191853825657,0.2131709173962695,0.08488770460601447,0.27712219261515036,2627.0
263,E02000278,0.444743935309973,0.16921233902365979,0.056004791853848455,0.3300389338125187,3339.0
264,E02000279,0.4720271800679502,0.16693091732729332,0.044847112117780294,0.31619479048697624,4415.0
265,E02000280,0.463814825666569,0.21506006445941986,0.07207735130383827,0.24904775857017286,3413.0
266,E02000281,0.44704225352112675,0.19971830985915492,0.0819718309859155,0.2712676056338028,3550.0
267,E02000282,0.4216902220940294,0.14364003461205654,0.051052783386212865,0.38361695990770117,3467.0
268,E02000283,0.4357142857142857,0.22392857142857142,0.09071428571428572,0.24964285714285714,2800.0
269,E02000284,0.4987565625863498,0.17960762641613706,0.04393478861563968,0.27770102238187344,3619.0
270,E02000285,0.4479251423921888,0.2949552481692433,0.09967453213995119,0.15744507729861676,2458.0
271,E02000286,0.504123969007748,0.19995001249687577,0.052486878280429895,0.24343914021494625,4001.0
272,E02000287,0.38705186216498433,0.28994082840236685,0.14514444831186912,0.17786286112077968,2873.0
273,E02000288,0.4228966197878115,0.16753022452504318,0.05699481865284974,0.3525783370342956,4053.0
274,E02000289,0.4229183841714757,0.3322341302555647,0.12530915086562242,0.11953833470733718,2426.0
275,E02000290,0.43826915442635966,0.11393410083366415,0.03533148074632791,0.41246526399364825,2519.0
276,E02000291,0.4630484988452656,0.1346420323325635,0.036720554272517324,0.3655889145496536,4330.0
277,E02000292,0.47576351919305127,0.20790137293359484,0.060240963855421686,0.2560941440179322,3569.0
278,E02000293,0.4307507025291048,0.2926535527900442,0.11842633480529907,0.15816940987555198,2491.0
279,E02000294,0.4219053791315619,0.1931302657161374,0.07258587167854828,0.3123784834737524,3086.0
280,E02000295,0.4841791044776119,0.21492537313432836,0.07582089552238806,0.22507462686567165,3350.0
281,E02000296,0.4730064388311045,0.1602278355621595,0.04185240217929668,0.32491332342743934,4038.0
282,E02000297,0.4474820143884892,0.2650359712230216,0.10705035971223022,0.180431654676259,3475.0
283,E02000298,0.4656413612565445,0.25719895287958117,0.11681937172774869,0.16034031413612565,3056.0
284,E02000299,0.40404345202172604,0.13488231744115872,0.03741701870850935,0.42365721182860594,3314.0
285,E02000300,0.4171390463487829,0.1523841280426809,0.048349449816605536,0.3821273757919306,2999.0
286,E02000301,0.4121440085975282,0.1168726491133799,0.030360021493820527,0.44062332079527133,3722.0
287,E02000302,0.4576107899807322,0.23474630700064225,0.07964033397559409,0.22800256904303148,3114.0
288,E02000303,0.39260504201680674,0.13445378151260504,0.0453781512605042,0.42756302521008405,2975.0
289,E02000304,0.46288659793814435,0.2893470790378007,0.09243986254295533,0.15532646048109966,2910.0
290,E02000305,0.5015928178395598,0.17115551694178974,0.04025485085432957,0.2869968143643209,3453.0
291,E02000306,0.3606943218593704,0.09061488673139159,0.021771109149749928,0.526919682259488,3399.0
292,E02000307,0.4310499551301226,0.2034101106790308,0.07508226144181873,0.29045767274902784,3343.0
293,E02000308,0.46869187848729077,0.1398016119032858,0.042467451952882825,0.3490390576565406,3226.0
294,E02000309,0.41399197592778336,0.1171013039117352,0.025827482447342027,0.4430792377131394,3988.0
295,E02000311,0.44872147374209514,0.191091558977179,0.05196590596645587,0.30822106131427,3637.0
296,E02000312,0.44382647385984425,0.11946607341490545,0.030033370411568408,0.40667408231368185,4495.0
297,E02000313,0.4083204930662558,0.10015408320493066,0.02426810477657935,0.4672573189522342,2596.0
298,E02000314,0.4634038800705467,0.12985008818342153,0.030202821869488534,0.3765432098765432,4536.0
299,E02000315,0.4283667621776504,0.13581661891117477,0.026074498567335243,0.40974212034383956,3490.0
300,E02000317,0.40644932671863926,0.08894401133947555,0.014174344436569808,0.49043231750531535,2822.0
301,E02000318,0.39877129293493435,0.10834962301033231,0.02429488969561575,0.4685841943591176,3581.0
302,E02000319,0.425765306122449,0.10178571428571428,0.021683673469387755,0.45076530612244897,3920.0
303,E02000320,0.44366197183098594,0.14045383411580595,0.045774647887323945,0.3701095461658842,2556.0
304,E02000321,0.400946585530764,0.09060175794455713,0.014874915483434753,0.4935767410412441,2958.0
305,E02000323,0.34481327800829875,0.08257261410788382,0.022821576763485476,0.549792531120332,4820.0
306,E02000324,0.4159074982480729,0.1079187105816398,0.03328661527680449,0.4428871758934828,2854.0
307,E02000326,0.47998687664041995,0.10334645669291338,0.03313648293963255,0.3835301837270341,3048.0
308,E02000327,0.41865756541524457,0.07963594994311718,0.01782328403488813,0.4838832006067501,2637.0
309,E02000328,0.4497623896809233,0.10488798370672098,0.022742701968771217,0.4226069246435845,2946.0
310,E02000329,0.4358245329000812,0.16003249390739235,0.05077173030056864,0.35337124289195776,2462.0
311,E02000331,0.4568830354343054,0.12449043587331451,0.0370021950454688,0.3816243336469113,3189.0
312,E02000332,0.4894964988329443,0.1717239079693231,0.04868289429809937,0.2900966988996332,2999.0
313,E02000333,0.48976760319112034,0.12209503988900451,0.02844259451959764,0.3596947624002775,2883.0
314,E02000334,0.4911452184179457,0.19165682802046438,0.049586776859504134,0.2676111767020858,2541.0
315,E02000335,0.5046296296296297,0.20640432098765432,0.06018518518518518,0.22878086419753085,2592.0
316,E02000337,0.48670557717250323,0.16342412451361868,0.04701686121919585,0.3028534370946822,3084.0
317,E02000339,0.4617760617760618,0.16486486486486487,0.05868725868725869,0.31467181467181465,2590.0
318,E02000340,0.43940397350993377,0.16258278145695365,0.05927152317880795,0.3387417218543046,3020.0
319,E02000341,0.4639455782312925,0.1673469387755102,0.0391156462585034,0.3295918367346939,2940.0
320,E02000342,0.47950469684030744,0.1609735269000854,0.0444064901793339,0.3151152860802733,2342.0
321,E02000343,0.4474953617810761,0.21113172541743971,0.06753246753246753,0.2738404452690167,2695.0
322,E02000344,0.48447712418300654,0.24836601307189543,0.08619281045751634,0.1809640522875817,2448.0
323,E02000345,0.3781382773271533,0.058323677095403634,0.010428736964078795,0.5531093086133643,2589.0
324,E02000346,0.26189876605389073,0.03298917149332662,0.006295643414756988,0.6988164190380257,3971.0
325,E02000347,0.3763565891472868,0.03992248062015504,0.007751937984496124,0.575968992248062,2580.0
326,E02000348,0.33394562821454815,0.045554739162380606,0.004775900073475386,0.6157237325495959,2722.0
327,E02000350,0.3214189006227999,0.05063633901976713,0.015976171134578932,0.611968589222854,3693.0
328,E02000351,0.29992909477664853,0.03403450720869771,0.005199716379106594,0.6608366816355472,4231.0
329,E02000352,0.3728119180633147,0.04990689013035382,0.01005586592178771,0.5672253258845438,2685.0
330,E02000353,0.37072243346007605,0.04784537389100127,0.008871989860583017,0.5725602027883396,3156.0
331,E02000354,0.31687139633993483,0.04963650037603409,0.009275507646026573,0.6242165956380045,3989.0
332,E02000355,0.37090558766859344,0.0626204238921002,0.013166345536287732,0.5533076429030186,3114.0
333,E02000356,0.3691604050963737,0.03822280300555374,0.007513884351519112,0.5851029075465534,3061.0
334,E02000357,0.3171628077912532,0.04887908857037854,0.009187798603454611,0.6247703050349136,2721.0
335,E02000358,0.2842607973421927,0.03197674418604651,0.009343853820598007,0.6744186046511628,4816.0
336,E02000359,0.4128026261797292,0.05785802215839146,0.008206811653672548,0.5211325400082069,2437.0
337,E02000360,0.2903957131079967,0.031945589447650455,0.00494641384995878,0.6727122835943941,4852.0
338,E02000361,0.266721044045677,0.02528548123980424,0.002175095160413268,0.7058183795541055,3678.0
339,E02000362,0.34723707664884135,0.04670231729055258,0.0071301247771836,0.5989304812834224,2805.0
340,E02000363,0.28371988290925465,0.03422652555730691,0.004053141184417924,0.6780004503490205,4441.0
341,E02000364,0.31307955100048807,0.035383113714006834,0.007808687164470474,0.6437286481210347,4098.0
342,E02000366,0.35453774385072095,0.04834605597964377,0.009329940627650551,0.5877862595419847,3537.0
343,E02000367,0.28319547235524595,0.03395733565520244,0.006312581628210709,0.6765346103613409,4594.0
344,E02000368,0.29050144648023146,0.04243008678881389,0.008919961427193828,0.6581485053037609,4148.0
345,E02000369,0.263788159892056,0.029009951087873166,0.004553887670770787,0.7026480013493,5929.0
346,E02000370,0.2505637684790779,0.03132047105988474,0.0045101478326234025,0.7136056126284139,3991.0
347,E02000372,0.31604747162022706,0.05108359133126935,0.009029927760577915,0.6238390092879257,3876.0
348,E02000373,0.3433188805675995,0.04099329917225069,0.006700827749310209,0.6089869925108395,2537.0
349,E02000374,0.4048165137614679,0.07262996941896024,0.014908256880733946,0.5076452599388379,2616.0
350,E02000375,0.29453817557906775,0.03774663997712325,0.005719187875321705,0.6619959965684873,3497.0
351,E02000376,0.2800627943485086,0.043642072213500784,0.00816326530612245,0.6681318681318681,3185.0
352,E02000377,0.34899912967798086,0.0557006092254134,0.009573542210617928,0.5857267188859878,3447.0
353,E02000378,0.29098738849584743,0.034450938172869885,0.005229160258382036,0.6693325130729006,3251.0
354,E02000379,0.4413659793814433,0.08762886597938144,0.014175257731958763,0.4568298969072165,3104.0
355,E02000380,0.4167333867093675,0.07205764611689351,0.008807045636509208,0.5024019215372297,2498.0
356,E02000381,0.3555117000281928,0.05751339159853397,0.01240484916831125,0.574570059204962,3547.0
357,E02000382,0.3811756220699603,0.06599350883519654,0.009736747205192933,0.5430941218896502,2773.0
358,E02000383,0.28630503527122353,0.03356847482364388,0.006567745074191195,0.6735587448309414,4111.0
359,E02000384,0.28106120304701865,0.03677436301549777,0.0042027843446283165,0.6779616495928553,3807.0
360,E02000385,0.29333333333333333,0.04,0.004912280701754386,0.6617543859649123,2850.0
361,E02000386,0.28817587641117054,0.04426619132501485,0.007724301841948901,0.6598336304218657,3366.0
362,E02000387,0.3119443370699652,0.05450328565906455,0.010050251256281407,0.6235021260146888,2587.0
363,E02000388,0.3355104015481374,0.0440251572327044,0.007498790517658442,0.6129656507014998,4134.0
364,E02000389,0.4298531810766721,0.08156606851549755,0.016041326808047852,0.4725394235997825,3678.0
365,E02000390,0.3902169915410077,0.0776020595807282,0.011033468186833395,0.5211474806914307,2719.0
366,E02000391,0.39195367266077413,0.09966473636086559,0.01828710758914965,0.49009448338921063,3281.0
367,E02000392,0.37787676317743135,0.07547636723583272,0.011383320960158377,0.5352635486265775,4041.0
368,E02000393,0.446676970633694,0.0776661514683153,0.01777434312210201,0.4578825347758887,2588.0
369,E02000394,0.383571099861942,0.062356189599631844,0.010354348826507133,0.543718361711919,4346.0
370,E02000395,0.40643939393939393,0.10795454545454546,0.02727272727272727,0.4583333333333333,2640.0
371,E02000396,0.4330083062477429,0.09967497291440953,0.016612495485734922,0.4507042253521127,2769.0
372,E02000397,0.3778801843317972,0.06538018433179724,0.014112903225806451,0.5426267281105991,3472.0
373,E02000398,0.34432488719194726,0.06664352655328011,0.015272474835126693,0.573759111419646,2881.0
374,E02000400,0.46826923076923077,0.10576923076923077,0.023076923076923078,0.4028846153846154,3120.0
375,E02000401,0.41017359709325796,0.12232539362131611,0.023819136051675415,0.4436818732337505,2477.0
376,E02000402,0.40065952184666115,0.0976916735366859,0.021846661170651278,0.47980214344600164,2426.0
377,E02000403,0.3565217391304348,0.04882943143812709,0.011705685618729096,0.5829431438127091,2990.0
378,E02000404,0.3818454613653413,0.07426856714178545,0.01350337584396099,0.5303825956489122,2666.0
379,E02000405,0.5552396425670186,0.1478472786352559,0.026401299756295696,0.27051177904142976,2462.0
380,E02000406,0.35208012326656396,0.0724191063174114,0.013097072419106317,0.5624036979969184,2596.0
381,E02000407,0.3211314475873544,0.0519134775374376,0.009983361064891847,0.6169717138103161,3005.0
382,E02000408,0.32233333333333336,0.07233333333333333,0.014333333333333333,0.591,3000.0
383,E02000409,0.36988612399831294,0.07043441585828764,0.01433994095318431,0.5453395191902151,2371.0
384,E02000410,0.46633511859219584,0.1423106350420811,0.022953328232593728,0.3684009181331293,2614.0
385,E02000411,0.34868421052631576,0.05921052631578947,0.010374493927125507,0.5817307692307693,3952.0
386,E02000412,0.28013937282229967,0.060278745644599306,0.006968641114982578,0.6526132404181184,2870.0
387,E02000413,0.4841323430114787,0.14280891289669143,0.030047265361242404,0.34301147873058746,2962.0
388,E02000414,0.34216335540838855,0.07321559970566593,0.010669610007358351,0.5739514348785872,2718.0
389,E02000415,0.3340388007054674,0.06701940035273368,0.013051146384479718,0.5858906525573192,2835.0
390,E02000416,0.3990813983158969,0.05358509823934677,0.007910181168665476,0.5394233222760908,3919.0
391,E02000417,0.4609483960948396,0.12726638772663879,0.028242677824267783,0.38354253835425384,2868.0
392,E02000418,0.5317028985507246,0.13949275362318841,0.014945652173913044,0.3138586956521739,2208.0
393,E02000419,0.3176954732510288,0.04691358024691358,0.009876543209876543,0.6255144032921811,3645.0
394,E02000420,0.30762514551804426,0.05325960419091967,0.013678696158323633,0.6254365541327125,3436.0
395,E02000421,0.28844317096466093,0.04361668258516396,0.009869468322190385,0.6580706781279847,3141.0
396,E02000422,0.34014547973675097,0.058538275025978526,0.010391409767925183,0.5909248354693454,2887.0
397,E02000423,0.3102544910179641,0.050523952095808386,0.008982035928143712,0.6302395209580839,2672.0
398,E02000424,0.4329309188464118,0.07008718980549966,0.011401743796109993,0.48558014755197854,2982.0
399,E02000425,0.39435968562182155,0.08321775312066575,0.018030513176144243,0.5043920480813685,2163.0
400,E02000426,0.41187181354697744,0.1551347414420976,0.05462490895848507,0.3783685360524399,2746.0
