,GEOGRAPHY_CODE,Can read and write but cannot speak Welsh,Can read but cannot speak or write Welsh,Can speak and other combinations of skills in Welsh,Can speak and read but cannot write Welsh,Can speak but cannot read or write Welsh,"Can speak, read and write Welsh",Can understand spoken Welsh only,Can write but cannot speak or read Welsh,No skills in Welsh,Total: All usual residents aged 3 years and over
0,W02000001,0.009903411174960264,0.012837755226800342,0.007947181807066878,0.028487590169947428,0.06810123486978849,0.47206259933977257,0.09157598728450911,0.0023230223743733952,0.30676121775278153,1
1,W02000002,0.004172684962285347,0.010110736639383727,0.0060985395602632005,0.026640988605360294,0.05055368319691863,0.45000802439415827,0.0845771144278607,0.0012839030653185683,0.36655432514845127,1
2,W02000003,0.010808179162609542,0.018889970788704965,0.004868549172346641,0.04313534566699124,0.08149951314508276,0.2865628042843233,0.19133398247322297,0.0018500486854917235,0.3610516066212269,1
3,W02000004,0.007587253414264037,0.014898606704373017,0.0031728514277831426,0.03200441440198648,0.06911298110084149,0.39067457580355913,0.1269140571113257,0.0026210511794730307,0.353014208856394,1
4,W02000005,0.006613426503618667,0.01509857748939356,0.005739955078612428,0.036061891689543296,0.060019965061143,0.37846269029198903,0.11093087097579236,0.002869977539306214,0.38420264537060145,1
5,W02000006,0.009845701689933872,0.00822924320352682,0.012637766348273329,0.03629684055841293,0.06583394562821455,0.6340925789860397,0.08023512123438648,0.003085966201322557,0.14974283614988979,1
6,W02000007,0.007332036510549154,0.012269938650306749,0.006733502917851264,0.026634744875056113,0.0577584916953464,0.4731408050276822,0.09007930570103247,0.0026934011671405056,0.3233577734550352,1
7,W02000008,0.010291595197255575,0.014236706689536879,0.006689536878216123,0.035334476843910806,0.07221269296740995,0.5063464837049743,0.10857632933104631,0.002915951972555746,0.24339622641509434,1
8,W02000009,0.004984662576687116,0.009074642126789366,0.00843558282208589,0.029013292433537834,0.0596881390593047,0.5649284253578732,0.0815439672801636,0.0016615541922290389,0.24066973415132925,1
9,W02000010,0.006497341996455995,0.017365623154164206,0.0030714707619610157,0.01831069108092144,0.032486709982279975,0.229060838747785,0.07761370348493798,0.001299468399291199,0.6142941523922032,1
10,W02000011,0.010258311704362873,0.018662711654925227,0.006921270547521938,0.04103324681745149,0.07156099369670003,0.4014336917562724,0.139290569768879,0.004449388209121246,0.30638981584476577,1
11,W02000012,0.008164803416656199,0.012310011305112422,0.009420927019218692,0.03492023615123728,0.05828413515889964,0.60180881798769,0.07612109031528702,0.003014696646149981,0.19595528199974876,1
12,W02000013,0.012183392112856685,0.007053542802180186,0.0110612375761462,0.031099711445976275,0.05610772683552421,0.6665597948060276,0.0604360371914075,0.0036870791920487335,0.15181147803783263,1
13,W02000014,0.011427700746609782,0.012494286149626695,0.008380313880847173,0.028035959165016,0.0611001066585403,0.5820508913606582,0.07892731982325156,0.004266341612067652,0.2133170806033826,1
14,W02000015,0.012717045732452923,0.005258009293225728,0.014673514306676448,0.02922474932746393,0.07507948153582783,0.7045732452922475,0.06040596722915138,0.005624847150892639,0.09244314013206163,1
15,W02000016,0.00986895324381168,0.006795016987542469,0.010839669956317749,0.03203365151270021,0.05630156932535189,0.681766704416761,0.05484549425659278,0.003235722375020223,0.14431321792590196,1
16,W02000017,0.010063919488644091,0.009927920576635387,0.012239902080783354,0.027879776961784307,0.049775601795185635,0.659594723242214,0.056847545219638244,0.003535971712226302,0.1701346389228886,1
17,W02000018,0.012066621346023114,0.010027192386131882,0.012236573759347382,0.02821210061182869,0.051835486063902106,0.6515975526852481,0.04503738953093134,0.005268524813052345,0.18371855880353502,1
18,W02000019,0.008146326467875806,0.009068552105748539,0.008453735013833385,0.023670458038733477,0.056102059637257916,0.580848447586843,0.0645557946510913,0.00261297264063941,0.24654165385797724,1
19,W02000020,0.010926365795724466,0.007759303246239113,0.01330166270783848,0.028028503562945367,0.046872525732383215,0.6142517814726841,0.057007125890736345,0.005700712589073635,0.2161520190023753,1
20,W02000021,0.006879216827622702,0.006085461039820082,0.008731313665828813,0.023548088371477708,0.04497949464214843,0.6637121312342903,0.059531684085196455,0.0037041936764122237,0.18282841645720332,1
21,W02000022,0.0060695236343571825,0.008828398013610447,0.005701673717123414,0.021519220158175464,0.05076328857826007,0.4828030163693213,0.07393783336398749,0.002207099503402612,0.348169946661762,1
22,W02000023,0.002323330106485963,0.0069699903194578895,0.0027105517909002904,0.015101645692158761,0.036979670861568247,0.6170377541142305,0.057308809293320426,0.0025169409486931267,0.2590513068731849,1
23,W02000024,0.004318100035984167,0.012054695933789134,0.006477150053976251,0.023029866858582222,0.04785894206549118,0.6003958258366319,0.05199712126664268,0.0017992083483267362,0.2520690896005757,1
24,W02000025,0.008505670446964642,0.014342895263509006,0.005837224816544363,0.033855903935957304,0.058038692461641096,0.44179452968645766,0.09156104069379586,0.0021681120747164776,0.3438959306204136,1
25,W02000026,0.006710430342815463,0.012399708242159009,0.005981035740335521,0.026695842450765863,0.051787016776075855,0.3161196207148067,0.08723559445660102,0.0020423048869438365,0.4910284463894967,1
26,W02000027,0.007381413359148112,0.018635043562439498,0.0015730880929332044,0.011616650532429816,0.0255324298160697,0.12354791868344628,0.0925701839303001,0.0018151016456921588,0.7173281703775412,1
27,W02000028,0.009779951100244499,0.01971271393643032,0.002139364303178484,0.01619804400977995,0.029645476772616138,0.1393643031784841,0.09886919315403422,0.0018337408312958435,0.6824572127139364,1
28,W02000029,0.009396890483512728,0.018622928412779773,0.0032461985306680334,0.018793780967025456,0.03348710063215445,0.15120451050743208,0.09943618657098924,0.0018793780967025456,0.6639330257987357,1
29,W02000030,0.00781114389862871,0.018052421454608576,0.002430133657351154,0.016663773650407915,0.03107099461898976,0.11925013018573165,0.08765839264016664,0.002256552681826072,0.7148064572122895,1
30,W02000031,0.0048823234852278415,0.009764646970455683,0.0023785678517776665,0.009764646970455683,0.01614922383575363,0.08362543815723586,0.05370555833750626,0.0015022533800701052,0.8182273410115173,1
31,W02000032,0.00745721271393643,0.020171149144254278,0.0024449877750611247,0.019926650366748167,0.038386308068459656,0.1821515892420538,0.12053789731051345,0.0006112469437652812,0.6083129584352078,1
32,W02000033,0.007874015748031496,0.01470806715198336,0.002228495023027782,0.012776704798692617,0.028227603625018572,0.14247511513890954,0.0885455355816372,0.0026741940276333383,0.7004902689050662,1
33,W02000034,0.008802347292611363,0.018538276873833023,0.003067484662576687,0.01867164577220592,0.03200853560949587,0.16057615364097091,0.09322485996265671,0.0020005334755934918,0.663110162710056,1
34,W02000035,0.008681560365783077,0.02037272832503762,0.003241115869892349,0.018289153837249682,0.03171663386966084,0.14006250723463365,0.09399236022687811,0.0031253617316819074,0.6805185785391827,1
35,W02000036,0.007466763795301402,0.014205062830085595,0.0033691495173920963,0.0145692952103442,0.021398652340193045,0.15170278637770898,0.07038790748497542,0.003278091422327445,0.7136222910216719,1
36,W02000037,0.010079193664506839,0.01900647948164147,0.005039596832253419,0.025629949604031678,0.04535637149028078,0.1988480921526278,0.11936645068394529,0.0037437005039596834,0.572930165586753,1
37,W02000038,0.005766062602965404,0.017462932454695223,0.001812191103789127,0.02059308072487644,0.051894563426688634,0.2372322899505766,0.12504118616144974,0.002471169686985173,0.5377265238879736,1
38,W02000039,0.0066937918361989765,0.016800105000656256,0.0032812705079406745,0.02953143457146607,0.060375377346108414,0.2806142538390865,0.13295708098175613,0.0018375114844467778,0.4679091744323402,1
39,W02000040,0.004972804972804973,0.010878010878010878,0.003418803418803419,0.016006216006216007,0.04195804195804196,0.4955710955710956,0.07303807303807304,0.0010878010878010878,0.3530691530691531,1
40,W02000041,0.006746175159619323,0.0125286110107216,0.0027707505119865077,0.028189374774123598,0.060233706782315384,0.45235513793518856,0.10143356222141911,0.002529815684857246,0.3332128659197687,1
41,W02000042,0.005259467040673212,0.012096774193548387,0.002279102384291725,0.011921458625525946,0.018934081346423562,0.08993688639551192,0.054873772791023845,0.002279102384291725,0.8024193548387096,1
42,W02000043,0.004120879120879121,0.01805337519623234,0.0027472527472527475,0.012951334379905808,0.020800627943485087,0.11008634222919937,0.06554160125588697,0.002551020408163265,0.7631475667189953,1
43,W02000044,0.00578368999421631,0.01291690765374976,0.003084634663582032,0.010410641989589358,0.02197802197802198,0.12647002120686332,0.06111432427221901,0.002699055330634278,0.7555427029111239,1
44,W02000045,0.005309350958933795,0.009535160905840286,0.0014086033156354967,0.0076931411853938675,0.02069563332972153,0.08050709719362878,0.050059594755661505,0.0014086033156354967,0.8233828150395492,1
45,W02000047,0.009176029962546817,0.013295880149812735,0.0024344569288389513,0.006554307116104869,0.01947565543071161,0.0897003745318352,0.05093632958801498,0.003745318352059925,0.8046816479400749,1
46,W02000049,0.006334981458590853,0.0180778739184178,0.0020086526576019777,0.015451174289245983,0.030902348578491966,0.14199629171817058,0.08019159456118664,0.0020086526576019777,0.7030284301606922,1
47,W02000050,0.007391933151213241,0.01398039530772939,0.0027318013819701108,0.015265948899244737,0.030531897798489475,0.12502008677486742,0.07729390968986019,0.0019283303872730194,0.7258556966093525,1
48,W02000051,0.004829984544049459,0.014489953632148377,0.0007727975270479134,0.013330757341576507,0.03361669242658424,0.18624420401854713,0.0919629057187017,0.002511591962905719,0.652241112828439,1
49,W02000052,0.008893485005170631,0.01985522233712513,0.003929679420889349,0.014477766287487074,0.04343329886246122,0.21737331954498448,0.12595656670113753,0.002068252326783868,0.5640124095139607,1
50,W02000053,0.006148867313915857,0.017961165048543688,0.003236245954692557,0.024433656957928804,0.0412621359223301,0.3423948220064725,0.12362459546925567,0.0022653721682847896,0.43867313915857603,1
51,W02000054,0.006855040963049657,0.01722120046814914,0.002340745694699883,0.019896338404949004,0.03661595050994817,0.23340578498578832,0.09463300451429527,0.0008359806052499582,0.5881959538538706,1
52,W02000055,0.007607317514942945,0.01630139467487774,0.0034414055424741895,0.025357725049809817,0.04310813258467669,0.30628509328020287,0.11501539576163738,0.0027168991124796233,0.48016663647889873,1
53,W02000056,0.004347826086956522,0.013636363636363636,0.002569169960474308,0.021343873517786563,0.04881422924901186,0.3721343873517787,0.08715415019762845,0.0001976284584980237,0.449802371541502,1
54,W02000057,0.004438599375308236,0.020055893473614993,0.0021371034029261876,0.020220286043070853,0.04060496465559757,0.23853361828045372,0.08959395035344403,0.001643925694558606,0.5827716587210258,1
55,W02000058,0.0072231139646869984,0.011837881219903692,0.004213483146067416,0.012640449438202247,0.02949438202247191,0.125,0.06320224719101124,0.0022070626003210273,0.7441813804173355,1
56,W02000059,0.004855889724310777,0.01613408521303258,0.002506265664160401,0.011434837092731829,0.029291979949874685,0.11654135338345864,0.06782581453634086,0.002506265664160401,0.7489035087719298,1
57,W02000060,0.006932409012131715,0.015405353360292702,0.0018293857115347584,0.008761794723666474,0.02050837666088966,0.08684767956865011,0.04987483150394762,0.002021952628538417,0.8078182168303486,1
58,W02000061,0.0050477489768076395,0.012005457025920874,0.0020463847203274215,0.009822646657571623,0.017598908594815825,0.07871759890859481,0.04488403819918144,0.0020463847203274215,0.8278308321964529,1
59,W02000062,0.005213588967373024,0.016145307769929364,0.0008409014463504877,0.010427177934746047,0.020181634712411706,0.08711738984191053,0.0479313824419778,0.0011772620248906827,0.8109653548604103,1
60,W02000063,0.006674222390127188,0.017000377786173027,0.0022667170381564035,0.013096587331570332,0.023296814003274147,0.13335851907820173,0.07732023674600176,0.001511144692104269,0.7254753809343911,1
61,W02000064,0.002368064952638701,0.008964817320703653,0.0020297699594046007,0.0052435723951285524,0.013193504736129905,0.05412719891745602,0.038396481732070366,0.003044654939106901,0.8726319350473613,1
62,W02000065,0.006107954545454546,0.011505681818181818,0.001846590909090909,0.006534090909090909,0.013068181818181817,0.061221590909090906,0.03536931818181818,0.0011363636363636363,0.8632102272727272,1
63,W02000066,0.0036772431183021643,0.007144358058415633,0.000945576801849128,0.005673460811094768,0.013658331582265182,0.055158646774532465,0.03456608531204034,0.001891153603698256,0.8772851439378021,1
64,W02000067,0.005724615848147032,0.01340765290750226,0.0013558300692979813,0.00692979813196746,0.018077734257306417,0.06749020789394396,0.0346489906598373,0.001958421211208195,0.8504067490207894,1
65,W02000068,0.0041444641799881585,0.012038681665679889,0.0007894217485691731,0.006315373988553385,0.01322281428853365,0.048154726662719555,0.03414249062561674,0.0015788434971383462,0.8796131833432012,1
66,W02000069,0.004904364884747425,0.01978093836848128,0.0013078306359326467,0.00948177211051169,0.0196174595389897,0.09416380578715057,0.055255844368154325,0.0013078306359326467,0.7941801536700998,1
67,W02000070,0.006155029813425659,0.013752644739372957,0.0015387574533564147,0.008559338334295057,0.01577226389690325,0.07251394498942104,0.0447201384881708,0.0017311021350259665,0.8352567801500288,1
68,W02000071,0.005520848467238123,0.01903239866337353,0.0011622838878396049,0.010896411448496296,0.020485253523173035,0.09443556588696789,0.05651605404620078,0.0020339968037193083,0.7899171872729914,1
69,W02000072,0.003094059405940594,0.009282178217821782,0.0018564356435643563,0.006011315417256012,0.016265912305516265,0.0442008486562942,0.0297029702970297,0.0009724186704384724,0.8886138613861386,1
70,W02000073,0.006580279408787204,0.016501316055881756,0.003037052034824863,0.011135857461024499,0.022575420125531483,0.14709455355335088,0.05881757440777485,0.0023284065600323953,0.731929540392792,1
71,W02000074,0.005759162303664921,0.012984293193717278,0.0020942408376963353,0.009319371727748691,0.01832460732984293,0.07015706806282722,0.05005235602094241,0.0020942408376963353,0.8292146596858638,1
72,W02000075,0.006271104679208876,0.01463257758482071,0.0016079755587715067,0.008200675349734683,0.01897411159350378,0.0831323363884869,0.052902395883582566,0.0011255828911400547,0.813153240070751,1
73,W02000076,0.007695536588778509,0.019168882048411922,0.002798376941374003,0.011473345459633412,0.023926122848747726,0.11795158807891423,0.07513642087589198,0.0016790261648244019,0.7401707009934239,1
74,W02000077,0.007262286775882453,0.018577942915048135,0.0016889039013680122,0.009120081067387266,0.019084614085458536,0.09559196081742949,0.05759162303664921,0.0027022462421888195,0.7883803411585881,1
75,W02000080,0.007208387942332897,0.012844036697247707,0.00235910878112713,0.006946264744429882,0.01887287024901704,0.09030144167758847,0.05229357798165138,0.0030144167758846658,0.8061598951507208,1
76,W02000081,0.005239259517988124,0.01309814879497031,0.0013971358714634998,0.008033531260915125,0.019559902200488997,0.10094306671323786,0.04907439748515543,0.002619629758994062,0.8000349283967866,1
77,W02000082,0.007961138847658885,0.011739306436378357,0.002698691134799622,0.008770746188098772,0.01673188503575766,0.08487383618944812,0.04979085143705303,0.002158952907839698,0.8152745918229659,1
78,W02000083,0.006804345230989614,0.017786797182762326,0.002506864032469858,0.013608690461979229,0.02327802315864868,0.11233138355019696,0.06374597111137639,0.002387489554733198,0.7575504357168438,1
79,W02000085,0.00676605504587156,0.018922018348623854,0.0017201834862385322,0.008486238532110092,0.016169724770642203,0.08084862385321101,0.05584862385321101,0.0019495412844036698,0.8092889908256881,1
80,W02000087,0.005012150668286756,0.008657351154313488,0.0013669501822600244,0.005164034021871203,0.016707168894289186,0.06272782503037667,0.038578371810449576,0.002278250303766707,0.8595078979343864,1
81,W02000088,0.0070121226527216545,0.014499643451390539,0.0008319467554076539,0.006774423579748039,0.014618492987877348,0.09864511528405039,0.048966009032564775,0.0013073449013548846,0.8073449013548847,1
82,W02000089,0.005447282411330348,0.013557680668199975,0.00242101440503571,0.008836702578380342,0.016583948674494614,0.08667231570027842,0.043457208570390995,0.002663115845539281,0.8203607311463503,1
83,W02000090,0.008659570629622948,0.016417102651993504,0.0037885621504600395,0.013350171387335378,0.028504419989175536,0.12899152083709184,0.07757532022370557,0.0025257081003066933,0.7201876240303084,1
84,W02000091,0.00566383474929202,0.015492253873063468,0.0029985007496251873,0.011161086123604865,0.02465433949691821,0.10961186073629851,0.07279693486590039,0.0034982508745627187,0.7541229385307346,1
85,W02000092,0.008451137062077443,0.017516902274124155,0.00322679778733866,0.013214505224339274,0.0313460356484327,0.15334972341733252,0.08681622618315919,0.0035341118623232943,0.6825445605408728,1
86,W02000093,0.005169982766724111,0.016293279022403257,0.002036659877800407,0.008929970233432555,0.020523264922450258,0.0899263669121103,0.05232649224502585,0.0021933260222465924,0.8026006579978067,1
87,W02000094,0.009080325960419092,0.01629802095459837,0.0026775320139697323,0.010477299185098952,0.019674039580908034,0.08044237485448195,0.06437718277066357,0.0022118742724097787,0.7947613504074506,1
88,W02000095,0.0030356286946796613,0.01054481546572935,0.0015976993129892955,0.008787346221441126,0.01374021409170794,0.055280396229429624,0.03578846461096022,0.0012781594503914362,0.8699472759226714,1
89,W02000096,0.00475963826749167,0.01650007932730446,0.002379819133745835,0.011899095668729176,0.025384737426622242,0.11772171981596065,0.06869744566079644,0.0022211645248294463,0.7504363001745201,1
90,W02000097,0.005936675461741424,0.014291996481970097,0.002638522427440633,0.016160949868073878,0.04001759014951627,0.23065083553210203,0.08751099384344767,0.0008795074758135445,0.6019129287598944,1
91,W02000098,0.007036491572574047,0.015873015873015872,0.0016363933889707086,0.007036491572574047,0.017509409261986582,0.08901980036000655,0.059728358697430865,0.001145475372279496,0.8010145639011619,1
92,W02000099,0.007136208501396215,0.014117282035370772,0.001861619609059882,0.007601613403661185,0.021408625504188643,0.08175612783121315,0.05367669872789327,0.0023270245113248527,0.8101147998758921,1
93,W02000100,0.00726672171758877,0.014368290668868704,0.003633360858794385,0.02477291494632535,0.05284888521882741,0.40776218001651526,0.08109000825763832,0.0013212221304706854,0.4069364161849711,1
94,W02000101,0.004462625511342506,0.014131647452584604,0.002231312755671253,0.008925251022685012,0.015061361100780959,0.07344737820751208,0.05187802156935664,0.002231312755671253,0.8276310896243957,1
95,W02000102,0.005156353958749168,0.017298735861610112,0.002162341982701264,0.015801729873586162,0.03376580172987358,0.20691949434464404,0.08649367930805056,0.00083166999334664,0.6315701929474384,1
96,W02000103,0.0033681971281687645,0.01081368551675235,0.0014181882644921113,0.005850026591029959,0.018259173905335935,0.06789576316255982,0.05194114518702358,0.0012409147314305974,0.8392129055132069,1
97,W02000104,0.008131430467972121,0.015101228011948225,0.0014935280451377365,0.0086292731496847,0.02090939263192831,0.0940922668436774,0.05559243279123797,0.002489213408562894,0.7935612346498506,1
98,W02000105,0.008650170991752162,0.014282840474753571,0.002615167974250654,0.010259505129752565,0.02152484409575538,0.08489237577952122,0.05009052504526252,0.0018105009052504525,0.8058740696037014,1
99,W02000106,0.008208366219415944,0.02336227308602999,0.0011049723756906078,0.01499605367008682,0.03062352012628256,0.12438831886345698,0.08587213891081294,0.003472770323599053,0.7079715864246251,1
100,W02000107,0.003978640980002094,0.00879489058737305,0.001151711862632185,0.0051303528426342795,0.009946602450005235,0.05318814783792273,0.027641084703172444,0.0014658150978955084,0.8887027536383625,1
101,W02000108,0.006391137622496805,0.01562278085499219,0.0014202528049992898,0.009657719073995171,0.017469109501491265,0.07626757562846187,0.048146570089475926,0.0008521516829995739,0.8241727027410879,1
102,W02000109,0.006017505470459519,0.011670313639679067,0.0020058351568198397,0.008570386579139314,0.016229029905178702,0.07622173595915391,0.04139314369073669,0.0014587892049598833,0.8364332603938731,1
103,W02000110,0.005393258426966292,0.018277153558052435,0.0022471910112359553,0.00943820224719101,0.018726591760299626,0.10456928838951311,0.06382022471910112,0.002696629213483146,0.7748314606741573,1
104,W02000111,0.004102811632677688,0.011101725594304331,0.0016893930252202245,0.007240255822372391,0.013756486062507543,0.06081814890792808,0.044648244237963076,0.0012067093037287317,0.8554362254132979,1
105,W02000113,0.007458975634012929,0.01852312282446544,0.0021133764296369967,0.010069617105917455,0.014420686225758329,0.08229736449527598,0.04624564893088016,0.0007458975634012929,0.8181253107906514,1
106,W02000114,0.006171025565677344,0.014399059653247136,0.0014692918013517484,0.007199529826623568,0.017043784895680283,0.07757860711137232,0.04393182486041728,0.0016162209814869232,0.8305906553041434,1
107,W02000116,0.007644197359277276,0.018068102849200834,0.004447533009034051,0.029186935371785964,0.054204308547602505,0.40833912439193887,0.09742876997915219,0.0016678248783877692,0.37901320361362056,1
108,W02000117,0.005853878194303727,0.01868738038950805,0.0021389170325340537,0.015422717550377125,0.02352808735787459,0.21434200157604413,0.05279747832939322,0.0013508949679162446,0.6658786446020488,1
109,W02000118,0.010975027835215524,0.021950055670431047,0.004930809607125815,0.023222522665818354,0.0475584539526006,0.25497057420073166,0.11547637983139812,0.0033402258628916813,0.5175759503737872,1
110,W02000120,0.00738702201622248,0.014049826187717265,0.004924681344148319,0.028534183082271146,0.04982618771726535,0.43757242178447275,0.08647161066048667,0.002607184241019699,0.3686268829663963,1
111,W02000122,0.005505181347150259,0.012629533678756476,0.0021049222797927462,0.0234779792746114,0.04549870466321244,0.38390544041450775,0.08484455958549222,0.0011334196891191709,0.4409002590673575,1
112,W02000123,0.008265564591387815,0.014531395813891481,0.006932409012131715,0.03066257832289028,0.05532595653912812,0.40527929609385416,0.07199040127982935,0.001999733368884149,0.4050126649780029,1
113,W02000124,0.00803877526894432,0.015722898687788155,0.005674429601607755,0.02860858257477243,0.06880245891949403,0.3824329116916893,0.10237616739567325,0.002364345667336565,0.38597943019269415,1
114,W02000125,0.00672984480153825,0.013871720917456393,0.006455157258618322,0.02911687954951243,0.05205328938332646,0.42027194066749074,0.07375360527400082,0.002334844114819393,0.3954127180332372,1
115,W02000126,0.00833436994651076,0.013185719616867769,0.003607413857444956,0.026371439233735538,0.052867272048762286,0.41149396691130735,0.07525811668117925,0.0018659037193680806,0.40701579798482396,1
116,W02000127,0.007331066723331917,0.01997450063748406,0.003399915002124947,0.026561835954101148,0.053123671908202295,0.25106247343816407,0.10784105397365065,0.0008499787505312367,0.5298555036124097,1
117,W02000128,0.0060563380281690145,0.01887323943661972,0.002676056338028169,0.023802816901408452,0.05,0.2080281690140845,0.10830985915492958,0.0005633802816901409,0.5816901408450704,1
118,W02000129,0.006116642958748222,0.013940256045519203,0.002844950213371266,0.020341394025604552,0.04011379800853485,0.23200568990042675,0.07994310099573257,0.001422475106685633,0.603271692745377,1
119,W02000130,0.006343803187374285,0.013151787095775955,0.00139254216308216,0.012223425653721183,0.02228067460931456,0.0813863530868018,0.05585641343029553,0.0017019959771004177,0.8056630047965341,1
120,W02000131,0.005720823798627002,0.012585812356979404,0.002860411899313501,0.010440503432494279,0.024170480549199083,0.08881578947368421,0.0642162471395881,0.002145308924485126,0.7890446224256293,1
121,W02000132,0.005564504319812564,0.013032654854297847,0.002050080538878313,0.013325523502709035,0.02899399619270757,0.1461414555571826,0.07848879777419827,0.0010250402694391566,0.7113779469907746,1
122,W02000133,0.004934616333580064,0.011719713792252652,0.0019738465334320256,0.011226252158894647,0.023439427584505304,0.08709597828768813,0.05502097211941771,0.0013570194917345176,0.803232173698495,1
123,W02000134,0.004794688959921318,0.011802311285960166,0.0024588148512417014,0.00848291123678387,0.015859355790508976,0.0641750676174084,0.04745512662896484,0.0014752889107450208,0.8434964347184657,1
124,W02000135,0.003372681281618887,0.007307476110174255,0.0019673974142776843,0.007869589657110737,0.016160764474423835,0.0602866779089376,0.04145587408656549,0.0011242270938729624,0.8604553119730185,1
125,W02000136,0.0035613410291047524,0.012403291170330346,0.0035613410291047524,0.007122682058209505,0.018052314871668917,0.08068279503868353,0.05464816406729706,0.0015964632199435098,0.8183716075156576,1
126,W02000137,0.005012531328320802,0.007518796992481203,0.0006961849067112225,0.006404901141743247,0.016847674742411584,0.047619047619047616,0.03634085213032581,0.001113895850737956,0.8784461152882206,1
127,W02000138,0.0028858486532706284,0.012505344164172724,0.0012825994014536127,0.005985463873450192,0.015284309533988884,0.052907225309961524,0.037943565626336044,0.001923899102180419,0.869281744335186,1
128,W02000139,0.004626569729015202,0.013615333773959022,0.0009253139458030404,0.005287508261731659,0.014805023132848646,0.07693324520819564,0.04560475875743556,0.0010575016523463319,0.8371447455386649,1
129,W02000140,0.003402324922030054,0.010206974766090162,0.0011341083073433513,0.0066628863056421885,0.01318400907286646,0.06081655798128721,0.03941026368018146,0.0007088176920895946,0.8644740572724695,1
130,W02000141,0.0049261083743842365,0.011259676284306826,0.0008796622097114708,0.00809289232934553,0.016713581984517945,0.0934201266713582,0.04415904292751583,0.001055594651653765,0.8194933145672062,1
131,W02000142,0.011294204776893168,0.011664506572856878,0.008702092205147194,0.026476578411405296,0.060174041844102945,0.4299203851138678,0.0764673208665062,0.004073319755600814,0.3712275504536197,1
132,W02000143,0.005125388980413692,0.019037159070108,0.0023796448837635,0.025077796082738423,0.05216913783635365,0.32198425773384587,0.09408749771187992,0.0007321984257733846,0.4794069192751236,1
133,W02000144,0.004697356059589317,0.013555227486243457,0.005502617098376057,0.027781505838142533,0.0460340893839753,0.3846463561937995,0.070728761240102,0.0021473627700979736,0.44490672392967384,1
134,W02000145,0.005179110919292188,0.015393468565674005,0.003884333189469141,0.02920443101711984,0.05495612142137822,0.3687239246151633,0.09883470004315925,0.0021579628830384117,0.42166594734570567,1
135,W02000146,0.005159474671669793,0.01594746716697936,0.003283302063789869,0.027986241400875547,0.047529706066291436,0.42213883677298314,0.08583489681050657,0.001876172607879925,0.3902439024390244,1
136,W02000147,0.007411907654921021,0.017253948967193195,0.004009720534629405,0.02490886998784933,0.04690157958687728,0.3204131227217497,0.11287970838396112,0.0010935601458080195,0.46512758201701093,1
137,W02000148,0.008858267716535433,0.01909448818897638,0.005118110236220472,0.028346456692913385,0.05059055118110236,0.25826771653543307,0.1204724409448819,0.0033464566929133858,0.5059055118110236,1
138,W02000149,0.0068525896414342626,0.01450199203187251,0.004940239043824702,0.030916334661354582,0.060398406374501994,0.30151394422310757,0.12318725099601593,0.0015936254980079682,0.4560956175298805,1
139,W02000151,0.006137536615985493,0.009624773329613614,0.005161110336169619,0.037243688101548336,0.08578602315525177,0.4041009903752267,0.09359743339377877,0.003487236713628121,0.3548612079787976,1
140,W02000152,0.007007958189808766,0.015203705903313932,0.006176505523221285,0.044185770281506116,0.07934434018291958,0.365007720631904,0.12697470008314526,0.0020192421902838816,0.35408005701389716,1
141,W02000153,0.007449450159631075,0.014307674116116826,0.004848054865791652,0.03310866737613811,0.05817665838949982,0.398604706160577,0.091403571006267,0.0017736786094359701,0.3903275393165425,1
142,W02000154,0.008016822184255487,0.017479300827966882,0.003942699434879748,0.039164147719805496,0.08792219739781837,0.35050597976080955,0.12945196477855173,0.001577079773951899,0.36193980812196086,1
143,W02000156,0.007203907203907204,0.010866910866910866,0.004395604395604396,0.0431013431013431,0.0778998778998779,0.442002442002442,0.10366300366300367,0.0004884004884004884,0.3103785103785104,1
144,W02000157,0.0034711587544665645,0.010617662072485962,0.004492087799897907,0.029811128126595202,0.07115875446656457,0.47585502807554875,0.09280245022970904,0.0018376722817764165,0.3099540581929556,1
145,W02000158,0.007717944220312226,0.015260480617435538,0.004034379933345027,0.029643922118926504,0.07332047009296615,0.28872127696895283,0.1255920014032626,0.0036835642869671986,0.45202596035783194,1
146,W02000159,0.005453644025780862,0.015699884316641877,0.0026441910428028426,0.028094529829780203,0.08163939844653777,0.29383572963146587,0.13138324243926625,0.0031399768633283754,0.43810940340439597,1
147,W02000160,0.007242489270386266,0.019313304721030045,0.004157725321888412,0.025482832618025753,0.05244098712446352,0.2624731759656652,0.1290236051502146,0.002145922746781116,0.49771995708154504,1
148,W02000161,0.011685482273717568,0.0184194890077243,0.003367003367003367,0.015448603683897801,0.04971281441869677,0.1774608833432363,0.13269954446425034,0.0017825311942959,0.5894236482471776,1
149,W02000162,0.007320099255583127,0.02121588089330025,0.003101736972704715,0.023449131513647643,0.04801488833746898,0.21898263027295287,0.11898263027295285,0.0023573200992555833,0.556575682382134,1
150,W02000163,0.008687258687258687,0.02027027027027027,0.004054054054054054,0.016409266409266408,0.04517374517374517,0.1947876447876448,0.1252895752895753,0.0023166023166023165,0.583011583011583,1
151,W02000164,0.006923289947382997,0.02118526723899197,0.0030462475768485184,0.021323733037939628,0.04943229022431459,0.22916089725837718,0.13306563278870118,0.003323179174743838,0.5325394627527,1
152,W02000165,0.010023492560689115,0.019890368050117464,0.0028191072826938136,0.017384494909945186,0.042286609240407204,0.14346123727486296,0.1091620986687549,0.0023492560689115116,0.6526233359436179,1
153,W02000166,0.007933809361895047,0.01643431939249688,0.00260682307605123,0.01711436019494503,0.03898900600702709,0.17964411198005215,0.12161396350447694,0.0022668026748271564,0.6133968038082285,1
154,W02000167,0.0063431333064840915,0.0171163914619412,0.0025171163914619412,0.016411598872331856,0.03433346757954088,0.1342126459927507,0.1008860249697946,0.0018123238018525976,0.6863672976238421,1
155,W02000168,0.005202585527352988,0.018130222292290714,0.002364811603342267,0.01655368122339587,0.03736402333280782,0.19722528771874506,0.09679962163014347,0.0014188869620053602,0.6249408797099164,1
156,W02000169,0.008895394662763203,0.016664790001126,0.0028149983110010135,0.015763990541605676,0.03107758135345119,0.16495890102465938,0.07983335209998874,0.0011259993244004053,0.6788649926810044,1
157,W02000170,0.007190852292820936,0.01485323588353177,0.001650359542614641,0.009548508782270423,0.01815395496876105,0.08911941530119062,0.05328303666155841,0.002357656489449487,0.8038429800778026,1
158,W02000171,0.005374374007572982,0.01551239770367656,0.0007328691828508611,0.01087089287895444,0.02088677171124954,0.12312202271894467,0.06717967509466227,0.0006107243190423843,0.7557102723830463,1
159,W02000172,0.004534918875340119,0.016023380026201753,0.0007054318250529074,0.013100876750982565,0.02398468205179885,0.09614028015721052,0.0638919681547919,0.0017131915751284893,0.7799052705834929,1
160,W02000173,0.006507027589796981,0.014836022904737116,0.001041124414367517,0.008719416970327954,0.015226444560124935,0.10866736074960957,0.060515356585111924,0.0014315460697553357,0.7830557001561687,1
161,W02000174,0.005129849310676499,0.02009190980014962,0.0022443090734209684,0.011862776530939404,0.02693170888105162,0.11969648391578497,0.07534466175056108,0.0017099497702254996,0.7369883509671903,1
162,W02000175,0.005328845884167719,0.014864675361099425,0.0016827934371055953,0.007572570466975179,0.012761183564717431,0.07656710138830458,0.04515495722900014,0.0007011639321273314,0.8353667087365025,1
163,W02000176,0.004601932811780948,0.012770363552692131,0.0012655315232397606,0.006557754256787851,0.01369075011504832,0.0713299585826047,0.0441785549930971,0.001150483202945237,0.8444546709618039,1
164,W02000177,0.004722550177095631,0.017857142857142856,0.0008854781582054309,0.009002361275088548,0.0172668240850059,0.10404368358913814,0.04619244391971665,0.0007378984651711924,0.7992916174734357,1
165,W02000178,0.006503488234598558,0.009223128769067045,0.0008277166844034528,0.003665602459501005,0.011706278822277403,0.0575854321863545,0.03228095069173466,0.0018919238500650349,0.8763154783019983,1
166,W02000179,0.004740834386852086,0.01706700379266751,0.0014222503160556258,0.012010113780025285,0.01801517067003793,0.08675726927939317,0.05609987357774968,0.0015802781289506952,0.802307206068268,1
167,W02000180,0.004010868158882132,0.010350627506792599,0.0007762970630094449,0.007892353473929357,0.011385690257471858,0.06689093026264717,0.03532151636692975,0.0015525941260188898,0.8618191227843188,1
168,W02000181,0.0037831021437578815,0.009387697912288077,0.0018214936247723133,0.00574471066274345,0.014011489421325487,0.058287795992714025,0.04175423847554995,0.001120919153706039,0.8640885526131428,1
169,W02000182,0.005071967100753941,0.015078821110349555,0.00041124057573680605,0.005894448252227553,0.009458533241946539,0.05071967100753941,0.035366689513365315,0.0015078821110349554,0.8764907470870459,1
170,W02000183,0.006771096513390602,0.014350682162708439,0.0013137948458817584,0.006265790803436079,0.010813542193026781,0.05002526528549773,0.031733198585144014,0.001010611419909045,0.8777160181910055,1
171,W02000184,0.004405286343612335,0.014886829712896855,0.0019747835333434605,0.007899134133373842,0.010785356220568131,0.07564939996961871,0.04344523773355613,0.0012152514051344372,0.8397387209478961,1
172,W02000185,0.006493506493506494,0.018262987012987012,0.0010146103896103895,0.009334415584415584,0.026379870129870128,0.08116883116883117,0.06676136363636363,0.00040584415584415587,0.7901785714285714,1
173,W02000186,0.005022721836881129,0.009447500597943076,0.0019134178426213825,0.005381487682372638,0.010523798134417603,0.03790959100693614,0.03671370485529778,0.0016742406122937097,0.8914135374312365,1
174,W02000188,0.005237608584568216,0.010219724067450179,0.001660705160960654,0.006515074092999489,0.011369443025038324,0.053270311701584055,0.03168114460909555,0.002682677567705672,0.8773633111905978,1
175,W02000189,0.005712866368604074,0.015027322404371584,0.0018628912071535022,0.009438648782911079,0.01366120218579235,0.0793591654247392,0.042473919523099854,0.0012419274714356682,0.8312220566318927,1
176,W02000191,0.006045105789351314,0.01929783771215996,0.0010462683096954196,0.00906765868402697,0.011973959544292026,0.10160427807486631,0.03999069983724715,0.0010462683096954196,0.8099279237386654,1
177,W02000192,0.0052637473401276735,0.015455258147608914,0.0,0.006271698958449995,0.0081756075708366,0.053085451898308884,0.03471833351999104,0.0015679247396124987,0.8754619778250644,1
178,W02000193,0.005175388154111558,0.01633122484186314,0.00046003450258769407,0.006440483036227717,0.009200690051753882,0.08257619321449108,0.033237492811960895,0.0009200690051753881,0.8456584243818286,1
179,W02000194,0.006398252184769039,0.018882646691635457,0.001560549313358302,0.008739076154806492,0.016697877652933832,0.10783395755305868,0.04088639200998752,0.0012484394506866417,0.797752808988764,1
180,W02000195,0.006144662921348315,0.018082865168539325,0.0017556179775280898,0.008251404494382022,0.014044943820224719,0.09023876404494383,0.05038623595505618,0.0012289325842696629,0.8098665730337079,1
181,W02000196,0.005047215890589384,0.016932595245848257,0.001465320742429176,0.01090849886030609,0.014978834255942689,0.08270921523933572,0.04802995766851188,0.001465320742429176,0.8184630413546076,1
182,W02000197,0.0053655264922870555,0.018108651911468814,0.0015090543259557343,0.007545271629778672,0.015593561368209255,0.07545271629778671,0.051140174379611,0.002347417840375587,0.8229376257545271,1
183,W02000198,0.006035087719298246,0.016,0.0012631578947368421,0.007298245614035088,0.017403508771929824,0.09459649122807018,0.05052631578947368,0.0014035087719298245,0.8054736842105263,1
184,W02000200,0.005604483586869495,0.018614891913530825,0.0028022417934347476,0.018014411529223378,0.030624499599679743,0.13650920736589273,0.09347477982385909,0.0,0.69435548438751,1
185,W02000201,0.006213592233009709,0.02174757281553398,0.002330097087378641,0.011650485436893204,0.0229126213592233,0.1258252427184466,0.06388349514563106,0.0017475728155339806,0.7436893203883496,1
186,W02000202,0.006014170374031966,0.0196078431372549,0.0013181743285549513,0.018619212390838687,0.04325259515570934,0.18932278793870488,0.1001812489701763,0.001071016641950898,0.620612951062778,1
187,W02000204,0.0074418604651162795,0.02496124031007752,0.0013953488372093023,0.007131782945736434,0.01565891472868217,0.09534883720930233,0.06465116279069767,0.0013953488372093023,0.782015503875969,1
188,W02000205,0.006779661016949152,0.018911685994647636,0.0014272970561998216,0.007671721677074041,0.01944692239072257,0.07564674397859054,0.05905441570026762,0.0010704727921498661,0.8099910793933988,1
189,W02000206,0.005760548030515336,0.017904406040790907,0.0012455238984898022,0.0077845243655612646,0.014946286781877626,0.0639887902849136,0.04592869375681146,0.0012455238984898022,0.8411957029425502,1
190,W02000207,0.0037167449139280124,0.01917057902973396,0.001564945226917058,0.008411580594679186,0.017018779342723004,0.0782472613458529,0.056924882629107984,0.000782472613458529,0.8141627543035994,1
191,W02000208,0.00453808752025932,0.013776337115072933,0.00048622366288492705,0.006158833063209076,0.013047001620745543,0.0780388978930308,0.04205834683954619,0.0008103727714748784,0.8410858995137763,1
192,W02000210,0.005842096478050409,0.012518778167250876,0.0015022533800701052,0.006676681689200467,0.0156902019696211,0.06559839759639459,0.04089467534635286,0.0018360874645301285,0.8494408279085295,1
193,W02000211,0.005049833887043189,0.013687707641196013,0.0014617940199335548,0.006910299003322259,0.011960132890365448,0.07122923588039867,0.03986710963455149,0.00132890365448505,0.8485049833887043,1
194,W02000212,0.006921336350326102,0.019566085451883403,0.0010648209769732464,0.010648209769732464,0.01996539331824837,0.09476906695061893,0.06215892453081326,0.0018634367097031812,0.7830427259417011,1
195,W02000213,0.006083650190114068,0.021749049429657795,0.001064638783269962,0.005931558935361216,0.013688212927756654,0.06494296577946768,0.041977186311787075,0.0013688212927756654,0.8431939163498099,1
196,W02000214,0.004471414883423826,0.009900990099009901,0.0009581603321622484,0.00500372617906952,0.012988395613754923,0.05248589375066539,0.03832641328648994,0.0011710848504205259,0.8746939210050038,1
197,W02000215,0.005232177894048398,0.011881403967734903,0.000763025942882058,0.005014170481796381,0.009701329845214737,0.050468715936341835,0.039568345323741004,0.000763025942882058,0.8766078046653586,1
