,GEOGRAPHY_CODE,No second address,Second address is in the UK,Second address is outside the UK,Total: All usual residents
0,E02000001,0.8088081090527788,0.10194570662938367,0.08924618431783758,1
1,E02000002,0.9723530121936497,0.01786792225039237,0.009779065555957986,1
2,E02000003,0.9565933113845088,0.021313463871079536,0.022093224744411714,1
3,E02000004,0.9751506024096386,0.017620481927710843,0.007228915662650603,1
4,E02000005,0.9680563075257174,0.017505865367262227,0.014437827107020393,1
5,E02000007,0.9704782523125369,0.018697106868726627,0.01082464081873647,1
6,E02000008,0.9758490566037736,0.015018867924528301,0.009132075471698113,1
7,E02000009,0.966728855721393,0.017801616915422886,0.01546952736318408,1
8,E02000010,0.9743806009488666,0.014549288350026357,0.01107011070110701,1
9,E02000011,0.9677144076233821,0.015929455269520693,0.01635613710709714,1
10,E02000012,0.9684649465728433,0.01746155850925202,0.014073494917904612,1
11,E02000013,0.969993615662907,0.016067248350712916,0.01393913598638008,1
12,E02000014,0.9720223010643689,0.015306639635073492,0.012671059300557527,1
13,E02000015,0.9713139662088246,0.019448158502491795,0.009237875288683603,1
14,E02000016,0.9656510219530658,0.018925056775170326,0.015423921271763815,1
15,E02000017,0.9648527318515274,0.016095477937150993,0.01905179021132158,1
16,E02000018,0.9724664991624791,0.015180067001675042,0.012353433835845896,1
17,E02000019,0.9696781537824692,0.016868467349684363,0.013453378867846425,1
18,E02000020,0.9668445393098541,0.01728922091782284,0.015866239772323015,1
19,E02000021,0.9724854435437835,0.014727708642539103,0.01278684781367736,1
20,E02000022,0.9688670714377987,0.02105671101924816,0.010076217542953106,1
21,E02000023,0.9734380845491957,0.016835016835016835,0.009726898615787506,1
22,E02000024,0.9454847338806384,0.031085693201734158,0.023429572917627525,1
23,E02000025,0.9540899557212771,0.025168958284782102,0.020741085993940808,1
24,E02000026,0.9574105621805792,0.02555366269165247,0.017035775127768313,1
25,E02000027,0.9669327251995439,0.020317197056079612,0.01275007774437649,1
26,E02000028,0.9550045913682277,0.02785430058157331,0.017141108050198958,1
27,E02000029,0.9663153544120686,0.01932217400289316,0.014362471585038231,1
28,E02000030,0.9507243311832505,0.021359839272496562,0.027915829544252934,1
29,E02000031,0.9511463209698716,0.02796783099267795,0.020885848037450486,1
30,E02000032,0.9609522609900492,0.017886383675525884,0.02116135533442499,1
31,E02000033,0.9596266306792622,0.025303643724696356,0.015069725596041385,1
32,E02000034,0.9566413557829867,0.021899416749202157,0.02145922746781116,1
33,E02000035,0.9451348182883939,0.0264947245017585,0.028370457209847596,1
34,E02000036,0.9628246175738171,0.01689790110281039,0.020277481323372464,1
35,E02000037,0.9607752653437933,0.020396862021227504,0.018827872634979235,1
36,E02000038,0.9451441365799048,0.02742793171004758,0.02742793171004758,1
37,E02000039,0.94921875,0.0234375,0.02734375,1
38,E02000040,0.9342306850514336,0.032063908951630554,0.033705405996935875,1
39,E02000041,0.9609730301427816,0.017451084082496033,0.02157588577472237,1
40,E02000042,0.9491305476252271,0.02751103036594861,0.023358422008824292,1
41,E02000043,0.9482166446499339,0.026816380449141346,0.024966974900924702,1
42,E02000044,0.966644052464948,0.016508367254635913,0.0168475802804161,1
43,E02000045,0.956282075651017,0.02604067667743775,0.017677247671545333,1
44,E02000046,0.9442688882505027,0.027291008330939386,0.028440103418557884,1
45,E02000047,0.9576510446075663,0.022182786157941437,0.020166169234492215,1
46,E02000048,0.9456384323640961,0.025381697948069628,0.028979869687834288,1
47,E02000049,0.9616407140144322,0.021173566274211925,0.01718571971135587,1
48,E02000050,0.946906918481403,0.028425515513586432,0.024667566005010598,1
49,E02000051,0.9395196506550219,0.02609170305676856,0.034388646288209604,1
50,E02000052,0.9442583003350594,0.03249060818357194,0.023251091481368665,1
51,E02000054,0.939195387236273,0.030926484078102476,0.029878128685624426,1
52,E02000055,0.9192461840197834,0.03683806600153492,0.043915749978681674,1
53,E02000056,0.9184008762322016,0.036801752464403065,0.0447973713033954,1
54,E02000057,0.9479595657057281,0.02558342693123674,0.02645700736303507,1
55,E02000058,0.9442706296441142,0.023464998044583497,0.03226437231130231,1
56,E02000059,0.952004128677103,0.02072939962153793,0.027266471701359023,1
57,E02000060,0.9584703235853954,0.019120955182557537,0.02240872123204707,1
58,E02000061,0.9102671618545585,0.04145201868934947,0.04828081945609201,1
59,E02000062,0.9619143432020696,0.01882724920954297,0.01925840758838747,1
60,E02000063,0.9512130801687764,0.01595464135021097,0.03283227848101266,1
61,E02000064,0.9265477439664218,0.03927447159346425,0.03417778444011393,1
62,E02000065,0.9681220540808733,0.016745224510047136,0.015132721409079633,1
63,E02000066,0.9658536585365853,0.021633085896076352,0.012513255567338281,1
64,E02000067,0.9614895904603655,0.026879092952790538,0.011631316586843906,1
65,E02000068,0.9663690840161429,0.023113611348905466,0.010517304634951694,1
66,E02000069,0.9631170271769274,0.02689961175818081,0.009983361064891847,1
67,E02000070,0.9707804216496116,0.019356429540130688,0.009863148810257676,1
68,E02000071,0.9742019543973941,0.01941368078175896,0.006384364820846905,1
69,E02000072,0.9703652120086661,0.019962859795728878,0.009671928195605075,1
70,E02000073,0.972310274100317,0.01836658586611971,0.009323140033563304,1
71,E02000074,0.9746049661399548,0.02054176072234763,0.0048532731376975165,1
72,E02000075,0.9719509140996744,0.021036814425244178,0.007012271475081392,1
73,E02000077,0.9685426394691571,0.02150405505038093,0.00995330548046203,1
74,E02000078,0.9728980209252489,0.017017521744611117,0.010084457330139922,1
75,E02000079,0.966248574686431,0.02314709236031927,0.010604332953249715,1
76,E02000080,0.9725809656268627,0.018875422213391616,0.00854361215974568,1
77,E02000081,0.9674933782807609,0.02155068625090296,0.010955935468336142,1
78,E02000082,0.9698917818493518,0.0207864566591664,0.00932176149148184,1
79,E02000083,0.9688553682342502,0.022892635314995562,0.008251996450754214,1
80,E02000084,0.9650859353909835,0.024385854404751193,0.010528210204265274,1
81,E02000085,0.9667085427135679,0.02399497487437186,0.0092964824120603,1
82,E02000086,0.9701825275184618,0.02243277135293298,0.007384701128605267,1
83,E02000087,0.9630892922402241,0.023632598367645266,0.013278109392130588,1
84,E02000088,0.9599896747547755,0.03252452245740836,0.0074858027878162104,1
85,E02000089,0.9684839242597535,0.024272461558012454,0.0072436141822340835,1
86,E02000090,0.9234439834024897,0.06607883817427386,0.010477178423236514,1
87,E02000091,0.9524793388429752,0.03886265249901614,0.008658008658008658,1
88,E02000092,0.9671354552183568,0.02442635085122132,0.00843819393042191,1
89,E02000093,0.9569756672560411,0.016923465521596362,0.02610086722236255,1
90,E02000094,0.9584010710528832,0.017117720187434255,0.02448120875968251,1
91,E02000095,0.9555491826785202,0.01892744479495268,0.025523372526527102,1
92,E02000096,0.9593868727892048,0.018079392113192715,0.022533735097602516,1
93,E02000097,0.9616030214015946,0.01531682752832564,0.02308015107007973,1
94,E02000098,0.9562979064180299,0.020478206154902184,0.02322388742706784,1
95,E02000099,0.9528242677824268,0.015481171548117154,0.031694560669456064,1
96,E02000100,0.9172878095696081,0.04520317383986535,0.03750901659052657,1
97,E02000101,0.9539096306732414,0.01932172687933984,0.02676864244741874,1
98,E02000102,0.9701008645533141,0.011407300672430355,0.018491834774255523,1
99,E02000103,0.9607941441893112,0.017146294996490525,0.022059560814198336,1
100,E02000104,0.9538974017321785,0.02211858760826116,0.023984010659560292,1
101,E02000105,0.9633279154815115,0.01909792767167818,0.01757415684681024,1
102,E02000106,0.9591422776006955,0.0165169516082295,0.02434077079107505,1
103,E02000107,0.9454246274796599,0.026144985830514673,0.028430386689825397,1
104,E02000108,0.960049593607935,0.021628323460531753,0.01832208293153327,1
105,E02000110,0.9406655248348422,0.03193051137753854,0.027403963787619282,1
106,E02000111,0.9620701878766394,0.017369727047146403,0.02056008507621411,1
107,E02000112,0.9580389820410248,0.014724657417652566,0.027236360541322665,1
108,E02000113,0.975391963451355,0.013913404630879452,0.010694631917765549,1
109,E02000114,0.9341929746554024,0.03268119164072921,0.03312583370386839,1
110,E02000115,0.9214799350498725,0.04523312456506611,0.03328694038506147,1
111,E02000116,0.9633875307053457,0.020236284945607672,0.016376184349046672,1
112,E02000117,0.9627738946045707,0.01971255792036441,0.017513547475064794,1
113,E02000118,0.966882139378376,0.017710085893916587,0.01540777472770743,1
114,E02000119,0.9684705882352941,0.01788235294117647,0.013647058823529411,1
115,E02000120,0.9281357435954308,0.04147720971498281,0.030387046689586337,1
116,E02000121,0.9584967320261438,0.019444444444444445,0.022058823529411766,1
117,E02000122,0.9235661000366883,0.03852268558150911,0.037911214381802616,1
118,E02000123,0.9579497753884675,0.024670447013771264,0.01737977759776125,1
119,E02000124,0.9139039582077557,0.04822182037371911,0.037874221418525214,1
120,E02000125,0.9407444668008048,0.0369215291750503,0.022334004024144868,1
121,E02000126,0.9559487492373399,0.023184868822452714,0.020866381940207443,1
122,E02000127,0.9681637903312252,0.02197448815521492,0.009861721513559867,1
123,E02000128,0.9451790987289768,0.04275259982025934,0.012068301450763898,1
124,E02000130,0.9591739852836458,0.02955138855922146,0.011274626157132685,1
125,E02000131,0.9479256080114449,0.03729136862184072,0.014783023366714354,1
126,E02000132,0.9525116941224324,0.028167581858857028,0.019320724018710596,1
127,E02000133,0.9458755696084814,0.03189807495582628,0.022226355435692364,1
128,E02000134,0.9484299208577993,0.030295294017530422,0.02127478512467024,1
129,E02000135,0.9630229966568736,0.02512410090163104,0.011852902441495288,1
130,E02000136,0.9594359331476323,0.028725626740947075,0.011838440111420613,1
131,E02000137,0.9539175994284353,0.02762562514884496,0.018456775422719694,1
132,E02000138,0.9455422253587391,0.03387438249823571,0.02058339214302517,1
133,E02000139,0.9625453602903059,0.02436495593571799,0.013089683773976154,1
134,E02000140,0.968667204239143,0.021426102983527245,0.009906692777329801,1
135,E02000141,0.9644634955752213,0.026410398230088495,0.009126106194690266,1
136,E02000142,0.95247277676951,0.03436932849364791,0.013157894736842105,1
137,E02000144,0.9466361919904601,0.030309052966312235,0.023054755043227664,1
138,E02000145,0.9701949229374434,0.021645512239347235,0.008159564823209429,1
139,E02000146,0.9613441913204824,0.02618286774559324,0.012472940933924337,1
140,E02000147,0.9504273504273504,0.034432234432234435,0.01514041514041514,1
141,E02000148,0.9585006693440429,0.027219991075412762,0.0142793395805444,1
142,E02000149,0.9707323046779329,0.019838354151359296,0.009429341170707813,1
143,E02000150,0.9581963363081258,0.02912165335838422,0.012682010333489901,1
144,E02000151,0.9607583189712317,0.028900967784701047,0.010340713244067348,1
145,E02000152,0.9688598694123556,0.0233550979407333,0.0077850326469111,1
146,E02000153,0.9692820133234641,0.022699235134468296,0.008018751542067604,1
147,E02000154,0.9611866791744841,0.027204502814258912,0.011608818011257035,1
148,E02000155,0.9724591080665455,0.01761498671885922,0.009925905214595274,1
149,E02000156,0.9603807354376831,0.027904328018223234,0.01171493654409372,1
150,E02000157,0.966176646348751,0.024979084498625553,0.008844269152623402,1
151,E02000158,0.961864406779661,0.02298407806882383,0.015151515151515152,1
152,E02000159,0.9547434996486297,0.027687983134223472,0.017568517217146872,1
153,E02000160,0.959427796275743,0.02774694783573807,0.01282525588851893,1
154,E02000161,0.9671339921857044,0.02367271891519191,0.009193288899103653,1
155,E02000162,0.961100968965033,0.02920938070495717,0.00968965033000983,1
156,E02000163,0.9678589942975635,0.020347330222913428,0.011793675479523069,1
157,E02000165,0.9675125488008923,0.024958170663692138,0.007529280535415505,1
158,E02000166,0.8881859264041317,0.06791478373143964,0.04389928986442866,1
159,E02000167,0.832592386774104,0.08780216726868574,0.07960544595721034,1
160,E02000168,0.899667263885334,0.06897875607883286,0.03135398003583312,1
161,E02000169,0.8563466629510937,0.05754493520969765,0.08610840183920858,1
162,E02000170,0.903348073278585,0.050789639924194566,0.045862286797220465,1
163,E02000171,0.8916249492626167,0.05953186307671492,0.04884318766066838,1
164,E02000172,0.9163916391639164,0.052405240524052404,0.031203120312031204,1
165,E02000173,0.8734819164553583,0.05378353129587615,0.07273455224876552,1
166,E02000174,0.9036606480336384,0.06084590650507049,0.03549344546129112,1
167,E02000175,0.8973794318432063,0.05285179475886369,0.04976877339792997,1
168,E02000176,0.8792695299289821,0.055123435914778494,0.06560703415623943,1
169,E02000177,0.9170593779453345,0.05160226201696513,0.03133836003770028,1
170,E02000178,0.9166573065258902,0.049309221610693024,0.03403347186341683,1
171,E02000179,0.8992693110647182,0.04575504523312456,0.054975643702157274,1
172,E02000180,0.8775225282396243,0.07945170706942506,0.04302576469095063,1
173,E02000181,0.8980552458813328,0.046079524340393904,0.055865229778273254,1
174,E02000182,0.8867500351271603,0.04552479977518618,0.0677251650976535,1
175,E02000183,0.8607561586088789,0.07469371624291925,0.06455012514820181,1
176,E02000184,0.833969465648855,0.09272563987427032,0.07330489447687472,1
177,E02000185,0.9380839806371721,0.03433524710120455,0.027580772261623327,1
178,E02000186,0.8125703263140974,0.10512779295933129,0.0823018807265713,1
179,E02000187,0.8727514309076042,0.05672526573998365,0.0705233033524121,1
180,E02000188,0.8627942610391419,0.07967683521381808,0.05752890374703998,1
181,E02000191,0.6164511898070076,0.19636499906314409,0.18718381112984822,1
182,E02000192,0.8786604595284577,0.05316113530560144,0.06817840516594083,1
183,E02000193,0.7716442953020134,0.08691275167785235,0.14144295302013424,1
184,E02000194,0.9470198675496688,0.037020953208120724,0.0159591792422104,1
185,E02000195,0.9573012747434967,0.025183956886724014,0.017514768369779252,1
186,E02000196,0.9657568865301996,0.017942886024766236,0.016300227445034118,1
187,E02000197,0.9637673130193906,0.020609418282548475,0.015623268698060942,1
188,E02000198,0.968503937007874,0.02047244094488189,0.011023622047244094,1
189,E02000199,0.9651770858093653,0.02424530544330877,0.010577608747325886,1
190,E02000200,0.9614364640883978,0.026298342541436464,0.012265193370165746,1
191,E02000201,0.9679125934445083,0.020931569867740082,0.011155836687751582,1
192,E02000202,0.9735692686751036,0.014895285026318737,0.011535446298577669,1
193,E02000203,0.9687382297551789,0.017953546767106088,0.013308223477715004,1
194,E02000204,0.9661315380631798,0.020611082340756086,0.013257379596064215,1
195,E02000206,0.9654311858766984,0.022830206118864958,0.01173860800443664,1
196,E02000207,0.9664082687338501,0.023480507808111447,0.010111223458038422,1
197,E02000208,0.965196574901022,0.024215081484209557,0.010588343614768438,1
198,E02000209,0.9683467519576486,0.01885960074997243,0.012793647292378956,1
199,E02000210,0.9692413634798577,0.019281533340984737,0.01147710317915758,1
200,E02000211,0.9663967121963012,0.021153148797292395,0.012450139006406383,1
201,E02000212,0.9712503963640207,0.018391290561251453,0.01035831307472783,1
202,E02000213,0.9618660623583652,0.023989997655700555,0.014143939985934204,1
203,E02000214,0.9639191789608723,0.022771007055805002,0.013309813983322642,1
204,E02000215,0.9542494714587738,0.0266384778012685,0.019112050739957715,1
205,E02000216,0.9498743367774365,0.02555152192125105,0.024574141301312483,1
206,E02000217,0.9610868835961087,0.025159342502515933,0.013753773901375378,1
207,E02000218,0.9665717283765553,0.022935092190076452,0.01049317943336831,1
208,E02000219,0.9668370690785162,0.019923974308559446,0.013238956612924367,1
209,E02000221,0.9671240445713233,0.021641035086103693,0.011234920342572981,1
210,E02000222,0.9518447532343076,0.03246286535697173,0.015692381408720653,1
211,E02000223,0.9832356389214537,0.012075029308323564,0.004689331770222743,1
212,E02000224,0.9588922006954794,0.028191753601589667,0.012916045702930949,1
213,E02000225,0.980128034142438,0.01440384102427314,0.005468124833288877,1
214,E02000226,0.9516743269862115,0.028890347997373604,0.01943532501641497,1
215,E02000227,0.9654109589041096,0.024914383561643834,0.009674657534246575,1
216,E02000228,0.9605329311211664,0.02865761689291101,0.010809451985922574,1
217,E02000229,0.9730553327987169,0.021170809943865276,0.005773857257417803,1
218,E02000230,0.9545800799847648,0.026566368310797943,0.01885355170443725,1
219,E02000231,0.9592686002522068,0.024968474148802017,0.015762925598991173,1
220,E02000232,0.9630466354687752,0.024527997418105536,0.012425367113119251,1
221,E02000233,0.9677875549968573,0.021370207416719043,0.010842237586423633,1
222,E02000234,0.9637980311209908,0.02328781623795914,0.012914152641050069,1
223,E02000235,0.9586417065737919,0.028007546074590044,0.013350747351618052,1
224,E02000236,0.9691161975687219,0.019822582411565,0.011061220019713065,1
225,E02000237,0.9703986317589791,0.02210235495329562,0.007499013287725299,1
226,E02000238,0.9618940879798262,0.017745400205473057,0.020360511814700662,1
227,E02000239,0.9657155496571554,0.014709135147091351,0.019575315195753153,1
228,E02000240,0.9666339548577036,0.01659380854670354,0.016772236595592828,1
229,E02000241,0.9594320486815415,0.020824881676808654,0.019743069641649763,1
230,E02000242,0.9638186573670444,0.014966579482708514,0.02121476315024702,1
231,E02000243,0.9602155468929144,0.015134143545058473,0.02465030956202706,1
232,E02000244,0.9595690747782003,0.015462610899873257,0.02496831432192649,1
233,E02000245,0.9705629565964762,0.01708207993124194,0.012354963472281908,1
234,E02000246,0.9697706373533453,0.015220378395518444,0.015008984251136243,1
235,E02000247,0.9731886657101865,0.016140602582496413,0.010670731707317074,1
236,E02000248,0.9454451211610729,0.021251781780484643,0.0333030970584424,1
237,E02000249,0.9677727381236572,0.01635235139651468,0.01587491047982812,1
238,E02000250,0.9322844362178004,0.03717414777109363,0.03054141601110597,1
239,E02000251,0.9723324912787201,0.013954047876819439,0.013713460844460484,1
240,E02000252,0.829057035463311,0.1078607615623468,0.06308220297434221,1
241,E02000253,0.966260634184068,0.0191415313225058,0.01459783449342614,1
242,E02000254,0.9701379085677055,0.01759148658920621,0.012270604843088282,1
243,E02000255,0.9518255578093306,0.028296146044624746,0.019878296146044624,1
244,E02000256,0.9233449477351916,0.03985191637630662,0.036803135888501745,1
245,E02000258,0.9455072463768116,0.027391304347826086,0.02710144927536232,1
246,E02000259,0.9471445929526124,0.03219927095990279,0.020656136087484813,1
247,E02000260,0.9716376944190301,0.013317068211853206,0.015045237369116601,1
248,E02000261,0.9291867541294555,0.028451750572986642,0.042361495297557894,1
249,E02000262,0.9379546427043218,0.0366923406076166,0.025353016688061617,1
250,E02000263,0.9689916824748286,0.015832482124616958,0.015175835400554501,1
251,E02000264,0.9064045208382387,0.05439133506004238,0.03920414410171886,1
252,E02000265,0.9532585470085471,0.02733262108262108,0.01940883190883191,1
253,E02000266,0.9681256672258655,0.017309745310355347,0.014564587463779166,1
254,E02000267,0.9549637992391704,0.028715179776659713,0.016321020984169838,1
255,E02000268,0.9230353475299967,0.041833315317262997,0.03513133715274024,1
256,E02000269,0.9360920666013712,0.03942213516160627,0.024485798237022526,1
257,E02000270,0.9437909857395649,0.028000416363068596,0.028208597897366502,1
258,E02000271,0.8981294964028776,0.0576978417266187,0.044172661870503595,1
259,E02000272,0.9481680071492404,0.030980041703902294,0.02085195114685731,1
260,E02000275,0.9674338883447601,0.01395690499510284,0.01860920666013712,1
261,E02000276,0.9394970414201184,0.036242603550295856,0.0242603550295858,1
262,E02000277,0.9743453409544065,0.01581815764987372,0.009836501395719793,1
263,E02000278,0.975395057800403,0.016756814084208295,0.007848128115388694,1
264,E02000279,0.9732186333387437,0.01752962181464048,0.00925174484661581,1
265,E02000280,0.9639837869137232,0.02814128546612623,0.00787492762015055,1
266,E02000281,0.9708868628263573,0.02134272689598011,0.00777041027766266,1
267,E02000282,0.9774896995276856,0.013767460556727966,0.008742839915586373,1
268,E02000283,0.9742328414148512,0.01417193722183181,0.011595221363316937,1
269,E02000284,0.9646493536208671,0.023567097586088548,0.011783548793044274,1
270,E02000285,0.963570675899443,0.022881228360680416,0.013548095739876562,1
271,E02000286,0.9579783559751324,0.027860925627446465,0.014160718397421137,1
272,E02000287,0.9408726383036564,0.02963164333288025,0.029495718363463368,1
273,E02000288,0.9745775969962454,0.015409887359199,0.010012515644555695,1
274,E02000289,0.9619131975199291,0.024062592264540893,0.014024210215529968,1
275,E02000290,0.9742669060442849,0.015409934171154997,0.010323159784560144,1
276,E02000291,0.9588663648888014,0.0222397165912222,0.018893918519976384,1
277,E02000292,0.9732642065670428,0.01748500559113551,0.009250787841821694,1
278,E02000293,0.9566984523995623,0.023292168203845554,0.020009379396592152,1
279,E02000294,0.9744903404845768,0.013768812039705411,0.011740847475717792,1
280,E02000295,0.959038085375676,0.022782188470831896,0.01817972615349212,1
281,E02000296,0.9528183312385188,0.021657159431499564,0.02552450932998163,1
282,E02000297,0.9659502021706746,0.01840817195147904,0.01564162587784635,1
283,E02000298,0.9497152550587665,0.024597116200169637,0.025687628741063857,1
284,E02000299,0.9733543970510795,0.01463928383359663,0.012006319115323854,1
285,E02000300,0.9723382635203793,0.014564751044371684,0.013096985435248955,1
286,E02000301,0.973679060665362,0.013796477495107632,0.012524461839530333,1
287,E02000302,0.9621596677434241,0.01972773419473927,0.01811259806183664,1
288,E02000303,0.9684474722122625,0.018764192661646948,0.012788335126090594,1
289,E02000304,0.948762591717448,0.022634000746175848,0.028603407536376073,1
290,E02000305,0.9574228429826538,0.025681459788240595,0.016895697229105656,1
291,E02000306,0.9733873617347497,0.015989486365129778,0.010623151900120469,1
292,E02000307,0.9677546983184966,0.014243323442136498,0.018001978239366962,1
293,E02000308,0.9502226281538988,0.02545952734330403,0.02431784450279712,1
294,E02000309,0.9704934712565711,0.016957775139901644,0.012548753603527217,1
295,E02000311,0.9645295902883156,0.017450682852807285,0.018019726858877087,1
296,E02000312,0.9562063169070159,0.02273732637352915,0.02105635671945501,1
297,E02000313,0.9631684388965942,0.024503005085529356,0.012328556017876406,1
298,E02000314,0.9599461222174961,0.02495392031759535,0.01509995746490855,1
299,E02000315,0.9676896586650461,0.020864985313481212,0.011445356021472704,1
300,E02000317,0.9628356037561169,0.024467663007538686,0.012696733236344399,1
301,E02000318,0.9652024584237165,0.02105929139551699,0.01373825018076645,1
302,E02000319,0.9627048408363157,0.02260312676586928,0.014692032397815032,1
303,E02000320,0.9669034090909091,0.01946022727272727,0.013636363636363636,1
304,E02000321,0.9638647843543583,0.022147390234425593,0.013987825411216164,1
305,E02000323,0.9566096423017107,0.025116640746500777,0.01827371695178849,1
306,E02000324,0.9636456082369391,0.019066988686920045,0.01728740307614084,1
307,E02000326,0.952423698384201,0.03205950243652218,0.015516799179276737,1
308,E02000327,0.955622641509434,0.02943396226415094,0.014943396226415094,1
309,E02000328,0.9355036855036855,0.04253685503685504,0.02195945945945946,1
310,E02000329,0.9636765634870499,0.025268477574226154,0.011054958938723942,1
311,E02000331,0.9571341833636916,0.027686703096539162,0.015179113539769277,1
312,E02000332,0.94995303904468,0.03045753387897491,0.019589427076345096,1
313,E02000333,0.9216346153846153,0.05080128205128205,0.027564102564102563,1
314,E02000334,0.9597830998644374,0.025305015815634886,0.0149118843199277,1
315,E02000335,0.9652434456928839,0.0250187265917603,0.009737827715355805,1
316,E02000337,0.9711958446464408,0.019124070357690946,0.009680084995868256,1
317,E02000339,0.9589890319504053,0.027976474328405658,0.013034493721189,1
318,E02000340,0.9593590677348871,0.026365622723962128,0.014275309541150765,1
319,E02000341,0.9653533458411507,0.0225140712945591,0.012132582864290182,1
320,E02000342,0.8961714195682999,0.08886087915550654,0.014967701276193478,1
321,E02000343,0.9632467716758905,0.022420888321271464,0.014332340002838086,1
322,E02000344,0.9707529558182949,0.01913503422526447,0.010112009956440573,1
323,E02000345,0.9757228254239356,0.013785531291936074,0.010491643284128339,1
324,E02000346,0.9377527133432645,0.03362417535645882,0.028623111300276654,1
325,E02000347,0.967999019127023,0.01937224129475233,0.01262873957822462,1
326,E02000348,0.9692820133234641,0.019491734517641253,0.011226252158894647,1
327,E02000350,0.9501025290498974,0.029098720828044135,0.020798750122058392,1
328,E02000351,0.9198793883265131,0.05459832005169072,0.025522291621796252,1
329,E02000352,0.9430773791876668,0.04017195375037059,0.016750667061962644,1
330,E02000353,0.9341749323715058,0.04315342006956074,0.022671647558933403,1
331,E02000354,0.9532729732542408,0.028931210323654907,0.017795816422104278,1
332,E02000355,0.9517939956065413,0.03295093971198438,0.015255064681474249,1
333,E02000356,0.9293431902189366,0.04577765140744953,0.024879158373613874,1
334,E02000357,0.9627465303140978,0.022205989773557342,0.015047479912344777,1
335,E02000358,0.939224526600541,0.034265103697024346,0.026510369702434627,1
336,E02000359,0.9417649693892788,0.03897267433179035,0.019262356278930866,1
337,E02000360,0.9574357192494788,0.0258860319666435,0.01667824878387769,1
338,E02000361,0.9388185654008439,0.03698188136013899,0.024199553239017124,1
339,E02000362,0.9560407987358138,0.02973710673753771,0.01422209452664847,1
340,E02000363,0.9596869213937048,0.027436458508668573,0.012876620097626662,1
341,E02000364,0.933058478897689,0.043832049473798415,0.02310947162851253,1
342,E02000366,0.9381604226705091,0.04250720461095101,0.019332372718539867,1
343,E02000367,0.9271593090211132,0.04347408829174664,0.029366602687140114,1
344,E02000368,0.9513252040713494,0.027612617152070945,0.021062178776579663,1
345,E02000369,0.9395155297964036,0.03247139248030911,0.028013077723287264,1
346,E02000370,0.9204468517264726,0.03859174001354096,0.04096140825998646,1
347,E02000372,0.9116586538461539,0.041366185897435896,0.046975160256410256,1
348,E02000373,0.9540801819732727,0.024026158657947112,0.02189365936878021,1
349,E02000374,0.9101822389354932,0.055250216951113686,0.03456754411339311,1
350,E02000375,0.9095524382097528,0.05090180360721443,0.039545758183032735,1
351,E02000376,0.9223648850403106,0.04583457748581666,0.0318005374738728,1
352,E02000377,0.9066067992302759,0.05965362411802438,0.033739576651699806,1
353,E02000378,0.8877836493627603,0.056108175318619835,0.056108175318619835,1
354,E02000379,0.9141851651326476,0.04886302111532215,0.03695181375203032,1
355,E02000380,0.8936286077328008,0.0680704302051189,0.03830096206208023,1
356,E02000381,0.8657577346617724,0.07315154693235448,0.0610907184058731,1
357,E02000382,0.8733441033925686,0.07609046849757674,0.05056542810985461,1
358,E02000383,0.8586622547861026,0.06984164500118176,0.07149610021271567,1
359,E02000384,0.8956090480222572,0.05600580621749123,0.0483851457602516,1
360,E02000385,0.836480228001425,0.10064125400783755,0.06287851799073745,1
361,E02000386,0.9079641350210971,0.05485232067510549,0.037183544303797465,1
362,E02000387,0.8735269709543568,0.08315352697095435,0.0433195020746888,1
363,E02000388,0.8751299526394825,0.0637634284394132,0.061106618921104305,1
364,E02000389,0.8601503759398497,0.08525159051474841,0.054598033545401964,1
365,E02000390,0.8848886018727801,0.07426541814659347,0.04084597998062641,1
366,E02000391,0.8602873335969421,0.07381046526954001,0.06590220113351786,1
367,E02000392,0.8792935312601582,0.069563332972153,0.05114313576768881,1
368,E02000393,0.8799799129561433,0.06712420488784734,0.05289588215600938,1
369,E02000394,0.8841719642279927,0.0606615666415257,0.05516646913048163,1
370,E02000395,0.8394366197183099,0.1,0.06056338028169014,1
371,E02000396,0.8882284720208756,0.05726297477529719,0.0545085532038272,1
372,E02000397,0.9513089667383331,0.023144049576324776,0.0255469836853421,1
373,E02000398,0.9602287842511307,0.02114924181963288,0.0186219739292365,1
374,E02000400,0.9518027040560841,0.027916875312969453,0.02028042063094642,1
375,E02000401,0.9698426573426573,0.016317016317016316,0.01384032634032634,1
376,E02000402,0.965389369592089,0.015142150803461063,0.01946847960444994,1
377,E02000403,0.9490149094781682,0.02476038338658147,0.026224707135250266,1
378,E02000404,0.9600674915635545,0.017857142857142856,0.022075365579302588,1
379,E02000405,0.9382143960457213,0.039233858510966946,0.02255174544331171,1
380,E02000406,0.9553080920564216,0.02271714922048998,0.021974758723088343,1
381,E02000407,0.9613463055482514,0.019589797528267158,0.019063896923481462,1
382,E02000408,0.9590402326708677,0.015269025690741638,0.025690741638390694,1
383,E02000409,0.9541254125412542,0.024752475247524754,0.021122112211221122,1
384,E02000410,0.9099267570515818,0.05921770297646876,0.030855539971949508,1
385,E02000411,0.9057577878893944,0.061165558277913895,0.033076653832691635,1
386,E02000412,0.9334972006008466,0.044107606172333745,0.02239519322681961,1
387,E02000413,0.9309634209170531,0.044435857805255025,0.02460072127769191,1
388,E02000414,0.9559384267758791,0.024714023443016524,0.019347549781104364,1
389,E02000415,0.9415907207953604,0.02927368130350732,0.029135597901132283,1
390,E02000416,0.9537442328167515,0.029220395125990773,0.01703537205725778,1
391,E02000417,0.9093959731543624,0.05414887126296522,0.03645515558267236,1
392,E02000418,0.9274535076413184,0.053581292579635426,0.018965199779046215,1
393,E02000419,0.937378362907842,0.03720663995420721,0.025414997137950774,1
394,E02000420,0.9494241362043064,0.02628943415122684,0.0242864296444667,1
395,E02000421,0.9448948419692164,0.03184114675126307,0.02326401127952062,1
396,E02000422,0.9577691379541493,0.02292532511060464,0.01930553693524601,1
397,E02000423,0.9400434467776974,0.03287472845763939,0.02708182476466329,1
398,E02000424,0.9376573374796386,0.039241818451058785,0.02310084406930253,1
399,E02000425,0.9799241033174195,0.011262088382911005,0.008813808299669483,1
400,E02000426,0.9085027726432532,0.04990757855822551,0.041589648798521256,1
401,E02000427,0.9275252906537823,0.042427902763098296,0.030046806583119434,1
402,E02000428,0.9541197391819799,0.026081802015411975,0.01979845880260818,1
403,E02000429,0.9171205652877963,0.04902105108199617,0.033858383630207566,1
404,E02000430,0.9216989309448136,0.051863623230280265,0.026437445824906095,1
405,E02000431,0.8920998632010944,0.059165526675786596,0.04873461012311901,1
406,E02000432,0.93250531132538,0.04298087922863213,0.024513809445987907,1
407,E02000433,0.9430232558139535,0.02395348837209302,0.03302325581395349,1
408,E02000434,0.9440495532087734,0.028127538586515028,0.027822908204711616,1
409,E02000435,0.9584910267366622,0.020021975338786472,0.021486997924551336,1
410,E02000436,0.9515456755817993,0.019624869746439736,0.02882945467176103,1
411,E02000437,0.9639269406392694,0.016210045662100457,0.01986301369863014,1
412,E02000438,0.9644361254094524,0.0171970051474029,0.018366869443144595,1
413,E02000439,0.9512195121951219,0.02082883660695014,0.027951651197927908,1
414,E02000440,0.9650218613366646,0.015198834062044555,0.01977930460129086,1
415,E02000441,0.956021922202914,0.024060954417858577,0.019917123379227377,1
416,E02000442,0.953886280646844,0.01617110067814293,0.029942618675013043,1
417,E02000443,0.9666883781520424,0.017307155485251698,0.01600446636270587,1
418,E02000444,0.9674199839394287,0.013766203969255477,0.01881381209131582,1
419,E02000445,0.9701010787394887,0.01494946063025567,0.01494946063025567,1
420,E02000447,0.9634965205713588,0.01977780490782566,0.01672567452081553,1
421,E02000448,0.9444130127298445,0.03239038189533239,0.023196605374823195,1
422,E02000449,0.9711839884253677,0.01278032312515071,0.016035688449481552,1
423,E02000451,0.9635036496350365,0.019365410397735736,0.017130939967227768,1
424,E02000452,0.9517045454545454,0.0242003367003367,0.024095117845117846,1
425,E02000453,0.9604102074886716,0.019437157166706416,0.02015263534462199,1
426,E02000454,0.958702466948344,0.021262096224614967,0.020035436827041026,1
427,E02000455,0.940097694746765,0.02648041820207387,0.0334218870511612,1
428,E02000456,0.9649750735012144,0.019174229835101624,0.015850696663684008,1
429,E02000457,0.9620342824762714,0.01997450063748406,0.01799121688624451,1
430,E02000459,0.9668668239330903,0.016941882907999143,0.01619129315891057,1
431,E02000460,0.9667669584245077,0.020787746170678335,0.012445295404814004,1
432,E02000461,0.8439901207464325,0.11333699231613611,0.0426728869374314,1
433,E02000462,0.9646233171011172,0.016900601546834718,0.018476081352048125,1
434,E02000463,0.9687571789570412,0.014702504020215943,0.016540317022742935,1
435,E02000464,0.9709939409565553,0.020626530875338403,0.008379528168106226,1
436,E02000465,0.9739995720094158,0.014765675155146587,0.01123475283543762,1
437,E02000466,0.9713309074870438,0.021722350865586063,0.006946741647370162,1
438,E02000467,0.9728502837189,0.019991270187690965,0.007158446093408992,1
439,E02000468,0.9726043231996301,0.018494971679574614,0.008900705120795284,1
440,E02000469,0.971577646574214,0.01990937800356996,0.00851297542221612,1
441,E02000470,0.9655524890115507,0.02402126137176735,0.010426249616682,1
442,E02000471,0.9711034394578698,0.01905127221582918,0.009845288326300985,1
443,E02000472,0.9704391891891891,0.019953547297297296,0.009607263513513514,1
444,E02000473,0.9700752882874297,0.02134756504336224,0.008577146669208044,1
445,E02000474,0.9700598802395209,0.02155688622754491,0.008383233532934131,1
446,E02000475,0.963899292550978,0.023304203079483977,0.012796504369538077,1
447,E02000476,0.9604827512549396,0.023923955997009506,0.015593292748050838,1
448,E02000477,0.9693759832197169,0.02170949134766649,0.008914525432616675,1
449,E02000478,0.9647510858670231,0.021550283995990644,0.0136986301369863,1
450,E02000479,0.9646598243572109,0.022643106549571475,0.012697069093217649,1
451,E02000480,0.9660478220039009,0.019865636061547353,0.014086541934551758,1
452,E02000481,0.9686665047364585,0.024896769492348796,0.006436725771192616,1
453,E02000482,0.9570431086824529,0.02899210686095932,0.013964784456587736,1
454,E02000483,0.9727534058242719,0.01974753155855518,0.0074990626171728535,1
455,E02000484,0.9716203485633538,0.019547809703250117,0.008831841733396137,1
456,E02000485,0.9621283624351109,0.024657857479943368,0.013213780084945729,1
457,E02000486,0.9744461057496262,0.017670246024194643,0.007883648226179148,1
458,E02000487,0.9661274014155713,0.024266936299292215,0.009605662285136502,1
459,E02000488,0.9742642206678105,0.01781707799920813,0.007918701332981391,1
460,E02000489,0.9731325998841922,0.018297625940938044,0.008569774174869716,1
461,E02000490,0.9762663832801983,0.016176644231904593,0.0075569724878970365,1
462,E02000491,0.9698279913525707,0.020772629006485573,0.009399379640943699,1
463,E02000492,0.9755490483162518,0.01683748169838946,0.007613469985358712,1
464,E02000493,0.9737349755156551,0.020032645793144382,0.006232378691200475,1
465,E02000494,0.9442070872078412,0.027519477255591857,0.028273435536566978,1
466,E02000495,0.9490305240929161,0.028988289498944136,0.021981186408139758,1
467,E02000496,0.9620561466478657,0.02704781438277144,0.010896038969362903,1
468,E02000497,0.9627140006301859,0.024472219304694884,0.01281378006511921,1
469,E02000498,0.9650305786419947,0.024933354241806493,0.01003606711619884,1
470,E02000499,0.9636340106121393,0.02303610715672318,0.01332988223113757,1
471,E02000500,0.9565112345977289,0.02536844648465813,0.01812031891761295,1
472,E02000501,0.965069624734482,0.01876327590276139,0.016167099362756666,1
473,E02000502,0.9661738351254481,0.02038530465949821,0.013440860215053764,1
474,E02000503,0.9675414364640884,0.02106353591160221,0.011395027624309393,1
475,E02000504,0.9625801386889965,0.024205155043830955,0.013214706267172575,1
476,E02000506,0.9615626177615877,0.02386634844868735,0.01457103378972491,1
477,E02000507,0.9717335921387844,0.017105422782967367,0.01116098507824821,1
478,E02000508,0.8537952966775463,0.1097162942505649,0.03648840907188886,1
479,E02000509,0.8069344448654794,0.1477832512315271,0.04528230390299356,1
480,E02000510,0.9595172792100932,0.0269884805266045,0.01349424026330225,1
481,E02000511,0.9739200483335012,0.01601047225858423,0.010069479407914611,1
482,E02000512,0.9757424620267513,0.01586941736567672,0.00838812060757198,1
483,E02000513,0.9742827868852459,0.017008196721311476,0.008709016393442622,1
484,E02000514,0.9742316341829086,0.013493253373313344,0.012275112443778111,1
485,E02000515,0.9435793274655834,0.034830361844579855,0.021590310689836755,1
486,E02000516,0.9715475364330326,0.017811704834605598,0.010640758732361786,1
487,E02000517,0.9699140401146131,0.01766953199617956,0.012416427889207259,1
488,E02000518,0.9661544850498339,0.022009966777408636,0.011835548172757475,1
489,E02000519,0.9754029725769311,0.013397529830437514,0.011199497592631358,1
490,E02000520,0.9661547212741752,0.019055745164960183,0.01478953356086462,1
491,E02000521,0.9661865049279758,0.01865049279757392,0.015163002274450341,1
492,E02000522,0.966060985797828,0.020050125313283207,0.013888888888888888,1
493,E02000523,0.9608550316678396,0.020144264602392683,0.019000703729767768,1
494,E02000524,0.9555408095554081,0.022295952222959523,0.02216323822163238,1
495,E02000525,0.9604452395150069,0.02106936990657921,0.018485390578413835,1
496,E02000526,0.8870370370370371,0.06319444444444444,0.04976851851851852,1
497,E02000529,0.9640798682585426,0.02387813915191437,0.012041992589543022,1
498,E02000530,0.969450603596945,0.015890613451589063,0.014658782951465879,1
499,E02000531,0.9460416127082794,0.032288698955365625,0.021669688336355002,1
500,E02000532,0.9078654188948306,0.05013368983957219,0.04200089126559715,1
501,E02000533,0.913819783359124,0.05296988453755505,0.033210332103321034,1
502,E02000534,0.9533715087063223,0.02512562814070352,0.021502863152974172,1
503,E02000535,0.9616991643454039,0.018802228412256268,0.019498607242339833,1
504,E02000536,0.9614497832703126,0.02010513695471733,0.018445079774970025,1
505,E02000537,0.9461655662772981,0.02143219908583037,0.03240223463687151,1
506,E02000538,0.9607280641012959,0.01800375902660995,0.021268176872094174,1
507,E02000539,0.9577879581151832,0.02519633507853403,0.017015706806282723,1
508,E02000540,0.9585051971621844,0.017983831050981686,0.023510971786833857,1
509,E02000541,0.9593143718214353,0.015822188736108495,0.024863439442456208,1
510,E02000542,0.9478988864504593,0.017881817442900107,0.03421929610664066,1
511,E02000543,0.9527924582202543,0.019354377946007712,0.027853163833738037,1
512,E02000544,0.9609676288418838,0.020334229285964706,0.018698141872151457,1
513,E02000545,0.9523654866298582,0.02479159900400563,0.02284291436613619,1
514,E02000546,0.9645152009206867,0.018413733576292318,0.017071065503021003,1
515,E02000547,0.9646331484680426,0.016274206746067825,0.019092644785889627,1
516,E02000548,0.9677571860816944,0.017870650529500758,0.014372163388804841,1
517,E02000549,0.9646589549262066,0.01882728360590347,0.01651376146788991,1
518,E02000550,0.9619118745332338,0.02063106796116505,0.017457057505601194,1
519,E02000551,0.9690319934372437,0.019278096800656275,0.011689909762100083,1
520,E02000552,0.9631669907107366,0.02246705551955066,0.014365953769712681,1
521,E02000553,0.9613492621222769,0.019676739283204497,0.018973998594518624,1
522,E02000554,0.9442069260367678,0.03698161607524583,0.01881145788798632,1
523,E02000555,0.9172500261205726,0.05171873367464215,0.031031240204785288,1
524,E02000556,0.9131274131274131,0.05888030888030888,0.027992277992277992,1
525,E02000557,0.924854833200501,0.04531481270636457,0.029830354093134465,1
