,GEOGRAPHY_CODE,Has not previously served in any UK armed forces,Previously served in UK regular armed forces,Previously served in UK reserve armed forces,Previously served in both regular and reserve UK armed forces,Total: All usual residents aged 16 and over
0,E02000001,0.9820089955022488,0.009620189905047476,0.007621189405297352,0.0007496251874062968,1
1,E02000002,0.985296574770259,0.010025062656641603,0.0040100250626566416,0.0006683375104427736,1
2,E02000003,0.9851943942133815,0.009154611211573236,0.004633815551537071,0.0010171790235081375,1
3,E02000004,0.9800564440263405,0.01354656632173095,0.005644402634054563,0.0007525870178739417,1
4,E02000005,0.9862258953168044,0.009767092411720512,0.004007012271475081,0.0,1
5,E02000007,0.9841971340565153,0.011383420383018615,0.0037498325967590734,0.0006696129637069774,1
6,E02000008,0.985174654752234,0.009951259138911454,0.004163281884646629,0.000710804224207961,1
7,E02000009,0.985567671584349,0.009942270686337396,0.0037417147744280522,0.0007483429548856104,1
8,E02000010,0.9867119027424371,0.01031947978512864,0.0029686174724342664,0.0,1
9,E02000011,0.9822780136606978,0.012922281705741185,0.004061288536090087,0.0007384160974709249,1
10,E02000012,0.9888047042858759,0.006558860115345471,0.0044102680085943684,0.00022616759018432659,1
11,E02000013,0.9863623313235717,0.009618145277060005,0.0034453057708871662,0.0005742176284811944,1
12,E02000014,0.9835844994617868,0.012378902045209902,0.003767491926803014,0.00026910656620021526,1
13,E02000015,0.9847378898473789,0.008958195089581952,0.0058062375580623755,0.0004976775049767751,1
14,E02000016,0.993537325243999,0.0031653917172250064,0.0031653917172250064,0.00013189132155104195,1
15,E02000017,0.9924380338888111,0.004061055874527377,0.0032208374177286093,0.0002800728189329226,1
16,E02000018,0.986,0.008857142857142857,0.004857142857142857,0.00028571428571428574,1
17,E02000019,0.9846197664483053,0.010680717744232413,0.004272287097692965,0.0004272287097692965,1
18,E02000020,0.988895382817066,0.007403078121955971,0.003117085525034093,0.0005844535359438924,1
19,E02000021,0.9858668341708543,0.009108040201005025,0.004711055276381909,0.000314070351758794,1
20,E02000022,0.9942772752446003,0.0036920804873546245,0.0020306442680450435,0.0,1
21,E02000023,0.9891188012843382,0.0067784516589368534,0.004102747056724938,0.0,1
22,E02000024,0.9788187829205425,0.014793230976129104,0.005379356718592402,0.0010086293847360753,1
23,E02000025,0.9829683698296837,0.013453556605123802,0.0035780735651925,0.0,1
24,E02000026,0.9771855828220859,0.014570552147239263,0.0072852760736196315,0.0009585889570552147,1
25,E02000027,0.9814934644752168,0.012294551572408437,0.005564902290669083,0.0006470816617057072,1
26,E02000028,0.9802073515551367,0.013006597549481622,0.005655042412818096,0.0011310084825636192,1
27,E02000029,0.986555525678946,0.00873890830868513,0.004167787039526754,0.0005377789728421619,1
28,E02000030,0.9813398989244525,0.012569651418945185,0.005312945445121161,0.0007775042114811456,1
29,E02000031,0.9847260978117198,0.010721104420619769,0.004259068879424292,0.000293728888236158,1
30,E02000032,0.9863013698630136,0.008872976338729764,0.004514321295143213,0.00031133250311332503,1
31,E02000033,0.9864259725720683,0.008396305625524769,0.003918275958578225,0.0012594458438287153,1
32,E02000034,0.9839285714285714,0.010851648351648351,0.00467032967032967,0.0005494505494505495,1
33,E02000035,0.9864483342744212,0.007340485601355167,0.005787690570299266,0.00042348955392433656,1
34,E02000036,0.9893617021276596,0.007516188714153562,0.002890841813135985,0.00023126734505087883,1
35,E02000037,0.9878271454656117,0.00852099817407182,0.0029214850882531953,0.0007303712720632988,1
36,E02000038,0.9888914603101134,0.007868548947003009,0.003008562832677621,0.00023142791020597085,1
37,E02000039,0.983560190913912,0.010076012020505568,0.005479936362029344,0.00088386070355312,1
38,E02000040,0.9859310344827587,0.009379310344827587,0.0038620689655172414,0.0008275862068965517,1
39,E02000041,0.9883158742949234,0.008863819500402902,0.00255170561375235,0.00026860059092130003,1
40,E02000042,0.9897915780518928,0.006592939174819226,0.00276478094427903,0.0008507018290089324,1
41,E02000043,0.988287217789849,0.006959769139365133,0.004413512137158377,0.00033950093362756747,1
42,E02000044,0.9877800407331976,0.008728542333430317,0.003200465522257783,0.0002909514111143439,1
43,E02000045,0.9876871076774505,0.006277160791887977,0.005673587638821825,0.00036214389183969096,1
44,E02000046,0.9885964912280701,0.007192982456140351,0.004210526315789474,0.0,1
45,E02000047,0.9837160751565762,0.013048016701461378,0.0028183716075156576,0.0004175365344467641,1
46,E02000048,0.9880054408309633,0.00803759119574626,0.003586002225794485,0.0003709657474959812,1
47,E02000049,0.9918952618453866,0.004987531172069825,0.0028678304239401495,0.00024937655860349125,1
48,E02000050,0.9878063359234908,0.008846383741781231,0.0027495517035265988,0.0005977286312014345,1
49,E02000051,0.9890579129970644,0.008006405124099279,0.0026688017080330933,0.0002668801708033093,1
50,E02000052,0.9869559764204189,0.008654207951837451,0.0042643923240938165,0.00012542330364981815,1
51,E02000054,0.991321118611379,0.004982320797171327,0.0032144005143040825,0.00048216007714561236,1
52,E02000055,0.9892586352148273,0.006634372367312552,0.0038963774220724516,0.00021061499578770007,1
53,E02000056,0.9858353006526871,0.009443132898208582,0.004166088043327316,0.0005554784057769754,1
54,E02000057,0.9932591843613077,0.005055611729019211,0.0015166835187057635,0.00016852039096730705,1
55,E02000058,0.9861826403718126,0.008416028137168697,0.004647657329481221,0.0007536741615374953,1
56,E02000059,0.9923100904083966,0.0052998025563753505,0.002286189338044269,0.0001039176971838304,1
57,E02000060,0.9911205602801401,0.005377688844422211,0.00312656328164082,0.00037518759379689845,1
58,E02000061,0.9901263249600697,0.006534049658777407,0.0027588209670393496,0.0005808044141135473,1
59,E02000062,0.9903019213174749,0.006221408966148216,0.00292772186642269,0.0005489478499542544,1
60,E02000063,0.9921078592568234,0.0037816507727721146,0.0037816507727721146,0.0003288391976323578,1
61,E02000064,0.9919385076865391,0.0044994375703037125,0.0029996250468691415,0.0005624296962879641,1
62,E02000065,0.9841724195992592,0.009934332379188416,0.005388112476847954,0.0005051355447044957,1
63,E02000066,0.9827633756205185,0.011583011583011582,0.004826254826254826,0.000827357970215113,1
64,E02000067,0.9827978750316215,0.011383759170250442,0.0046799898811029595,0.0011383759170250443,1
65,E02000068,0.9800962016918229,0.014596118759329906,0.004644219605241333,0.0006634599436059048,1
66,E02000069,0.9728682170542635,0.019203664552501762,0.006871035940803382,0.0010570824524312897,1
67,E02000070,0.9740655987795576,0.01723874904652937,0.007475209763539283,0.0012204424103737605,1
68,E02000071,0.9710992315402606,0.01921149348479786,0.00835282325425994,0.0013364517206815904,1
69,E02000072,0.9822934232715008,0.012752951096121417,0.0042158516020236085,0.0007377740303541315,1
70,E02000073,0.9727711397058824,0.019416360294117647,0.006778492647058824,0.0010340073529411765,1
71,E02000074,0.9782830491182043,0.016032648301996792,0.004955545838799009,0.0007287567409998542,1
72,E02000075,0.9709355131698456,0.02134423251589464,0.00696336663639116,0.0007568876778686043,1
73,E02000077,0.9732115677321157,0.020700152207001523,0.00532724505327245,0.00076103500761035,1
74,E02000078,0.9699718486080701,0.020175164216452924,0.008601814200813263,0.0012511729746637473,1
75,E02000079,0.971959983091447,0.020290263491616174,0.007186134986614062,0.0005636184303226716,1
76,E02000080,0.9756399159144306,0.017559045381476443,0.005811796710770372,0.0009892419933226165,1
77,E02000081,0.9694725706513526,0.02251775729182409,0.0069517908417711955,0.0010578812150521385,1
78,E02000082,0.9722334004024145,0.019450033534540577,0.006975184439973172,0.0013413816230717639,1
79,E02000083,0.9765844872227851,0.016998761679612742,0.005516154452324665,0.0009005966452774963,1
80,E02000084,0.9727853063052974,0.021502967857542837,0.004927763467353567,0.0007839623698062493,1
81,E02000085,0.9760225669957687,0.017552107820090895,0.004544742203416392,0.0018805829807240243,1
82,E02000086,0.976080642405604,0.015889287544848796,0.007346659832564497,0.0006834102169827439,1
83,E02000087,0.9704001189944965,0.020972780008924587,0.007437156031533542,0.0011899449650453666,1
84,E02000088,0.9728954081632653,0.020089285714285716,0.006058673469387755,0.0009566326530612245,1
85,E02000089,0.9703983624626044,0.01857975122028027,0.010077153204219808,0.000944733112895607,1
86,E02000090,0.9743526510480888,0.018865598027127003,0.005795314426633786,0.0009864364981504315,1
87,E02000091,0.9707630140242453,0.02067981934870454,0.007606370335155693,0.0009507962918944616,1
88,E02000092,0.9695939565627951,0.018319169027384324,0.010009442870632672,0.0020774315391879133,1
89,E02000093,0.991516762060507,0.005417007358953394,0.003066230580539657,0.0,1
90,E02000094,0.9923195084485407,0.0059080704241994565,0.0016542597187758478,0.00011816140848398913,1
91,E02000095,0.9940656271817547,0.003258087037468001,0.0026762857807772866,0.0,1
92,E02000096,0.9912336627350973,0.0057379662097545425,0.0028689831048772712,0.0001593879502709595,1
93,E02000097,0.9904614591389533,0.005671564836298015,0.003351379221448827,0.0005155968032998196,1
94,E02000098,0.9932914046121594,0.004751921733053809,0.0016771488469601676,0.0002795248078266946,1
95,E02000099,0.9939000132608408,0.0034478185916987135,0.0025195597400875214,0.00013260840737302744,1
96,E02000100,0.9915029948460788,0.005571806658308956,0.0029251984956122023,0.0,1
97,E02000101,0.9921845455691416,0.0052943400983234586,0.0021429471826547334,0.00037816714988024705,1
98,E02000102,0.9934147124959846,0.0036941856729842595,0.00256986829424992,0.00032123353678124,1
99,E02000103,0.9932501273560876,0.0036933265410086604,0.002674477840040754,0.00038206826286296485,1
100,E02000104,0.9924992020427705,0.004149377593360996,0.0028726460261729973,0.0004787743376954995,1
101,E02000105,0.9910873440285205,0.006748153806977336,0.002037178507766743,0.00012732365673542143,1
102,E02000106,0.9916454776607337,0.004964281389998789,0.0030270008475602374,0.0003632401017072285,1
103,E02000107,0.9910655195234944,0.005294506949040371,0.0034193690712552393,0.00022060445621001543,1
104,E02000108,0.9931693989071039,0.004952185792349727,0.001878415300546448,0.0,1
105,E02000110,0.9911373707533235,0.005612998522895126,0.002363367799113737,0.0008862629246676514,1
106,E02000111,0.9894830067530167,0.007417247868925053,0.0028783349939112144,0.0002214103841470165,1
107,E02000112,0.9955679241393527,0.0018552875695732839,0.002576788291074005,0.0,1
108,E02000113,0.993271430493877,0.003095141972816579,0.003229713362939039,0.0004037141703673799,1
109,E02000114,0.9906554356409581,0.0052645433008686494,0.003948407475651487,0.00013161358252171624,1
110,E02000115,0.9908093278463649,0.006310013717421125,0.0027434842249657062,0.00013717421124828533,1
111,E02000116,0.9949063670411985,0.00299625468164794,0.0017977528089887641,0.000299625468164794,1
112,E02000117,0.9932851239669421,0.00371900826446281,0.0025826446280991736,0.00041322314049586776,1
113,E02000118,0.9925405405405405,0.006054054054054054,0.0014054054054054054,0.0,1
114,E02000119,0.9925354870288791,0.00465002447381302,0.0026921194322075378,0.00012236906510034264,1
115,E02000120,0.992770767613039,0.004337539432176656,0.0028916929547844372,0.0,1
116,E02000121,0.993601462522852,0.004570383912248629,0.0018281535648994515,0.0,1
117,E02000122,0.9910260245288662,0.004786120251271313,0.0035895901884534847,0.0005982650314089142,1
118,E02000123,0.9922135706340378,0.004542083796811272,0.002688172043010753,0.0005561735261401557,1
119,E02000124,0.9903893543617546,0.005174963035978314,0.004312469196648595,0.0001232134056185313,1
120,E02000125,0.9907017108851971,0.006446813786263328,0.002727498140342177,0.0001239771881973717,1
121,E02000126,0.9936111956191056,0.003954974140553696,0.002433830240340736,0.0,1
122,E02000127,0.9793628808864266,0.013850415512465374,0.005955678670360111,0.0008310249307479224,1
123,E02000128,0.9749221439108343,0.017538108506802163,0.006556302245533519,0.000983445336830028,1
124,E02000130,0.9832844574780059,0.01129032258064516,0.004545454545454545,0.0008797653958944282,1
125,E02000131,0.9864489228630994,0.006717627982395182,0.006717627982395182,0.00011582117211026175,1
126,E02000132,0.9805589307411907,0.01324422843256379,0.005710814094775213,0.0004860267314702309,1
127,E02000133,0.9724137931034482,0.019195402298850573,0.007586206896551724,0.0008045977011494253,1
128,E02000134,0.9824171168308442,0.010486177311725452,0.006355258976803305,0.0007414468806270522,1
129,E02000135,0.9872052182639237,0.008153537380832914,0.0038886101354741595,0.0007526342197691922,1
130,E02000136,0.9645466265577998,0.02556940266437473,0.007520412548345509,0.002363558229480017,1
131,E02000137,0.9742011140428027,0.019495749047200233,0.005423629434183524,0.0008795074758135445,1
132,E02000138,0.9697304768486524,0.021838286109191432,0.007601935038009675,0.00082930200414651,1
133,E02000139,0.9806188925081433,0.012377850162866449,0.006351791530944626,0.0006514657980456026,1
134,E02000140,0.9785876993166287,0.015186028853454821,0.005618830675778284,0.0006074411541381929,1
135,E02000141,0.9833476394849785,0.009270386266094421,0.0066952789699570815,0.0006866952789699571,1
136,E02000142,0.9773084058798345,0.016269444840873414,0.00585129156557728,0.0005708577137148566,1
137,E02000144,0.9823587466074513,0.01159634838391315,0.005304712558598569,0.0007401924500370096,1
138,E02000145,0.978137166816412,0.015274034141958671,0.0056903264450434265,0.0008984725965858042,1
139,E02000146,0.9758179231863442,0.01642312168627958,0.007371007371007371,0.000387947756368809,1
140,E02000147,0.975022844958879,0.017819067925677733,0.005787389582698751,0.0013706975327444412,1
141,E02000148,0.971518402071389,0.019974107638246717,0.007952653967079712,0.000554836323284631,1
142,E02000149,0.9730769230769231,0.018461538461538463,0.007076923076923077,0.0013846153846153845,1
143,E02000150,0.9789504891787726,0.014675363178179662,0.005336495701156241,0.0010376519418914913,1
144,E02000151,0.9731890091590342,0.018984179850124894,0.0069941715237302245,0.0008326394671107411,1
145,E02000152,0.9765166340508806,0.016470971950424004,0.005707762557077625,0.001304631441617743,1
146,E02000153,0.9747648902821316,0.01677115987460815,0.006739811912225706,0.0017241379310344827,1
147,E02000154,0.9747814873191002,0.018484023499068636,0.005301619143143717,0.001432870038687491,1
148,E02000155,0.9636637642330877,0.027461486939048894,0.007032819825853985,0.001841929002009377,1
149,E02000156,0.968132631787948,0.022336940335550483,0.008339124391938846,0.0011913034845626924,1
150,E02000157,0.9661871570517574,0.024618122497404717,0.008304908794305205,0.0008898116565327006,1
151,E02000158,0.9691478942213516,0.019915115899444988,0.008978126020241593,0.0019588638589618022,1
152,E02000159,0.9707027942421677,0.01981371718882303,0.00829805249788315,0.0011854360711261642,1
153,E02000160,0.9722987450260178,0.018365472910927456,0.008417508417508417,0.0009182736455463728,1
154,E02000161,0.9712344608268285,0.01821335646140503,0.008673026886383347,0.0018791558253830587,1
155,E02000162,0.9640759930915371,0.026252158894645942,0.008117443868739206,0.0015544041450777201,1
156,E02000163,0.9679263258177199,0.02048269291838679,0.00952683391552874,0.00206414734836456,1
157,E02000165,0.9640262884814943,0.02455897613282601,0.010031131096506399,0.0013836042891732965,1
158,E02000166,0.9831495098039216,0.011488970588235295,0.004901960784313725,0.00045955882352941176,1
159,E02000167,0.9838414126270199,0.010494752623688156,0.004997501249375313,0.0006663334999167084,1
160,E02000168,0.9871659368866073,0.007700437868035633,0.004982636267552468,0.00015098897780462027,1
161,E02000169,0.9878408893520931,0.008858780614903595,0.003126628452318916,0.00017370158068438424,1
162,E02000170,0.9902705989662511,0.005472788081483734,0.003952569169960474,0.0003040437823046519,1
163,E02000171,0.9859971028488653,0.00788668920006438,0.005472396587799775,0.0006438113632705617,1
164,E02000172,0.9887337741856478,0.006245407788390889,0.00440852314474651,0.0006122948812147931,1
165,E02000173,0.9888204795852236,0.006156837329876863,0.004860661049902786,0.00016202203499675956,1
166,E02000174,0.9914188489421512,0.005770084332001775,0.002663115845539281,0.00014795088030773783,1
167,E02000175,0.991751269035533,0.004314720812182741,0.003934010152284264,0.0,1
168,E02000176,0.9877238881062588,0.007043670758703964,0.004226202455222379,0.001006238679814852,1
169,E02000177,0.9892927585235277,0.007326007326007326,0.003240349394195548,0.00014088475626937165,1
170,E02000178,0.9931686810299527,0.0031529164477141357,0.003284287966368891,0.00039411455596426696,1
171,E02000179,0.989406779661017,0.007203389830508475,0.002754237288135593,0.000635593220338983,1
172,E02000180,0.9913972115099378,0.0051913378819341445,0.003263126668644319,0.0001483239394838327,1
173,E02000181,0.9890382928968138,0.005407775504238527,0.004969307220111079,0.0005846243788365975,1
174,E02000182,0.9910112359550561,0.005358686257562662,0.0032843560933448574,0.00034572169403630077,1
175,E02000183,0.9863481228668942,0.008687558175612783,0.004498914055228048,0.0004654049022649705,1
176,E02000184,0.9925132309281012,0.004259713437459661,0.002968891183684007,0.000258164450755131,1
177,E02000185,0.9906400550584996,0.005368203716448727,0.003991741225051617,0.0,1
178,E02000186,0.9900662251655629,0.006070640176600441,0.003679175864606328,0.0001839587932303164,1
179,E02000187,0.991610318056599,0.005634861006761833,0.002629601803155522,0.00012521913348359628,1
180,E02000188,0.9912310286677909,0.005902192242833052,0.002866779089376054,0.0,1
181,E02000191,0.9888535031847133,0.005573248407643312,0.004777070063694267,0.0007961783439490446,1
182,E02000192,0.9876306620209059,0.008188153310104529,0.003832752613240418,0.0003484320557491289,1
183,E02000193,0.9883657516815124,0.0074531903290310855,0.003090347209598255,0.0010907107798582077,1
184,E02000194,0.9842309234264333,0.01042362688761192,0.004677268475210477,0.0006681812107443538,1
185,E02000195,0.9868234078284459,0.008784394781036042,0.004004650561942901,0.0003875468285751195,1
186,E02000196,0.9907407407407407,0.0060185185185185185,0.0030864197530864196,0.00015432098765432098,1
187,E02000197,0.9904319300164024,0.005740841990158557,0.0031437944231820667,0.000683433570256971,1
188,E02000198,0.9880290722530997,0.006270485962662106,0.005130397605814451,0.0005700441784238278,1
189,E02000199,0.9879964433906343,0.007854179016004742,0.004001185536455246,0.00014819205690574984,1
190,E02000200,0.9869458797933097,0.008430785966820778,0.003807451726951319,0.0008158825129181398,1
191,E02000201,0.9856995429750848,0.009877635264632168,0.0041279669762641896,0.0002948547840188707,1
192,E02000202,0.9896358543417367,0.0061624649859943975,0.0036414565826330533,0.0005602240896358543,1
193,E02000203,0.9906245034164946,0.006038455426664548,0.0031781344350866043,0.0001589067217543302,1
194,E02000204,0.9917235943247504,0.004072517078297425,0.0038097740409879137,0.00039411455596426696,1
195,E02000206,0.9888569374550683,0.007189072609633357,0.003474718427989456,0.0004792715073088905,1
196,E02000207,0.9887687188019967,0.005684969495285635,0.004853022739877981,0.0006932889628397116,1
197,E02000208,0.9917568897637795,0.004183070866141733,0.003813976377952756,0.00024606299212598425,1
198,E02000209,0.9908584487930295,0.0049992858163119555,0.0035709184402228254,0.0005713469504356521,1
199,E02000210,0.9854508787093057,0.00965139729184673,0.004177470469605301,0.0007202535292422932,1
200,E02000211,0.9729096500219652,0.01845072484990482,0.006735978913457314,0.0019036462146727192,1
201,E02000212,0.9925031236984589,0.0058309037900874635,0.0015271414688324309,0.00013883104262113008,1
202,E02000213,0.9900889967637541,0.006270226537216829,0.0034385113268608413,0.0002022653721682848,1
203,E02000214,0.9819111285882816,0.012583562721195438,0.004522217852929611,0.0009830908375933936,1
204,E02000215,0.9832640332640332,0.010187110187110188,0.006340956340956341,0.0002079002079002079,1
205,E02000216,0.9815684228829769,0.011824030603373326,0.005912015301686663,0.0006955312119631368,1
206,E02000217,0.985613055615203,0.008589220528237063,0.0055829933433540905,0.00021473051320592657,1
207,E02000218,0.9795201872440024,0.013848254339769847,0.005851375073142188,0.0007801833430856252,1
208,E02000219,0.9757259179597481,0.017053310800430172,0.005377170072207713,0.0018436011676140728,1
209,E02000221,0.9825317061497966,0.0104091888011486,0.006939459200765733,0.00011964584828906437,1
210,E02000222,0.9815668202764977,0.013081611416679054,0.005202913631633715,0.0001486546751895347,1
211,E02000223,0.9847074468085106,0.010139627659574468,0.004155585106382979,0.0009973404255319148,1
212,E02000224,0.9854823602872307,0.009054011863877614,0.004683109584764283,0.0007805182641273806,1
213,E02000225,0.9799176107106076,0.013216615173360797,0.006522485410230003,0.00034328870580157915,1
214,E02000226,0.9729428616902753,0.01830335826834315,0.007798822218685341,0.0009549578226961642,1
215,E02000227,0.9756877799104287,0.016208146726380893,0.006397952655150352,0.0017061207080400938,1
216,E02000228,0.967948717948718,0.020637898686679174,0.010006253908692933,0.0014071294559099437,1
217,E02000229,0.9788538803129626,0.01585958976527807,0.005286529921759357,0.0,1
218,E02000230,0.9800559832050385,0.01364590622813156,0.005248425472358292,0.0010496850944716584,1
219,E02000231,0.9815069539966377,0.012532477456824087,0.005502063273727648,0.0004585052728106373,1
220,E02000232,0.968053638335634,0.02326957207651351,0.0072963912443305065,0.0013803983435219877,1
221,E02000233,0.976390556222489,0.016606642657062826,0.005402160864345739,0.001600640256102441,1
222,E02000234,0.977226788842474,0.0163050801778736,0.0060638727934240666,0.00040425818622827114,1
223,E02000235,0.9721825962910129,0.018544935805991442,0.008024251069900143,0.0012482168330955777,1
224,E02000236,0.979482099900948,0.012310740059431158,0.006933635205886515,0.001273524833734258,1
225,E02000237,0.96685173089484,0.023187459177008492,0.008327890267798824,0.0016329196603527107,1
226,E02000238,0.9866434378629501,0.009523809523809525,0.0033681765389082462,0.0004645760743321719,1
227,E02000239,0.9895372233400402,0.00818242790073776,0.0018779342723004694,0.00040241448692152917,1
228,E02000240,0.978815985342952,0.017061719912973776,0.0036642619947326233,0.0004580327493415779,1
229,E02000241,0.9786765950245389,0.01641563716364867,0.004230834320528008,0.0006769334912844813,1
230,E02000242,0.9925571504518873,0.005670742512847776,0.001594896331738437,0.000177210703526493,1
231,E02000243,0.9856640899508081,0.008432888264230498,0.0046380885453267745,0.0012649332396345748,1
232,E02000244,0.9907595927956148,0.006734534064212999,0.002192638997650744,0.00031323414252153485,1
233,E02000245,0.9868894971906066,0.009076501944964703,0.00345771502665322,0.0005762858377755367,1
234,E02000246,0.9842902822188239,0.011260948144028917,0.0034756012790212705,0.0009731683581259558,1
235,E02000247,0.9830038154699965,0.012486992715920915,0.003699849693606197,0.0008093421204763557,1
236,E02000248,0.9907181240840254,0.00537371763556424,0.0035824784237094938,0.0003256798567008631,1
237,E02000249,0.9877282250823107,0.008530380125710864,0.0032924274169410356,0.0004489673750374139,1
238,E02000250,0.9844529750479847,0.009596928982725527,0.005758157389635317,0.00019193857965451057,1
239,E02000251,0.9917231000752446,0.005869074492099322,0.002106847253574116,0.00030097817908201655,1
240,E02000252,0.9907274639135838,0.006978300353694676,0.002294235732721537,0.0,1
241,E02000253,0.9885657469550087,0.00695998011434253,0.0038528461347253295,0.0006214267959234402,1
242,E02000254,0.9923949299533023,0.005203468979319547,0.002134756504336224,0.000266844563042028,1
243,E02000255,0.9900977529516314,0.005585882950361813,0.0036816046718293766,0.0006347594261774788,1
244,E02000256,0.9889445944208767,0.006299010155546986,0.004370741740583622,0.0003856536829926726,1
245,E02000258,0.986870897155361,0.008388037928519328,0.004194018964259664,0.0005470459518599562,1
246,E02000259,0.9877906976744186,0.006007751937984496,0.005813953488372093,0.0003875968992248062,1
247,E02000260,0.9960428899668113,0.0020423793719683433,0.0015317845289762573,0.00038294613224406433,1
248,E02000261,0.9924790280590107,0.004435444990839842,0.0028926815157651145,0.00019284543438434094,1
249,E02000262,0.9894736842105263,0.0044736842105263155,0.005657894736842106,0.00039473684210526315,1
250,E02000263,0.9960357702590578,0.0016594450078362682,0.0022125933437816907,9.219138932423711e-05,1
251,E02000264,0.9861454046639232,0.008093278463648833,0.0054869684499314125,0.00027434842249657066,1
252,E02000265,0.9908630559225011,0.005614266842800529,0.0030823425803610744,0.00044033465433729633,1
253,E02000266,0.9910904512880109,0.005713732326166957,0.0030989734650397056,9.68429207824908e-05,1
254,E02000267,0.9881638374085033,0.007163993147484816,0.004049213518143592,0.0006229559258682448,1
255,E02000268,0.9808851828094932,0.011930724823604875,0.006414368184733804,0.0007697241821680564,1
256,E02000269,0.9874108903382375,0.008038829061125435,0.0037919005005308663,0.0007583801001061733,1
257,E02000270,0.9884169884169884,0.004761904761904762,0.005920205920205921,0.0009009009009009009,1
258,E02000271,0.9852706299911269,0.007630878438331854,0.006211180124223602,0.0008873114463176575,1
259,E02000272,0.9880619287446372,0.009886215258347323,0.0016787912702853946,0.00037306472673008767,1
260,E02000275,0.9943606157597927,0.0038103947568968147,0.0016765736930345985,0.00015241579027587258,1
261,E02000276,0.9845132743362832,0.009402654867256638,0.0055309734513274336,0.0005530973451327434,1
262,E02000277,0.9851528384279477,0.011353711790393014,0.0034934497816593887,0.0,1
263,E02000278,0.9895163544870003,0.006429969247973162,0.0030752026838132512,0.0009784735812133072,1
264,E02000279,0.98887542680912,0.006939090208172706,0.0038550501156515036,0.00033043286705584316,1
265,E02000280,0.9808548530721283,0.01365390323538142,0.004897595725734639,0.0005936479667557139,1
266,E02000281,0.9859040390349688,0.009216589861751152,0.00433721875847113,0.0005421523448088912,1
267,E02000282,0.9875715682167295,0.008239072755201788,0.004049713727133082,0.00013964530093562352,1
268,E02000283,0.9879944589810682,0.006002770509465907,0.005387101739264276,0.0006156687702016315,1
269,E02000284,0.9830827067669173,0.010410641989589358,0.00578368999421631,0.0007229612492770387,1
270,E02000285,0.9771120208410867,0.01618905842947525,0.006326758466691477,0.0003721622627465575,1
271,E02000286,0.9742719819055697,0.018659881255301103,0.005795872208085948,0.001272264631043257,1
272,E02000287,0.9835520850639641,0.011962119953480645,0.004153513872736335,0.0003322811098189068,1
273,E02000288,0.9901991779955738,0.005796185056381073,0.003583096216671936,0.00042154073137316893,1
274,E02000289,0.9797074954296161,0.014442413162705668,0.005118829981718464,0.0007312614259597807,1
275,E02000290,0.9927879662064703,0.00329692973418504,0.0035029878425716053,0.00041211621677313,1
276,E02000291,0.9808576755748912,0.013424487259167185,0.0053449347420758235,0.00037290242386575515,1
277,E02000292,0.9869959280178642,0.008669381321423881,0.004203336398266123,0.00013135426244581636,1
278,E02000293,0.9768376722817764,0.01454823889739663,0.007274119448698315,0.001339969372128637,1
279,E02000294,0.9902642559109874,0.007093184979137691,0.0025034770514603616,0.00013908205841446454,1
280,E02000295,0.9846220803713913,0.010445379370375743,0.0043522414043232266,0.0005802988539097636,1
281,E02000296,0.9868150477803315,0.008225474779242773,0.004233700254022015,0.0007257771864037741,1
282,E02000297,0.9827920817699572,0.012032604476646397,0.004399016690386855,0.0007762970630094449,1
283,E02000298,0.9851663170512436,0.009139946059334731,0.00464489062031765,0.0010488462691039856,1
284,E02000299,0.9915989918790254,0.0043405208625035005,0.0037804536544385325,0.0002800336040324839,1
285,E02000300,0.9891707461800919,0.007120605251446373,0.003263610740246254,0.0004450378282153983,1
286,E02000301,0.9908387096774194,0.005161290322580645,0.004,0.0,1
287,E02000302,0.9865637507146942,0.008290451686678102,0.0037164093767867354,0.001429388221841052,1
288,E02000303,0.9894948246562645,0.006025027035377723,0.002935269581337865,0.001544878727019929,1
289,E02000304,0.9848854961832061,0.011297709923664122,0.003511450381679389,0.0003053435114503817,1
290,E02000305,0.9890590809628009,0.007521881838074398,0.002735229759299781,0.0006838074398249453,1
291,E02000306,0.9921087242437527,0.00394563787812363,0.0035072336694432268,0.00043840420868040335,1
292,E02000307,0.9925821716332012,0.004476275738585497,0.002557871850620284,0.0003836807775930426,1
293,E02000308,0.9887927365583771,0.0065257483330968934,0.003688466449141722,0.0009930486593843098,1
294,E02000309,0.9912470160281914,0.005001705126747755,0.0032965783789928385,0.0004547004660679777,1
295,E02000311,0.9924803195864176,0.0042298202326401125,0.00328986018094231,0.0,1
296,E02000312,0.9913071474565357,0.005044000858553338,0.0031122558488946126,0.0005365958360163126,1
297,E02000313,0.9829323462882994,0.012543697306189596,0.003907053259304956,0.0006169031462060457,1
298,E02000314,0.9846009389671362,0.011173708920187793,0.003943661971830986,0.00028169014084507044,1
299,E02000315,0.9842206366630076,0.011800219538968168,0.0034302963776070253,0.0005488474204171241,1
300,E02000317,0.9865261703230265,0.009328035930212471,0.003800310934531007,0.00034548281223009154,1
301,E02000318,0.9604267033723332,0.034870383115393436,0.0028676301904106446,0.0018352833218628125,1
302,E02000319,0.9768335133837475,0.018965310286880328,0.004081142719961589,0.00012003360941063497,1
303,E02000320,0.9824817518248176,0.013686131386861315,0.0032846715328467154,0.0005474452554744526,1
304,E02000321,0.9807756603142762,0.015045135406218655,0.004179204279505183,0.0,1
305,E02000323,0.9799237100983739,0.015157598875727766,0.00451716522786589,0.0004015257980325236,1
306,E02000324,0.9807221042313348,0.01437673582747917,0.004247671949027937,0.0006534879921581441,1
307,E02000326,0.9847011952191235,0.010358565737051793,0.004143426294820717,0.0007968127490039841,1
308,E02000327,0.9818748781913857,0.012668095887741182,0.004677450789319821,0.0007795751315533034,1
309,E02000328,0.9798281658573029,0.01307433694434068,0.006723944714232349,0.00037355248412401944,1
310,E02000329,0.9781399046104928,0.01649443561208267,0.00397456279809221,0.0013910969793322733,1
311,E02000331,0.9813271604938272,0.014197530864197531,0.004166666666666667,0.00030864197530864197,1
312,E02000332,0.9765519568151148,0.016025641025641024,0.006241565452091768,0.0011808367071524967,1
313,E02000333,0.9705250829592036,0.01795822760101503,0.010150302557095451,0.0013663868826859261,1
314,E02000334,0.9815858699736941,0.012589252160841788,0.0054490792934986845,0.0003757985719654265,1
315,E02000335,0.9725690503216042,0.017215285660234583,0.00832387438516837,0.0018917896329928112,1
316,E02000337,0.9790851640084262,0.01504664459825459,0.0052663256093891065,0.0006018657839301836,1
317,E02000339,0.9742278182175881,0.01967342120794806,0.005115089514066497,0.0009836710603974032,1
318,E02000340,0.9741532976827094,0.01675579322638146,0.00819964349376114,0.00089126559714795,1
319,E02000341,0.9806451612903225,0.012572373862696443,0.005789909015715467,0.0009925558312655087,1
320,E02000342,0.981590285938112,0.011750881316098707,0.00626713670191931,0.0003916960438699569,1
321,E02000343,0.9771673207277917,0.016232607920085622,0.0058865501248662145,0.0007135212272565109,1
322,E02000344,0.9735112142304718,0.017788089713843776,0.007347254447022429,0.0013534416086620263,1
323,E02000345,0.9955248927838896,0.0029834048107402573,0.0013052396046988625,0.00018646280067126608,1
324,E02000346,0.9910856838744013,0.0041245343267695585,0.0033262373602980307,0.0014635444385311335,1
325,E02000347,0.9903706395348837,0.004542151162790698,0.0049055232558139535,0.0001816860465116279,1
326,E02000348,0.9948128936643201,0.0029640607632456465,0.002037791774731382,0.0001852537977028529,1
327,E02000350,0.9918819188191882,0.004059040590405904,0.0039360393603936035,0.0001230012300123001,1
328,E02000351,0.9928211586901763,0.0036523929471032747,0.0031486146095717885,0.0003778337531486146,1
329,E02000352,0.9918297548926468,0.004940148204446134,0.003230096902907087,0.0,1
330,E02000353,0.992133271633503,0.0049359864260373285,0.002776492364645997,0.00015424957581366652,1
331,E02000354,0.9915053091817614,0.0032479700187382885,0.004871955028107433,0.00037476577139287947,1
332,E02000355,0.9908675799086758,0.004418912947414936,0.004271615849167771,0.0004418912947414936,1
333,E02000356,0.9942402168388955,0.0032187023547348807,0.0022022700321870235,0.000338810774182619,1
334,E02000357,0.9903417533432393,0.005572065378900446,0.004086181277860327,0.0,1
335,E02000358,0.991812865497076,0.004465709728867623,0.0034024455077086655,0.0003189792663476874,1
336,E02000359,0.9920193021529324,0.0033407572383073497,0.0046399406087602076,0.0,1
337,E02000360,0.9913203862428122,0.003797331018769665,0.004665292394488445,0.00021699034392969513,1
338,E02000361,0.9941775836972343,0.0033478893740902477,0.0024745269286754004,0.0,1
339,E02000362,0.9920880632954936,0.003955968352253182,0.003611971104231166,0.0003439972480220158,1
340,E02000363,0.9926855895196507,0.004585152838427947,0.0025109170305676856,0.0002183406113537118,1
341,E02000364,0.9916495375128469,0.0052672147995889,0.0029547790339157247,0.00012846865364850977,1
342,E02000366,0.9900831267318069,0.006854309464780516,0.002625054688639347,0.00043750911477322444,1
343,E02000367,0.9910112359550561,0.004719101123595505,0.004044943820224719,0.00022471910112359551,1
344,E02000368,0.9925446101197751,0.0037888046932290395,0.0034221461745294547,0.0002444390124663896,1
345,E02000369,0.9927124066832563,0.004976892996800568,0.0018663348738002133,0.00044436544614290794,1
346,E02000370,0.9918153763585134,0.003756876425600429,0.0038910505836575876,0.0005366966322286328,1
347,E02000372,0.9882477376895052,0.006228699024562228,0.004700904924197908,0.0008226583617346339,1
348,E02000373,0.9921274258513365,0.003478579274990846,0.004027828634199927,0.0003661662394727206,1
349,E02000374,0.9870268349031456,0.00675315443397903,0.005686866891771815,0.0005331437711036076,1
350,E02000375,0.9876210125376924,0.0066656086335502305,0.00476114902396445,0.0009522298047928901,1
351,E02000376,0.9907423281330362,0.004628835933481913,0.004457397565575175,0.00017143836790673754,1
352,E02000377,0.9881476979182495,0.007901534721166996,0.003494909588208479,0.000455857772375019,1
353,E02000378,0.9874529485570891,0.006811256497580211,0.00555655135328912,0.0001792435920415845,1
354,E02000379,0.9849195710455764,0.008378016085790885,0.0061997319034852545,0.0005026809651474531,1
355,E02000380,0.9840227620923616,0.008973517181002408,0.006347121908513898,0.0006565988181221273,1
356,E02000381,0.9835234474017744,0.009188846641318124,0.006495564005069708,0.0007921419518377693,1
357,E02000382,0.9861163940661849,0.008368200836820083,0.004754659566375047,0.0007607455306200076,1
358,E02000383,0.9853898260061097,0.010492761322884845,0.0034533138531013417,0.0006640988179041042,1
359,E02000384,0.9890710382513661,0.006585400028022979,0.004063331932184391,0.00028022978842650974,1
360,E02000385,0.9870613605175456,0.00627327974906881,0.00627327974906881,0.00039207998431680063,1
361,E02000386,0.9868114817688131,0.007447633824670287,0.005275407292474787,0.00046547711404189296,1
362,E02000387,0.9871647509578544,0.008045977011494253,0.004406130268199234,0.0003831417624521073,1
363,E02000388,0.9841918060861546,0.008035831906204716,0.007508892109076538,0.00026346989856408903,1
364,E02000389,0.982355354944604,0.009711393790179181,0.007112570099849542,0.0008206811653672548,1
365,E02000390,0.9841209829867675,0.009073724007561436,0.006427221172022685,0.0003780718336483932,1
366,E02000391,0.9710677749360613,0.021099744245524295,0.0059143222506393865,0.0019181585677749361,1
367,E02000392,0.9862194487779511,0.007280291211648466,0.005850234009360375,0.0006500260010400416,1
368,E02000393,0.9847512038523274,0.010232744783306581,0.005016051364365971,0.0,1
369,E02000394,0.9878269878269879,0.00777000777000777,0.004014504014504015,0.0003885003885003885,1
370,E02000395,0.976825266611977,0.01394585726004922,0.008203445447087777,0.001025430680885972,1
371,E02000396,0.985568140299598,0.00876872488125685,0.005297771282426014,0.00036536353671903543,1
372,E02000397,0.9899097997248127,0.005809509249350252,0.0038220455587830607,0.00045864546705396726,1
373,E02000398,0.9934166103983795,0.0035449020931802838,0.003038487508440243,0.0,1
374,E02000400,0.9907174323473883,0.005349276274386407,0.0039332913782252985,0.0,1
375,E02000401,0.9910825753522383,0.005885500267522739,0.003031924380238987,0.0,1
376,E02000402,0.9917180277349769,0.005007704160246533,0.0025038520801232665,0.0007704160246533128,1
377,E02000403,0.9921196526214217,0.0041814088131231905,0.003538115149565777,0.0001608234158893535,1
378,E02000404,0.9930543791292563,0.004912756225647976,0.0018634592580044046,0.0001694053870913095,1
379,E02000405,0.9911699779249448,0.005418422636965683,0.0030102347983142685,0.0004013646397752358,1
380,E02000406,0.9926867490858436,0.00383075047884381,0.003308375413546927,0.00017412502176562773,1
381,E02000407,0.9917368762151653,0.0059948152948801035,0.002106286454957874,0.00016202203499675956,1
382,E02000408,0.9913540219237301,0.0041685965724872626,0.004014204106839586,0.0004631773969430292,1
383,E02000409,0.9938148443735035,0.003391859537110934,0.002793296089385475,0.0,1
384,E02000410,0.9909510974201001,0.005968425105891413,0.002887947631882942,0.00019252984212552945,1
385,E02000411,0.9955176093916756,0.0023479188900747067,0.00192102454642476,0.00021344717182497332,1
386,E02000412,0.9936548223350253,0.004124365482233503,0.002220812182741117,0.0,1
387,E02000413,0.9879119059446928,0.006954793840039742,0.004967709885742673,0.00016559032952475575,1
388,E02000414,0.99435318275154,0.003080082135523614,0.002566735112936345,0.0,1
389,E02000415,0.9934047815333883,0.0034624896949711458,0.002967848309975268,0.00016488046166529267,1
390,E02000416,0.9909668313338038,0.0056457304163726185,0.003387438249823571,0.0,1
391,E02000417,0.987690611794966,0.007348888480617307,0.004041888664339519,0.0009186110600771634,1
392,E02000418,0.9880818529345626,0.006746120980436249,0.005172026085001125,0.0,1
393,E02000419,0.9928388055668153,0.004323740035130388,0.002837454398054317,0.0,1
394,E02000420,0.9897883676187658,0.005031818854521237,0.004735829510137635,0.0004439840165754033,1
395,E02000421,0.9930771404351512,0.0035320712065555243,0.0032495055100310822,0.00014128284826222097,1
396,E02000422,0.9923638778220452,0.004150066401062417,0.0034860557768924302,0.0,1
397,E02000423,0.9914314516129032,0.003528225806451613,0.0045362903225806455,0.0005040322580645161,1
398,E02000424,0.9916828879844275,0.003539196602371262,0.004247035922845514,0.0005308794903556893,1
399,E02000425,0.9908149306234122,0.005276529216337698,0.0037131131522376393,0.00019542700801250732,1
400,E02000426,0.985534473041518,0.009017471350742063,0.0045087356753710315,0.0009393199323689649,1
401,E02000427,0.9911764705882353,0.005363321799307958,0.0031141868512110727,0.00034602076124567473,1
402,E02000428,0.9945961735066452,0.001898641740908427,0.0035051847524463268,0.0,1
403,E02000429,0.9887920298879203,0.006938267212239815,0.003913894324853229,0.0003558085749866572,1
404,E02000430,0.9915894267078613,0.004462753175420529,0.00394782011671816,0.0,1
405,E02000431,0.9883972468043265,0.007472959685349066,0.003933136676499509,0.00019665683382497542,1
406,E02000432,0.9911985018726591,0.0033707865168539327,0.0046816479400749065,0.000749063670411985,1
407,E02000433,0.9802228412256268,0.0149025069637883,0.00403899721448468,0.0008356545961002785,1
408,E02000434,0.9901332017760237,0.006413418845584608,0.003453379378391712,0.0,1
