,GEOGRAPHY_CODE,"All adults in household have English in England, or English or Welsh in Wales as a main language","At least one but not all adults in household have English in England, or English or Welsh in Wales as a main language","No adults in household, but at least one person aged 3 to 15 years, has English in England or English or Welsh in Wales as a main language","No people in household have English in England, or English or Welsh in Wales as a main language",Total: All households
0,E02000001,0.7468457468457469,0.07875457875457875,0.008547008547008548,0.16585266585266586,4914.0
1,E02000002,0.7609756097560976,0.10278745644599303,0.04912891986062718,0.08710801393728224,2870.0
2,E02000003,0.6932078351564488,0.13482574408547443,0.05189519206308827,0.12007122869498855,3931.0
3,E02000004,0.8215677782589865,0.07665656128194023,0.03161541792983976,0.07016024252923343,2309.0
4,E02000005,0.7075523704520397,0.11934950385887541,0.05705622932745314,0.11604189636163176,3628.0
5,E02000007,0.7821001088139282,0.07290533188248095,0.046789989118607184,0.09820457018498367,3676.0
6,E02000008,0.745187107938568,0.08760545100584036,0.05991780229288341,0.1072896387627082,4623.0
7,E02000009,0.6650211565585331,0.12740949694405265,0.06064880112834979,0.1469205453690644,4254.0
8,E02000010,0.7391042981665163,0.0880673279230538,0.06251878569281635,0.11030958821761347,3327.0
9,E02000011,0.7141036533559898,0.10492778249787596,0.05055225148683093,0.1304163126593033,2354.0
10,E02000012,0.6282674772036474,0.225531914893617,0.044072948328267476,0.10212765957446808,3290.0
11,E02000013,0.7304027051952044,0.10236704580387335,0.05348908699661851,0.11374116200430372,3253.0
12,E02000014,0.7399645808736718,0.08736717827626919,0.06050767414403778,0.11216056670602124,3388.0
13,E02000015,0.7698648203099242,0.0791295746785361,0.05440158259149357,0.09660402242004616,3033.0
14,E02000016,0.5696667541327736,0.1327735502492784,0.06953555497244818,0.22802414064549986,3811.0
15,E02000017,0.5236889692585895,0.2065099457504521,0.06256781193490055,0.20723327305605788,2765.0
16,E02000018,0.7216207856480049,0.11135168574079803,0.056294463346736774,0.11073306526446025,3233.0
17,E02000019,0.7295695570804741,0.10262008733624454,0.0651902682470368,0.10262008733624454,3206.0
18,E02000020,0.6346318493150684,0.14554794520547945,0.0644263698630137,0.15539383561643835,4672.0
19,E02000021,0.6978171896316507,0.1169849931787176,0.06582537517053207,0.11937244201909959,2932.0
20,E02000022,0.6244635193133047,0.12696709585121602,0.06723891273247497,0.1813304721030043,2796.0
21,E02000023,0.6963213213213213,0.12424924924924925,0.06456456456456457,0.11486486486486487,2664.0
22,E02000024,0.8414824737664657,0.06965840589417281,0.013395847287340924,0.07546327305202054,4479.0
23,E02000025,0.8294635708566853,0.06405124099279423,0.025620496397117692,0.08086469175340272,3747.0
24,E02000026,0.8276273885350318,0.08280254777070063,0.02269108280254777,0.06687898089171974,2512.0
25,E02000027,0.7873438348723519,0.09397066811515481,0.03231939163498099,0.08636610537751223,3682.0
26,E02000028,0.7838038632986627,0.08432392273402675,0.033432392273402674,0.09843982169390787,2692.0
27,E02000029,0.7736714324251416,0.09090909090909091,0.034799028864310765,0.10062044780145671,3707.0
28,E02000030,0.8334754191531685,0.08667235009946007,0.02557544757033248,0.054276783177038934,3519.0
29,E02000031,0.7719614921780987,0.0914560770156438,0.026173285198555957,0.11040914560770157,3324.0
30,E02000032,0.7471766848816029,0.14134790528233152,0.02331511839708561,0.08816029143897997,2745.0
31,E02000033,0.7715184443808979,0.10265942236202459,0.03174149270803546,0.09408064054904204,3497.0
32,E02000034,0.7366220735785953,0.10005574136008918,0.04319955406911929,0.12012263099219621,3588.0
33,E02000035,0.7069160997732427,0.09212018140589569,0.02806122448979592,0.17290249433106575,3528.0
34,E02000036,0.7269269776876268,0.10141987829614604,0.052231237322515216,0.11942190669371197,3944.0
35,E02000037,0.7801990852838311,0.09954264191552327,0.025289211729889696,0.09496906107075599,3717.0
36,E02000038,0.7123595505617978,0.11910112359550562,0.037952559300873906,0.13058676654182272,4005.0
37,E02000039,0.780396558174336,0.09427609427609428,0.02543958099513655,0.09988776655443322,2673.0
38,E02000040,0.7729991455425804,0.11677584733694105,0.031899743662774135,0.07832526345770435,3511.0
39,E02000041,0.6463157894736842,0.12511278195488723,0.05142857142857143,0.17714285714285713,3325.0
40,E02000042,0.6168363019508057,0.12468193384223919,0.03604749787955895,0.2224342663273961,4716.0
41,E02000043,0.7185741088180112,0.11857410881801125,0.03302063789868668,0.12983114446529082,2665.0
42,E02000044,0.6651465798045603,0.14332247557003258,0.05570032573289902,0.13583061889250814,3070.0
43,E02000045,0.7088788383718162,0.11854320399904784,0.04522732682694597,0.12735063080218995,4201.0
44,E02000046,0.6488364015283085,0.12539076068079194,0.037165682528655784,0.18860715526224384,2879.0
45,E02000047,0.5731591448931116,0.15771971496437054,0.06722090261282661,0.20190023752969122,4210.0
46,E02000048,0.7521518987341772,0.10683544303797468,0.03265822784810127,0.10835443037974683,3950.0
47,E02000049,0.6194108364018938,0.14281956864807996,0.06522882693319305,0.17254076801683324,3802.0
48,E02000050,0.7017848289538919,0.12097174020823004,0.035448686167575606,0.14179474467030243,4034.0
49,E02000051,0.7152649617716846,0.0975481149485895,0.03321908779330345,0.15396783548642234,3793.0
50,E02000052,0.7474337550728097,0.11028885175459537,0.030556218667939842,0.11172117450465505,4189.0
51,E02000054,0.6186469202288791,0.1447324133288455,0.03904409289801414,0.1975765735442612,2971.0
52,E02000055,0.6131824234354194,0.13138038171327118,0.03595206391478029,0.21948513093652908,4506.0
53,E02000056,0.7996515679442509,0.09407665505226481,0.02468060394889663,0.08159117305458768,3444.0
54,E02000057,0.6794824399260628,0.12088724584103512,0.026987060998151572,0.17264325323475047,2705.0
55,E02000058,0.7384089799902391,0.09272816007808687,0.03733528550512445,0.13152757442654953,4098.0
56,E02000059,0.5761947700631199,0.1564472497745717,0.04192966636609558,0.2254283137962128,4436.0
57,E02000060,0.7087956698240866,0.10960757780784844,0.018673883626522326,0.16292286874154263,3695.0
58,E02000061,0.6656398767852142,0.10557266872024643,0.021842621114533743,0.2069448333800056,3571.0
59,E02000062,0.5678776290630975,0.16481835564053537,0.05315487571701721,0.21414913957934992,2615.0
60,E02000063,0.5750088245675962,0.15460642428521001,0.049770561242499116,0.22061418990469467,2833.0
61,E02000064,0.6701665459811731,0.11947863866763216,0.05611875452570601,0.15423606082548877,2762.0
62,E02000065,0.812972972972973,0.07567567567567568,0.02954954954954955,0.0818018018018018,2775.0
63,E02000066,0.8034959120383423,0.08175923315477869,0.026219340287566957,0.08852551451931209,3547.0
64,E02000067,0.8020572002007025,0.07049673858504767,0.02784746613146011,0.09959859508278976,3986.0
65,E02000068,0.8301001251564456,0.05944931163954944,0.033479349186483105,0.0769712140175219,3196.0
66,E02000069,0.8498220640569395,0.0601423487544484,0.021708185053380784,0.06832740213523132,2810.0
67,E02000070,0.8802547770700637,0.054140127388535034,0.018471337579617834,0.04713375796178344,3140.0
68,E02000071,0.897318278052223,0.04446012702893437,0.016584333098094567,0.04163726182074806,2834.0
69,E02000072,0.8551621160409556,0.05396757679180887,0.02901023890784983,0.06186006825938566,4688.0
70,E02000073,0.8963861511245893,0.047510740459944405,0.017942886024766236,0.03816022239070003,3957.0
71,E02000074,0.8946316390633924,0.04597372929754426,0.01770416904625928,0.04169046259280411,3502.0
72,E02000075,0.9161638615433471,0.03620196887900921,0.01841854557002223,0.02921562400762147,3149.0
73,E02000077,0.840599455040872,0.0667574931880109,0.025544959128065394,0.06709809264305178,2936.0
74,E02000078,0.9181848294137132,0.038092083471348126,0.012918184829413714,0.03080490228552501,3019.0
75,E02000079,0.8689347462353597,0.049637479085331844,0.024539877300613498,0.05688789737869492,3586.0
76,E02000080,0.8472222222222222,0.06918238993710692,0.026467505241090147,0.05712788259958071,3816.0
77,E02000081,0.8966148215919487,0.04910033546813053,0.01982311680390363,0.03446172613601708,3279.0
78,E02000082,0.8926291352292514,0.04526987811955891,0.025246662797446313,0.03685432385374347,3446.0
79,E02000083,0.887289088863892,0.04319460067491564,0.01732283464566929,0.05219347581552306,4445.0
80,E02000084,0.908787806620624,0.04501071683734222,0.015241724220052393,0.030959752321981424,4199.0
81,E02000085,0.9170731707317074,0.03934959349593496,0.016260162601626018,0.027317073170731707,3075.0
82,E02000086,0.93974175035868,0.027977044476327116,0.010401721664275465,0.02187948350071736,2788.0
83,E02000087,0.9334738109572547,0.03552077062010837,0.009933774834437087,0.02107164358819988,3322.0
84,E02000088,0.9442953020134228,0.027181208053691275,0.01040268456375839,0.018120805369127517,2980.0
85,E02000089,0.934228650137741,0.03271349862258953,0.014118457300275482,0.01893939393939394,2904.0
86,E02000090,0.9153552694325227,0.03528850739151168,0.015259895088221268,0.0340963280877444,4194.0
87,E02000091,0.9238202247191011,0.031011235955056178,0.011685393258426966,0.03348314606741573,4450.0
88,E02000092,0.9134119380987472,0.036845983787767135,0.019528371407516582,0.03021370670596905,2714.0
89,E02000093,0.503475935828877,0.20267379679144384,0.05106951871657754,0.2427807486631016,3740.0
90,E02000094,0.572252668012691,0.1843092010383617,0.057109893279492355,0.18632823766945486,3467.0
91,E02000095,0.49717336683417085,0.2041457286432161,0.055904522613065326,0.24277638190954773,3184.0
92,E02000096,0.5995194233079696,0.17581097316780137,0.03404084901882259,0.19062875450540648,2497.0
93,E02000097,0.5602369980250165,0.17873601053324556,0.05727452271231073,0.20375246872942726,3038.0
94,E02000098,0.5777391304347826,0.1763478260869565,0.05286956521739131,0.19304347826086957,2875.0
95,E02000099,0.4955418381344307,0.20919067215363513,0.059670781893004114,0.23559670781893005,2916.0
96,E02000100,0.6024143302180686,0.19470404984423675,0.031931464174454825,0.17095015576323988,2568.0
97,E02000101,0.5921441228588304,0.17424689899586532,0.04754873006497342,0.18606024808033078,3386.0
98,E02000102,0.5243947858472998,0.17094972067039105,0.07299813780260708,0.23165735567970205,2685.0
99,E02000103,0.6010976314269209,0.1707105719237435,0.0488157134604275,0.17937608318890816,3462.0
100,E02000104,0.5625,0.20447019867549668,0.04718543046357616,0.18584437086092714,2416.0
101,E02000105,0.5046668812359189,0.1837785645317026,0.07241712262632764,0.23913743160605086,3107.0
102,E02000106,0.5128276631344116,0.17066369213608476,0.0619074177356386,0.254601226993865,3586.0
103,E02000107,0.5896377808344796,0.14924346629986246,0.036680421824850984,0.22443833104080696,4362.0
104,E02000108,0.5061565523306948,0.1948109058927001,0.07299912049252419,0.2260334212840809,2274.0
105,E02000110,0.6509372979961215,0.143180349062702,0.023917259211376857,0.1819650937297996,3094.0
106,E02000111,0.4608150470219436,0.2031347962382445,0.07962382445141065,0.2564263322884012,3190.0
107,E02000112,0.4954233409610984,0.20022883295194507,0.055205949656750575,0.24914187643020594,3496.0
108,E02000113,0.6074794770446944,0.185162663423533,0.054727880814837336,0.15262997871693523,3289.0
109,E02000114,0.6016194331983805,0.14601889338731444,0.03346828609986505,0.21889338731443994,3705.0
110,E02000115,0.674142820314514,0.10750193348801237,0.03299819541118845,0.18535705078628512,3879.0
111,E02000116,0.5619400679641644,0.14921223354958293,0.07136237256719184,0.21748532591906086,3237.0
112,E02000117,0.6211388947257828,0.1334313931498214,0.0556839672200042,0.18974574490439167,4759.0
113,E02000118,0.449936628643853,0.21926489226869456,0.05798479087452472,0.27281368821292773,3156.0
114,E02000119,0.632338056680162,0.14347165991902833,0.056933198380566805,0.16725708502024292,3952.0
115,E02000120,0.6877209521564931,0.10228611831251473,0.025689370728258307,0.1843035588027339,4243.0
116,E02000121,0.4182519988971602,0.22415219189412738,0.06699751861042183,0.2905982905982906,3627.0
117,E02000122,0.7170886075949368,0.13544303797468354,0.02088607594936709,0.12658227848101267,3160.0
118,E02000123,0.6064271529156887,0.12384907022928326,0.055064090991153634,0.21465968586387435,5539.0
119,E02000124,0.7440519105984138,0.11920211487623167,0.024753664984378754,0.11199230954097572,4161.0
120,E02000125,0.7361075869068764,0.12433392539964476,0.025120527784826187,0.11443795990865263,3941.0
121,E02000126,0.6722466960352423,0.14772393538913361,0.038766519823788544,0.14126284875183553,3405.0
122,E02000127,0.8568031704095113,0.058652575957727875,0.02536327608982827,0.05918097754293263,3785.0
123,E02000128,0.9089425587467362,0.04406005221932115,0.015992167101827676,0.03100522193211488,3064.0
124,E02000130,0.8755798090040928,0.05948158253751705,0.015006821282401092,0.04993178717598908,3665.0
125,E02000131,0.8374112075769534,0.061365430149960536,0.019337016574585635,0.0818863456985004,5068.0
126,E02000132,0.8575763706251265,0.05947804976734777,0.01436374671252276,0.06858183289500304,4943.0
127,E02000133,0.9205175600739371,0.04782809611829945,0.009011090573012939,0.02264325323475046,4328.0
128,E02000134,0.8470832546724562,0.05644704549745139,0.020200113271663205,0.0762695865584293,5297.0
129,E02000135,0.8210265646105358,0.0679873930661864,0.028590724898694284,0.08239531742458352,4442.0
130,E02000136,0.9193899782135077,0.04139433551198257,0.011328976034858388,0.027886710239651415,2295.0
131,E02000137,0.8916712030484486,0.046543277082199234,0.015242242787152967,0.046543277082199234,3674.0
132,E02000138,0.8876540227107997,0.04904566320367239,0.013288233872916163,0.05001208021261174,4139.0
133,E02000139,0.8996978851963746,0.047129909365558914,0.011480362537764351,0.04169184290030212,3310.0
134,E02000140,0.8934131736526946,0.043712574850299404,0.019461077844311378,0.04341317365269461,3340.0
135,E02000141,0.8777490297542044,0.05918499353169469,0.016494178525226392,0.04657179818887452,3092.0
136,E02000142,0.8873117033603708,0.054461181923522596,0.015353418308227115,0.04287369640787949,3452.0
137,E02000144,0.8142393320964749,0.07258812615955473,0.029684601113172542,0.08348794063079777,4312.0
138,E02000145,0.8798405466970387,0.04441913439635535,0.025341685649202732,0.05039863325740319,3512.0
139,E02000146,0.8973280554181099,0.044532409698169226,0.01855517070757051,0.03958436417615042,4042.0
140,E02000147,0.9071676665614146,0.04389011682980739,0.01420903062835491,0.03473318598042311,3167.0
141,E02000148,0.9240459429418303,0.04260837347165617,0.012597258243793997,0.020748425342719527,2699.0
142,E02000149,0.9080389768574909,0.037758830694275276,0.01766138855054811,0.03654080389768575,3284.0
143,E02000150,0.9155698234349919,0.051364365971107544,0.01187800963081862,0.02118780096308186,3115.0
144,E02000151,0.9214959568733153,0.04245283018867924,0.014824797843665768,0.02122641509433962,2968.0
145,E02000152,0.8933764135702746,0.048465266558966075,0.019709208400646203,0.03844911147011309,3095.0
146,E02000153,0.9288428324697755,0.04248704663212435,0.013816925734024179,0.014853195164075994,2895.0
147,E02000154,0.8751749230338651,0.04450041981528128,0.022670025188916875,0.05765463196193675,3573.0
148,E02000155,0.9181190397895429,0.04176257809930944,0.012167050312397237,0.027951331798750412,3041.0
149,E02000156,0.9358288770053476,0.0374331550802139,0.008227067050596462,0.01851090086384204,4862.0
150,E02000157,0.9261970112839281,0.032326928941750536,0.016773406526379993,0.024702653247941447,3279.0
151,E02000158,0.8909030982201714,0.04976928147659855,0.01845748187211602,0.04087013843111404,3034.0
152,E02000159,0.9404677533664068,0.03508150248051028,0.007087172218284904,0.017363571934798015,2822.0
153,E02000160,0.9418145956607495,0.03418803418803419,0.01051939513477975,0.013477975016436555,3042.0
154,E02000161,0.8968301435406698,0.03977272727272727,0.028110047846889953,0.035287081339712915,3344.0
155,E02000162,0.9345479082321188,0.029014844804318488,0.01349527665317139,0.022941970310391364,2964.0
156,E02000163,0.9250570218312154,0.03942652329749104,0.01270772238514174,0.022808732486151843,3069.0
157,E02000165,0.9693318729463308,0.018619934282584884,0.0032858707557502738,0.008762322015334063,2739.0
158,E02000166,0.8486454652532391,0.089811542991755,0.011484098939929329,0.05005889281507656,3396.0
159,E02000167,0.8072932107915802,0.08745923510228283,0.018677734954046843,0.08656981915209012,3373.0
160,E02000168,0.8184941311193816,0.09533352419123962,0.013169195533924993,0.07300314915545376,3493.0
161,E02000169,0.7437169312169312,0.10813492063492064,0.028108465608465607,0.12003968253968254,3024.0
162,E02000170,0.7301587301587301,0.11197691197691198,0.01847041847041847,0.1393939393939394,3465.0
163,E02000171,0.7891891891891892,0.109009009009009,0.017117117117117116,0.08468468468468468,3330.0
164,E02000172,0.734820322180917,0.13482032218091697,0.021313506815365552,0.1090458488228005,4035.0
165,E02000173,0.7040845472722079,0.09682947729220223,0.027135104255926877,0.17195087117966296,3501.0
166,E02000174,0.7792792792792793,0.11289414414414414,0.018862612612612614,0.08896396396396396,3552.0
167,E02000175,0.7335808772336969,0.10071942446043165,0.010907403109770248,0.1547922951961012,4309.0
168,E02000176,0.7534155281572809,0.0846384538487171,0.026657780739753417,0.13528823725424857,3001.0
169,E02000177,0.7367268746579091,0.13409961685823754,0.020525451559934318,0.10864805692391899,3654.0
170,E02000178,0.6901104176668267,0.1116178588574172,0.023763802208353335,0.17450792126740278,4166.0
171,E02000179,0.7173144876325088,0.13780918727915195,0.02198665096191598,0.12288967412642324,2547.0
172,E02000180,0.7308677098150782,0.12574679943100997,0.018776671408250355,0.12460881934566145,3515.0
173,E02000181,0.7155425219941349,0.11650226606238337,0.01812849906691549,0.14982671287656624,3751.0
174,E02000182,0.6440622972096042,0.12751460090850097,0.028228423101881894,0.20019467878001299,3082.0
175,E02000183,0.7918164224495439,0.09317113630080177,0.01465302737074924,0.10035941387890517,3617.0
176,E02000184,0.6814305364511691,0.16038514442916094,0.01953232462173315,0.13865199449793672,3635.0
177,E02000185,0.6343081838289506,0.12804128778569673,0.03784713688867043,0.19980339149668222,4069.0
178,E02000186,0.703842230533832,0.12070724243454607,0.016320979258755527,0.15912954777286636,2941.0
179,E02000187,0.6505108724128897,0.18548598375687714,0.027770500392978778,0.13623264343725439,3817.0
180,E02000188,0.6160353070981979,0.20742920191246783,0.02831923501287238,0.14821625597646193,2719.0
181,E02000191,0.6703087885985748,0.11923990498812352,0.00665083135391924,0.20380047505938242,2105.0
182,E02000192,0.7024927160893493,0.1453544836516672,0.018128844286176757,0.13402395597280672,3089.0
183,E02000193,0.7233150596581748,0.10061270557884554,0.006772009029345372,0.16930022573363432,3101.0
184,E02000194,0.8456232159847764,0.06779257849666984,0.01879162702188392,0.06779257849666984,4204.0
185,E02000195,0.7692748638578389,0.11092003439380911,0.033820578962453426,0.08598452278589853,3489.0
186,E02000196,0.6966252220248668,0.13037300177619893,0.028063943161634103,0.14493783303730018,2815.0
187,E02000197,0.6955997588908981,0.12266425557564799,0.03948161543098252,0.14225437010247136,3318.0
188,E02000198,0.7689891490576813,0.08366647629925757,0.03797829811536265,0.10936607652769846,3502.0
189,E02000199,0.8013719987527284,0.08263174306205176,0.028999064546304958,0.08699719363891488,3207.0
190,E02000200,0.8175456135966008,0.06898275431142215,0.02499375156210947,0.08847788052986753,4001.0
191,E02000201,0.8091623036649215,0.06701570680628273,0.03324607329842932,0.0905759162303665,3820.0
192,E02000202,0.6827018121911038,0.1360790774299835,0.04118616144975288,0.1400329489291598,3035.0
193,E02000203,0.7291666666666666,0.09391025641025641,0.03333333333333333,0.14358974358974358,3120.0
194,E02000204,0.6488999070343973,0.14781530833591572,0.04834211341803533,0.1549426712116517,3227.0
195,E02000206,0.7681970884658454,0.07995520716685331,0.0374020156774916,0.11444568868980963,4465.0
196,E02000207,0.8463483146067415,0.06769662921348314,0.024719101123595506,0.06123595505617978,3560.0
197,E02000208,0.6861883845778428,0.11151781356759395,0.05173255246461689,0.1505612493899463,4098.0
198,E02000209,0.6209598432908913,0.14920013059092394,0.06790728044400914,0.16193274567417565,3063.0
199,E02000210,0.8306709265175719,0.06680220737728725,0.025849549811211153,0.07667731629392971,3443.0
200,E02000211,0.8846737481031867,0.06100151745068285,0.019726858877086494,0.034597875569044007,3295.0
201,E02000212,0.6543058535090408,0.1360711002145265,0.054551026662580444,0.15507201961385228,3263.0
202,E02000213,0.705805972917826,0.09664255240215174,0.04470413652383602,0.15284733815618623,5391.0
203,E02000214,0.8602751504729149,0.06878761822871883,0.02063628546861565,0.05030094582975064,2326.0
204,E02000215,0.7598477640342531,0.07897240723120837,0.03292102759276879,0.12825880114176974,5255.0
205,E02000216,0.7375934738273283,0.08191706322229776,0.04962610469068661,0.13086335825968728,2942.0
206,E02000217,0.7298804780876494,0.09183266932270916,0.04342629482071713,0.1348605577689243,5020.0
207,E02000218,0.8494257762654189,0.08592088472990217,0.022543598468736707,0.04210974053594215,2351.0
208,E02000219,0.8940663761314114,0.05732484076433121,0.0124036205162588,0.036205162587998656,2983.0
209,E02000221,0.8021564694082247,0.09177532597793381,0.037111334002006016,0.0689568706118355,3988.0
210,E02000222,0.8415405777166437,0.0640990371389271,0.029986244841815682,0.06437414030261349,3635.0
211,E02000223,0.8457675753228121,0.07352941176470588,0.03371592539454806,0.046987087517934005,2788.0
212,E02000224,0.8324671354325894,0.06664628553959034,0.022011617242433508,0.07887496178538674,3271.0
213,E02000225,0.8821536144578314,0.06099397590361446,0.01618975903614458,0.04066265060240964,2656.0
214,E02000226,0.893961179007908,0.05751258087706686,0.012580877066858375,0.035945363048166784,2782.0
215,E02000227,0.9047323827237033,0.05083694978301302,0.014465798718743542,0.029964868774540195,4839.0
216,E02000228,0.9101497504159733,0.050249584026622295,0.010981697171381031,0.028618968386023295,3005.0
217,E02000229,0.894054537326777,0.048725972284309346,0.0232454179704962,0.033974072418417524,2237.0
218,E02000230,0.8454266130938313,0.07539588749704562,0.01914441030489246,0.06003308910423068,4231.0
219,E02000231,0.8521075581395349,0.08321220930232558,0.012718023255813954,0.051962209302325583,2752.0
220,E02000232,0.9261603375527426,0.04514767932489452,0.007594936708860759,0.02109704641350211,2370.0
221,E02000233,0.8806343906510852,0.06260434056761269,0.0162771285475793,0.04048414023372287,2396.0
222,E02000234,0.8793335124966407,0.0569739317387799,0.0166621875839828,0.04703036818059662,3721.0
223,E02000235,0.9111780203236733,0.045540082800150546,0.01279638690252164,0.030485509973654498,2657.0
224,E02000236,0.9171704957678356,0.041414752116082226,0.015114873035066506,0.02629987908101572,3308.0
225,E02000237,0.9433651629897926,0.02930523542970036,0.008890352321369773,0.018439249259137307,3037.0
226,E02000238,0.5920770877944326,0.15444325481798715,0.06129550321199143,0.19218415417558887,3736.0
227,E02000239,0.5537726186411744,0.19221577330146808,0.05428473881870946,0.199726869238648,2929.0
228,E02000240,0.6073903002309469,0.1437002822684116,0.06851424172440339,0.18039517577623812,3897.0
229,E02000241,0.6038461538461538,0.1453846153846154,0.06269230769230769,0.18807692307692309,2600.0
230,E02000242,0.4818467055132228,0.21604661586732407,0.07037203047960555,0.2317346481398476,2231.0
231,E02000243,0.59744,0.16416,0.04992,0.18848,3125.0
232,E02000244,0.5471248724055802,0.16230010207553588,0.06464783940115686,0.2259271861177271,2939.0
233,E02000245,0.6168753726893261,0.13864042933810375,0.07125819916517591,0.17322599880739414,3354.0
234,E02000246,0.59375,0.15559895833333334,0.07649739583333333,0.17415364583333334,3072.0
235,E02000247,0.593011305241521,0.1500513874614594,0.0565262076053443,0.20041109969167523,3892.0
236,E02000248,0.5470056875209101,0.1482101037136166,0.06088992974238876,0.24389427902308464,2989.0
237,E02000249,0.5736354273944387,0.1531067627875043,0.057329213868863714,0.21592859594919328,2913.0
238,E02000250,0.7775157232704403,0.10141509433962265,0.031053459119496855,0.09001572327044025,2544.0
239,E02000251,0.51573564122738,0.2014162077104642,0.06451612903225806,0.2183320220298977,2542.0
240,E02000252,0.6086167800453515,0.12857142857142856,0.03582766439909297,0.22698412698412698,4410.0
241,E02000253,0.644438655899974,0.14743422766345401,0.060692888773118,0.14743422766345401,3839.0
242,E02000254,0.3931852986217458,0.26914241960183766,0.07120980091883614,0.2664624808575804,2612.0
243,E02000255,0.7124769190187286,0.12397784225797942,0.03772091796359799,0.12582432075969402,3791.0
244,E02000256,0.6937406855439643,0.10407352210630899,0.029557873820168903,0.17262791852955786,4026.0
245,E02000258,0.6122213681783244,0.14104534973097618,0.033820138355111454,0.212913143735588,2602.0
246,E02000259,0.7176274018379282,0.11737677527151211,0.043859649122807015,0.12113617376775271,2394.0
247,E02000260,0.38816267247639796,0.24473493100944083,0.08351488743645606,0.28358750907770514,2754.0
248,E02000261,0.6069131832797428,0.14891479099678456,0.03617363344051447,0.2079983922829582,4976.0
249,E02000262,0.6577147200405371,0.11578413985305296,0.03217633645806942,0.1943248036483405,3947.0
250,E02000263,0.35171467764060355,0.28888888888888886,0.08477366255144032,0.2746227709190672,3645.0
251,E02000264,0.6634696755994358,0.11819464033850494,0.025952045133991537,0.1923836389280677,3545.0
252,E02000265,0.691950137333615,0.10796534967251215,0.039721107120219735,0.16036340587365308,4733.0
253,E02000266,0.5414338919925512,0.2015828677839851,0.0595903165735568,0.1973929236499069,4296.0
254,E02000267,0.7287977632805219,0.0990990990990991,0.03976390183286735,0.13233923578751164,3219.0
255,E02000268,0.7512296142894124,0.10276986797825524,0.022521356458710846,0.12347916127362153,3863.0
256,E02000269,0.7614290039358159,0.09930366333636088,0.027247956403269755,0.11201937632455343,3303.0
257,E02000270,0.6537900874635568,0.1392128279883382,0.0369290573372206,0.17006802721088435,4116.0
258,E02000271,0.7793821356615178,0.08697112155809268,0.01880456682337139,0.11484217595701814,2978.0
259,E02000272,0.7985837922895358,0.1034618410700236,0.024783634933123525,0.07317073170731707,2542.0
260,E02000275,0.4454855195911414,0.22870528109028962,0.054514480408858604,0.2712947189097104,2348.0
261,E02000276,0.73568281938326,0.12077826725403817,0.028634361233480177,0.11490455212922174,2724.0
262,E02000277,0.7209744956223829,0.13056718690521507,0.04682146935668063,0.10163684811572135,2627.0
263,E02000278,0.6847305389221557,0.137125748502994,0.051796407185628744,0.12634730538922156,3340.0
264,E02000279,0.7005662514156286,0.11981879954699887,0.05186862967157418,0.12774631936579842,4415.0
265,E02000280,0.8555523000292997,0.0706123644887196,0.021681804863756225,0.052153530618224433,3413.0
266,E02000281,0.7727400732188116,0.103914390312588,0.039425513939735285,0.08392002252886512,3551.0
267,E02000282,0.6448355452971726,0.15031736872475476,0.06866705135603,0.1361800346220427,3466.0
268,E02000283,0.675231977159172,0.14989293361884368,0.061027837259100645,0.11384725196288366,2802.0
269,E02000284,0.8416689693285438,0.07377728654324399,0.02072395689416966,0.06382978723404255,3619.0
270,E02000285,0.8601626016260162,0.07642276422764227,0.013821138211382113,0.04959349593495935,2460.0
271,E02000286,0.8570714642678661,0.05472263868065967,0.018490754622688656,0.06971514242878561,4002.0
272,E02000287,0.8096066829098504,0.0807518273581622,0.021928297946397494,0.08771319178558998,2873.0
273,E02000288,0.5909203059462127,0.19146311374290648,0.07056501357019491,0.14705156674068592,4053.0
274,E02000289,0.8387628865979382,0.09567010309278351,0.016907216494845362,0.04865979381443299,2425.0
275,E02000290,0.6401906274821286,0.14416203335980937,0.07148530579825259,0.14416203335980937,2518.0
276,E02000291,0.7448036951501155,0.07852193995381063,0.043187066974595845,0.13348729792147807,4330.0
277,E02000292,0.7492294760437097,0.11739983188568226,0.039787055197534324,0.0935836368730737,3569.0
278,E02000293,0.8614457831325302,0.06947791164658634,0.015261044176706828,0.05381526104417671,2490.0
279,E02000294,0.61049902786779,0.18632534024627348,0.05897602073882048,0.14419961114711602,3086.0
280,E02000295,0.7582089552238805,0.10298507462686567,0.034328358208955224,0.1044776119402985,3350.0
281,E02000296,0.6646854878652798,0.12060425953442298,0.04631005448241704,0.16840019811788015,4038.0
282,E02000297,0.8103597122302159,0.09323741007194244,0.022446043165467625,0.0739568345323741,3475.0
283,E02000298,0.849803664921466,0.07984293193717278,0.012434554973821989,0.05791884816753927,3056.0
284,E02000299,0.5768998793727382,0.1519903498190591,0.06664656212303981,0.20446320868516285,3316.0
285,E02000300,0.590863621207069,0.15171723907969323,0.06035345115038346,0.19706568856285428,2999.0
286,E02000301,0.6008053691275168,0.1414765100671141,0.058791946308724835,0.1989261744966443,3725.0
287,E02000302,0.7057124518613607,0.1286906290115533,0.04011553273427471,0.12548138639281128,3116.0
288,E02000303,0.5866935483870968,0.16364247311827956,0.05913978494623656,0.1905241935483871,2976.0
289,E02000304,0.7721649484536083,0.12130584192439862,0.022336769759450172,0.08419243986254296,2910.0
290,E02000305,0.7132927888792354,0.09383145091225022,0.03475238922675934,0.158123370981755,3453.0
291,E02000306,0.5751691674021772,0.14680788467196235,0.07090320682553693,0.20711974110032363,3399.0
292,E02000307,0.5791205504038289,0.1770864492970386,0.07149267125336524,0.17230032904576728,3343.0
293,E02000308,0.6512565932361154,0.14830902885510394,0.045609680421967114,0.15482469748681352,3223.0
294,E02000309,0.5690995736142463,0.15500376222723852,0.072736393278154,0.20316027088036118,3987.0
295,E02000311,0.5628610729023383,0.18707015130674004,0.04951856946354883,0.20055020632737278,3635.0
296,E02000312,0.6204671857619577,0.135706340378198,0.03737486095661847,0.2064516129032258,4495.0
297,E02000313,0.811633281972265,0.061248073959938365,0.02426810477657935,0.10285053929121726,2596.0
298,E02000314,0.7455908289241623,0.09678130511463845,0.04585537918871252,0.11177248677248677,4536.0
299,E02000315,0.7887202977383339,0.0858860578299456,0.03778986544517607,0.08760377898654452,3493.0
300,E02000317,0.7338766832034018,0.10878809355067329,0.042523033309709427,0.11481218993621545,2822.0
301,E02000318,0.6006702038536722,0.133761519128735,0.051940798659592294,0.21362747835800056,3581.0
302,E02000319,0.7131921408522582,0.1051288594029089,0.04235774432253126,0.13932125542230162,3919.0
303,E02000320,0.7766914352757137,0.08877590926867422,0.04419241298396558,0.09034024247164646,2557.0
304,E02000321,0.7533783783783784,0.09425675675675675,0.0375,0.11486486486486487,2960.0
305,E02000323,0.6719917012448133,0.12219917012448132,0.05020746887966805,0.15560165975103735,4820.0
306,E02000324,0.7775052557813595,0.1107217939733707,0.03153468815697267,0.08023826208829712,2854.0
307,E02000326,0.7874713020662513,0.10856018366677599,0.025910134470318136,0.07805837979665464,3049.0
308,E02000327,0.785876993166287,0.0888382687927107,0.025436598329536826,0.09984813971146546,2634.0
309,E02000328,0.8557365919891378,0.06687033265444671,0.010862186014935505,0.06653088934147998,2946.0
310,E02000329,0.818034118602762,0.07798537774167344,0.025995125913891144,0.07798537774167344,2462.0
311,E02000331,0.7803196490128487,0.09338765277342526,0.03196490128486368,0.09432779692886242,3191.0
312,E02000332,0.8416138712904302,0.06368789596532178,0.024341447149049684,0.0703567855951984,2999.0
313,E02000333,0.8525841137703781,0.07422823447797433,0.01422129725979882,0.05896635449184877,2883.0
314,E02000334,0.810853322847031,0.09476995674400314,0.023987416437278804,0.07038930397168698,2543.0
315,E02000335,0.8827160493827161,0.059799382716049385,0.022376543209876542,0.03510802469135803,2592.0
316,E02000337,0.8190661478599222,0.08333333333333333,0.032101167315175094,0.0654993514915694,3084.0
317,E02000339,0.8764478764478765,0.05868725868725869,0.015057915057915058,0.04980694980694981,2590.0
318,E02000340,0.8587028457974851,0.05526141628060887,0.01886168100595632,0.0671740569159497,3022.0
319,E02000341,0.8371302278136689,0.07480448826929616,0.030941856511390683,0.05712342740564434,2941.0
320,E02000342,0.8620836891545688,0.06404782237403928,0.018787361229718188,0.055081127241673786,2342.0
321,E02000343,0.8460111317254174,0.06419294990723562,0.024489795918367346,0.0653061224489796,2695.0
322,E02000344,0.8857142857142857,0.05714285714285714,0.017142857142857144,0.04,2450.0
323,E02000345,0.6898416376979529,0.13480108149864814,0.015836230204712243,0.15952105059868676,2589.0
324,E02000346,0.6392245720040282,0.13167170191339375,0.041289023162134945,0.1878147029204431,3972.0
325,E02000347,0.7068164213787761,0.15182029434546862,0.030983733539891558,0.11037955073586367,2582.0
326,E02000348,0.684906353286816,0.14359162688211533,0.033419023136246784,0.13808299669482188,2723.0
327,E02000350,0.7159490928784187,0.15922014622258326,0.014893040888166802,0.1099377200108313,3693.0
328,E02000351,0.7362325691325927,0.11226660363980147,0.021035216260931223,0.13046561096667456,4231.0
329,E02000352,0.7836932241250931,0.11727475800446761,0.020476545048399106,0.07855547282204021,2686.0
330,E02000353,0.767743979721166,0.12198986058301647,0.012040557667934094,0.0982256020278834,3156.0
331,E02000354,0.7177944862155389,0.14010025062656642,0.02606516290726817,0.11604010025062657,3990.0
332,E02000355,0.7521669341894061,0.14735152487961475,0.015409309791332263,0.08507223113964688,3115.0
333,E02000356,0.7971913781841934,0.10320052253429131,0.016002612671456563,0.08360548661005879,3062.0
334,E02000357,0.7425524089738874,0.11916145641780067,0.03420375137918352,0.10408238322912836,2719.0
335,E02000358,0.7265365448504983,0.1324750830564784,0.022425249169435217,0.11856312292358805,4816.0
336,E02000359,0.7649712879409352,0.12674323215750616,0.02378999179655455,0.0844954881050041,2438.0
337,E02000360,0.717377860235003,0.1370851370851371,0.03298289012574727,0.11255411255411256,4851.0
338,E02000361,0.734094616639478,0.10984230560087004,0.028276237085372486,0.1277868406742795,3678.0
339,E02000362,0.786096256684492,0.11907308377896614,0.023172905525846704,0.07165775401069518,2805.0
340,E02000363,0.7176602924634421,0.13250843644544433,0.04341957255343082,0.10641169853768279,4445.0
341,E02000364,0.784581605269578,0.11344230300073188,0.013905830690412296,0.08807026103927787,4099.0
342,E02000366,0.803051709522464,0.11274371291325233,0.01864933597061317,0.06555524159367053,3539.0
343,E02000367,0.7690465824989117,0.11406181976491075,0.01828471919895516,0.09860687853722247,4594.0
344,E02000368,0.7147675258973741,0.14189351963382318,0.026981450252951095,0.1163575042158516,4151.0
345,E02000369,0.7163096643616124,0.14370045538876708,0.029009951087873166,0.11097992916174734,5929.0
346,E02000370,0.6887218045112782,0.14411027568922305,0.02957393483709273,0.13759398496240602,3990.0
347,E02000372,0.6847265221878225,0.12306501547987617,0.026831785345717233,0.16537667698658412,3876.0
348,E02000373,0.6275128104059914,0.19905400078833269,0.053212455656286954,0.12022073314938904,2537.0
349,E02000374,0.7041284403669725,0.1441131498470948,0.033256880733944956,0.11850152905198777,2616.0
350,E02000375,0.6866781017724414,0.120926243567753,0.025157232704402517,0.1672384219554031,3498.0
351,E02000376,0.690229343386742,0.11498586239396795,0.017907634307257305,0.17687715991203268,3183.0
352,E02000377,0.742384682332463,0.09863649550333624,0.02175805047867711,0.13722077168552366,3447.0
353,E02000378,0.6942479237157798,0.09843125192248539,0.02245462934481698,0.18486619501691787,3251.0
354,E02000379,0.7564432989690721,0.10470360824742268,0.028350515463917526,0.11050257731958762,3104.0
355,E02000380,0.7802241793434748,0.09167333867093674,0.01401120896717374,0.11409127301841474,2498.0
356,E02000381,0.7288613303269448,0.08906426155580609,0.023957158962795943,0.15811724915445322,3548.0
357,E02000382,0.7478354978354979,0.09848484848484848,0.022005772005772004,0.13167388167388167,2772.0
358,E02000383,0.6709630350194552,0.11721789883268482,0.01848249027237354,0.1933365758754864,4112.0
359,E02000384,0.6838370565045992,0.11800262812089356,0.026018396846254926,0.1721419185282523,3805.0
360,E02000385,0.7413127413127413,0.10073710073710074,0.01053001053001053,0.14742014742014742,2849.0
361,E02000386,0.6907308377896613,0.12774806892453952,0.027332144979203804,0.15418894830659535,3366.0
362,E02000387,0.7100889060688056,0.12833397758020873,0.024739080015461924,0.13683803633552377,2587.0
363,E02000388,0.7382680212868892,0.09627479438800193,0.017900338655055636,0.14755684567005323,4134.0
364,E02000389,0.7368850231041044,0.11715139983691221,0.02364773036151128,0.12231584669747214,3679.0
365,E02000390,0.7550570062522987,0.10776020595807283,0.018389113644722323,0.11879367414490621,2719.0
366,E02000391,0.78451691557452,0.10393172813166718,0.02194452910697958,0.08960682718683328,3281.0
367,E02000392,0.7730759712942341,0.10838901262063845,0.022519178421182874,0.09601583766394457,4041.0
368,E02000393,0.7828438948995363,0.10200927357032458,0.01893353941267388,0.09621329211746522,2588.0
369,E02000394,0.762364849321371,0.091557395905222,0.0259949390384173,0.12008281573498965,4347.0
370,E02000395,0.7988636363636363,0.09015151515151515,0.020075757575757577,0.09090909090909091,2640.0
371,E02000396,0.749548899314327,0.1143991338866835,0.028870443883074703,0.10718152291591483,2771.0
372,E02000397,0.6071428571428571,0.11491935483870967,0.039746543778801845,0.23819124423963134,3472.0
373,E02000398,0.5855605692467893,0.13745227351614023,0.055189170426935094,0.22179798681013538,2881.0
374,E02000400,0.6829111894838089,0.13273485091375442,0.0391151009939083,0.14523885860852837,3119.0
375,E02000401,0.6120306822769479,0.18328623334679048,0.03794913201453371,0.1667339523617279,2477.0
376,E02000402,0.6112943116240726,0.1549876339653751,0.048639736191261336,0.18507831821929102,2426.0
377,E02000403,0.5518394648829431,0.14782608695652175,0.04247491638795987,0.25785953177257526,2990.0
378,E02000404,0.5287054409005628,0.1801125703564728,0.045403377110694185,0.24577861163227016,2665.0
379,E02000405,0.8440292445166532,0.08042242079610074,0.015028432168968318,0.060519902518277824,2462.0
380,E02000406,0.5964574509048902,0.16750096264921063,0.02887947631882942,0.2071621101270697,2597.0
381,E02000407,0.5956738768718802,0.135108153078203,0.049584026622296176,0.21963394342762063,3005.0
382,E02000408,0.5798067310896368,0.14561812729090304,0.05898033988670443,0.21559480173275575,3001.0
383,E02000409,0.586424957841484,0.1724283305227656,0.03836424957841484,0.20278246205733558,2372.0
384,E02000410,0.8152257077276205,0.08530986993114001,0.02180566182096404,0.07765876052027544,2614.0
385,E02000411,0.6195899772209568,0.1548974943052392,0.04657048848392812,0.17894203998987598,3951.0
386,E02000412,0.572822299651568,0.16689895470383276,0.031010452961672475,0.22926829268292684,2870.0
387,E02000413,0.8022274721565981,0.10259871751603104,0.0280121498481269,0.067161660479244,2963.0
388,E02000414,0.6129506990434143,0.1335540838852097,0.03679175864606328,0.21670345842531272,2718.0
389,E02000415,0.5541446208112875,0.14638447971781304,0.04691358024691358,0.2525573192239859,2835.0
390,E02000416,0.7675427404950242,0.09874968104108191,0.02270987496810411,0.11099770349578975,3919.0
391,E02000417,0.8350191838158354,0.0711545169166376,0.01569584931984653,0.07813044994768051,2867.0
392,E02000418,0.8676937018577254,0.07113729043951064,0.011780697779791573,0.049388309922972363,2207.0
393,E02000419,0.5813443072702332,0.14074074074074075,0.03017832647462277,0.24773662551440329,3645.0
394,E02000420,0.5983701979045402,0.12951105937136204,0.043655413271245634,0.22846332945285217,3436.0
395,E02000421,0.5920382165605096,0.1535031847133758,0.04522292993630573,0.20923566878980893,3140.0
