,GEOGRAPHY_CODE,Aged 10 to 14 years,Aged 15 to 19 years,Aged 20 to 24 years,Aged 25 to 29 years,Aged 30 to 34 years,Aged 35 to 39 years,Aged 4 years and under,Aged 40 to 44 years,Aged 45 to 49 years,Aged 5 to 9 years,Aged 50 to 54 years,Aged 55 to 59 years,Aged 60 to 64 years,Aged 65 to 69 years,Aged 70 to 74 years,Aged 75 to 79 years,Aged 80 to 84 years,Aged 85 years and over,Total
0,E02000001,0.02027972027972028,0.025174825174825177,0.11247086247086246,0.14137529137529137,0.11678321678321678,0.08461538461538462,0.024825174825174826,0.06375291375291375,0.06340326340326341,0.01853146853146853,0.07459207459207459,0.06025641025641026,0.05337995337995338,0.045804195804195806,0.03706293706293706,0.024475524475524476,0.019114219114219115,0.014102564102564103,1
1,E02000002,0.09268645908761766,0.07458363504706735,0.04948105237750423,0.06251508568670046,0.08049722423364712,0.07856625633598842,0.07880762732319575,0.07120444122616461,0.06517016654598118,0.09063480569635529,0.05587738353849867,0.049601737871107894,0.038257301472363024,0.028240405503258507,0.023533671252715424,0.023292300265508086,0.017982138546946656,0.019068307989379675,1
2,E02000003,0.06690354450125661,0.06187711240142127,0.06387035271687322,0.07496316838547534,0.08527602045237889,0.08284946702487217,0.0824161539128174,0.07348990380448912,0.059363896351503596,0.07253661495796863,0.06274373862553081,0.05615737932229829,0.04740445445879192,0.031111881445532542,0.02686541294739579,0.019065776930409915,0.01880578906317705,0.014299332697807437,1
3,E02000004,0.060409761976498944,0.05890328412172341,0.06387466104248267,0.07396806266947877,0.07758360952094004,0.07231093702922567,0.059355227478156074,0.06523049111178066,0.06266947875866224,0.06673696896655619,0.06854474239228683,0.06071105754745405,0.05920457969267852,0.0391684242241639,0.0346489906598373,0.02771919252786984,0.02289846339258813,0.026062066887616753,1
4,E02000005,0.08870240028875655,0.06623353185345605,0.0560368164591229,0.062263129399025445,0.07787402995849124,0.09131925645190399,0.08798050893340552,0.08464176141490706,0.0668651867893882,0.08816098177224328,0.06172171088251218,0.05441256090958311,0.03410936654033568,0.023912651146002526,0.020303194369247428,0.013806172171088251,0.01209168020212958,0.00956506045840101,1
5,E02000007,0.08926286782796969,0.06879244168881016,0.06200177147918512,0.07007184332250763,0.08011022537151855,0.07745300659383919,0.0737132172030312,0.07440212577502214,0.06544631433913985,0.08562149394744611,0.06082078535577207,0.05658891841354197,0.03956303513433717,0.02726109634878457,0.02627694124594036,0.01574648164550733,0.013778171439818916,0.01308926286782797,1
6,E02000008,0.09169119311750057,0.06701381027846955,0.054335521847407746,0.0593917440193193,0.07282469247603954,0.08527658289940382,0.0676175382989963,0.07780544864538526,0.07433401252735643,0.08240887480190175,0.06973058637083994,0.06308957814504566,0.043166553467662815,0.030337333031469325,0.023469926797977513,0.015244132518300505,0.011923628405403366,0.01033884235152064,1
7,E02000009,0.08789927722079739,0.07530892982047097,0.06598274656096992,0.06878060153882024,0.08207041268360923,0.08556773140592212,0.07973886686873397,0.07670785730939612,0.0701795290277454,0.08852102277143079,0.060697909380585995,0.055413072200202064,0.032719359602082845,0.025491567575969536,0.016009947928810133,0.009947928810134453,0.007538664801430015,0.011424574492888785,1
8,E02000010,0.0816025303110174,0.07011070110701106,0.06146547179757512,0.06620980495519241,0.07770163415919873,0.08170795993674222,0.07211386399578282,0.07601476014760147,0.06874011597258829,0.0823405376910912,0.07105956773853453,0.05861887190300474,0.04470216130732736,0.030574591460200317,0.019399051133368476,0.014549288350026357,0.01275698471270427,0.010332103321033211,1
9,E02000011,0.0721605465414176,0.06646740677483633,0.06347850839738116,0.07087959009393681,0.07543410190720182,0.08098491317961856,0.07230287503558212,0.06703672075149444,0.06376316538571022,0.07301451750640478,0.06931397665812696,0.0569313976658127,0.04127526330771421,0.03216623968118417,0.03031596925704526,0.0237688585254768,0.01864503273555366,0.022060916595502418,1
10,E02000012,0.07498479450864541,0.07507168303067165,0.08028499435224606,0.0790685550438787,0.07385524372230429,0.07263880441393691,0.06455817186549657,0.07463724042054044,0.06638283082804762,0.0773307846033539,0.06507950299765401,0.050916673907376836,0.04161960205056912,0.030671648275262836,0.027022330350160745,0.01789903553740551,0.013380832392041011,0.014597271700408376,1
11,E02000013,0.08584193170939262,0.07041804063397511,0.05658972449739389,0.06722689075630252,0.07339644718646952,0.08233166684395277,0.07456653547494947,0.07882140197851292,0.07243910222316775,0.08190618019359643,0.05946175938729922,0.05595149452185938,0.04329326667375811,0.03212424210190405,0.029571322199765982,0.014572917774704819,0.011169024571854059,0.010318051271141368,1
12,E02000014,0.08211678832116788,0.06761962692619627,0.05809002433090024,0.06640308191403083,0.07755474452554745,0.08100162206001622,0.0681265206812652,0.0722830494728305,0.07319545823195459,0.08252230332522303,0.06538929440389295,0.056163828061638284,0.044505271695052716,0.031326034063260344,0.02929845904298459,0.018957826439578263,0.012773722627737226,0.01267234387672344,1
13,E02000015,0.08932912007778318,0.06514341273699563,0.056514341273699566,0.07231404958677685,0.08276616431696646,0.07851239669421488,0.08252309188138066,0.07122022362664074,0.06903257170636849,0.08070004861448711,0.07194944093339815,0.051409820126397665,0.040228488089450655,0.028439474963539133,0.023091881380651436,0.015070491006319884,0.011789013125911522,0.009965969859017987,1
14,E02000016,0.07306454665909522,0.06227522241150861,0.05877342419080068,0.08991103539655498,0.11290933181904221,0.11196289986749952,0.09644141586219951,0.08073064546659095,0.06246450880181715,0.09880749574105621,0.05347340526216165,0.03634298693923907,0.028771531326897595,0.012587544955517699,0.0089911035396555,0.006057164489873178,0.00416430058678781,0.002271436683702442,1
15,E02000017,0.06458675424192666,0.06808976464148878,0.07049808429118774,0.0742200328407225,0.09118773946360154,0.09655172413793103,0.07246852764094143,0.0810071154898741,0.07082649151614669,0.06841817186644773,0.06644772851669403,0.04915161466885605,0.043130815544608646,0.03097974822112753,0.019813902572523263,0.012260536398467433,0.011056376573617953,0.009304871373836891,1
16,E02000018,0.08667434313828117,0.06825081126347744,0.061027949335287345,0.06762273631320004,0.0796608395268502,0.08091698942740501,0.0796608395268502,0.0878258138804564,0.0689835653721344,0.08541819323772637,0.05977179943473254,0.04993195854705328,0.04197634251020622,0.02763529781220559,0.021563906626190725,0.013084894797445828,0.011619386580131896,0.008374332670365331,1
17,E02000019,0.09065507606333437,0.0688192072855221,0.05847045431025561,0.06664596916071613,0.0811342233260892,0.07720169719548794,0.08599813722446445,0.07720169719548794,0.06705991927972679,0.08196212356411052,0.07140639552933871,0.04915657663251578,0.03725551071095933,0.028769533271240814,0.024216081962123565,0.014384766635620407,0.010452240505019144,0.009210390147987168,1
18,E02000020,0.07805051583066525,0.07022411953041623,0.05350409107079331,0.07506225542511562,0.09420135183208822,0.09704731412308787,0.0919245819992885,0.08139452152258983,0.07150480256136606,0.08459622909996442,0.059053717538242616,0.04418356456776948,0.03159018143009605,0.020277481323372464,0.016008537886873,0.012379935965848453,0.009818569903948773,0.009178228388473852,1
19,E02000021,0.09360730593607305,0.06860730593607306,0.06175799086757991,0.05799086757990868,0.07237442922374429,0.07557077625570777,0.07146118721461187,0.07123287671232877,0.07694063926940639,0.09018264840182648,0.0639269406392694,0.05502283105022831,0.04246575342465753,0.03264840182648402,0.024200913242009132,0.01723744292237443,0.011187214611872146,0.01358447488584475,1
20,E02000022,0.08757427021441488,0.07362438646344614,0.05334538878842676,0.07853267889434255,0.10384913459054508,0.1077241022991475,0.10811159907000775,0.09080340997158357,0.06497029191423405,0.09002841642986309,0.048049599586670114,0.03358305347455438,0.023508137432188065,0.014983208473262722,0.009558253681219323,0.005812451562903643,0.002970808576595195,0.002970808576595195,1
21,E02000023,0.10365473369090682,0.0808282399900212,0.06074591493077211,0.06673319196706998,0.08382187850817013,0.0830734688786329,0.08369714356991394,0.08893601097667457,0.06673319196706998,0.09529749282774105,0.0651116377697393,0.041287264562804044,0.03093426468753898,0.016215541973306723,0.013097168516901583,0.006361481851066483,0.0067356866658351,0.0067356866658351,1
22,E02000024,0.05829182807600074,0.05045194613539937,0.049160671462829736,0.055893746541228556,0.058937465412285554,0.06539383877513374,0.0519276886183361,0.07314148681055156,0.07480169710385538,0.05414130234274119,0.07175797823279838,0.07314148681055156,0.061427780852241286,0.053403431101272825,0.05248109204943737,0.03753919940970301,0.02527209002029146,0.03283527024534219,1
23,E02000025,0.0611674239776302,0.04893393918210416,0.0459046953279739,0.06594430851683561,0.07048817429803099,0.08213911219853198,0.05802167074449493,0.07013864616101596,0.07608062449027146,0.05662355819643481,0.07584760573226144,0.070721193056041,0.06093440521962018,0.04392403588488873,0.044856110916928815,0.027845741582197367,0.019690085051846672,0.020738669462891764,1
24,E02000026,0.05993495431314852,0.050487842651386096,0.04630633421093387,0.05668266997057457,0.0700015487068298,0.06194827319188478,0.06287749728976305,0.0713953848536472,0.06783335914511383,0.05854111816633111,0.06659439368127613,0.0687625832429921,0.0673687470961747,0.050642713334365805,0.0492488771875484,0.038562800061948274,0.02415982654483506,0.02865107635124671,1
25,E02000027,0.06987352270371139,0.0626166286543645,0.05660377358490566,0.05805515239477504,0.060024880779597764,0.07142857142857142,0.055463404520008294,0.07785610615799295,0.07308729006842214,0.060024880779597764,0.07298362015343147,0.07101389176860876,0.051627617665353516,0.0431266846361186,0.0420899854862119,0.030893634667219574,0.022081691893012647,0.02114866265809662,1
26,E02000028,0.05772469759608023,0.051140713520134745,0.04685346807533303,0.06369621803705405,0.06844281120808451,0.08023273618128923,0.05803092941356607,0.07839534527637422,0.06599295666819782,0.06185882713213903,0.07701730209768795,0.07104578165671413,0.05481549532996478,0.041953758995559635,0.04287245444801715,0.029857602204869087,0.023426734037666513,0.0266421681212678,1
27,E02000029,0.06787190082644629,0.0621900826446281,0.05712809917355372,0.06384297520661157,0.06890495867768595,0.07396694214876033,0.07706611570247934,0.08078512396694215,0.07448347107438016,0.06983471074380165,0.07107438016528926,0.06508264462809918,0.04700413223140496,0.03760330578512397,0.03171487603305785,0.025103305785123965,0.0128099173553719,0.01353305785123967,1
28,E02000030,0.0658423166349609,0.06076939336292539,0.04703022616782921,0.04850982878883957,0.04703022616782921,0.05590784189389136,0.045867681251321075,0.07049249630099345,0.06975269499048826,0.05971253434791799,0.07313464383851194,0.07482561826252378,0.06859015007398013,0.054428239272881,0.05664764320439653,0.03920946945677447,0.028218135700697526,0.034030860283238214,1
29,E02000031,0.05760921747479597,0.04632741238598176,0.039366298607777246,0.06889102256361018,0.07261161785885742,0.08389342294767163,0.05964954392702832,0.07477196351416227,0.07273163706192991,0.05556889102256361,0.0643302928468555,0.05772923667786846,0.05472875660105617,0.046087373979836775,0.044527124339894385,0.03480556889102256,0.026764282285165628,0.03960633701392223,1
30,E02000032,0.07847335936515934,0.061342738380148636,0.05013225847084016,0.05151782340345132,0.03804005542259731,0.05655624134021917,0.0382919763194357,0.07393878322206827,0.07721375488096738,0.06109081748331024,0.0835117773019272,0.07708779443254818,0.059957173447537475,0.04824285174455221,0.05164378385187051,0.03690641138682454,0.028970903136415167,0.02708149641012722,1
31,E02000033,0.0684962321448656,0.053762231470025866,0.05623664379709819,0.05747384996063435,0.06939601844561917,0.07816893487796649,0.05173771229333034,0.07929366775390845,0.06995838488359014,0.062310201327184796,0.0778315150151839,0.06365988077831515,0.06444719379147452,0.04262737599820043,0.03790349791924418,0.025756382859070972,0.018445619165448207,0.022494657518839275,1
32,E02000034,0.06459777704412897,0.05337295036865852,0.049081104875096294,0.06536810828656323,0.07098052162429845,0.07142071090568945,0.05722460658082976,0.08407615274568064,0.07142071090568945,0.06481787168482447,0.06789919665456146,0.06602839220864971,0.04919115219544404,0.045559590623968305,0.04214812369318807,0.03301419610432486,0.019698470342247167,0.024100363156157146,1
33,E02000035,0.05110772476849138,0.036103622084163636,0.0501699683507209,0.07818544133161412,0.08885242058375337,0.08381197983823702,0.053100457156253666,0.09178290938928613,0.06493963193060602,0.058375337006212634,0.0657601687961552,0.05286601805181104,0.04759113820185207,0.04184738014300785,0.044895088500761925,0.035165865666393153,0.021333958504278515,0.03411088969640136,1
34,E02000036,0.07381714692280328,0.056830309498399144,0.05540732835289933,0.06216648879402348,0.06928139452152259,0.07310565635005337,0.06314478833155461,0.07168267520455354,0.06412308786908573,0.08004268943436499,0.06625755958733547,0.06412308786908573,0.0523834934187122,0.04197794379224475,0.03628601921024546,0.029171113482746355,0.017876200640341514,0.022323016720028458,1
35,E02000037,0.08185677371723883,0.06266149870801034,0.05260243632336656,0.056847545219638244,0.06543004798818752,0.07188999630860096,0.06543004798818752,0.07032115171650055,0.06395348837209303,0.08065706902916205,0.057770394979697305,0.052417866371354746,0.05001845699520118,0.046511627906976744,0.046696197858988556,0.028608342561830934,0.021963824289405683,0.024363233665559248,1
36,E02000038,0.06987592126131169,0.060733277357962495,0.04692601921821066,0.06008023136486613,0.0702490904002239,0.0736076126504338,0.04991137232950835,0.07855210374102062,0.07948502658830114,0.060453400503778336,0.07659296576173151,0.06362533818453214,0.05653512454520011,0.04851198805858756,0.037037037037037035,0.02490904002239015,0.018471872376154493,0.024442578598749883,1
37,E02000039,0.07019257605358638,0.06070332123918504,0.052609545073960366,0.057633268210996375,0.06321518280770304,0.07828635221881106,0.06740161875523304,0.07033212391850405,0.07033212391850405,0.056656433156572705,0.06321518280770304,0.06991348032375104,0.055679598102149036,0.041166620150711694,0.04521350823332403,0.032514652525816354,0.023164945576332682,0.021769466927156013,1
38,E02000040,0.0669877408056042,0.07114711033274956,0.048817863397548164,0.06808231173380035,0.08001313485113835,0.08537653239929947,0.06414185639229422,0.07771453590192645,0.06961471103327496,0.06239054290718039,0.06217162872154115,0.05407180385288967,0.04400175131348511,0.038747810858143605,0.03699649737302977,0.03042907180385289,0.017513134851138354,0.02178196147110333,1
39,E02000041,0.06950909860347017,0.057871349978840456,0.059987304274227674,0.0669699534490055,0.07881929750317393,0.07924248836225138,0.05903512484130343,0.07575116377486246,0.06612357173085061,0.07003808717731697,0.05924672027084215,0.05628438425730004,0.04898434193821413,0.04506982649174778,0.037558188743123146,0.026026237833262803,0.016821836648328398,0.026661024121878967,1
40,E02000042,0.05926630905000865,0.044730922304897044,0.05199861567745285,0.07319605468074061,0.08271327219242083,0.09101920747534176,0.05736286554767261,0.0843571552171656,0.07838726423256619,0.05779546634365807,0.06627444194497317,0.059352829209205746,0.045769164215262156,0.037982349887523796,0.03495414431562554,0.028205571898252294,0.021197439003287764,0.02543692680394532,1
41,E02000043,0.07423061682736759,0.051248183859463746,0.03949280147932902,0.05428609166556597,0.05877691190067362,0.06987187954035134,0.05930524369303923,0.08651433099986791,0.08004226654338925,0.07396645093118479,0.07158895786553957,0.06036190727777044,0.05547483819838859,0.044511953506802274,0.045700700039624884,0.02998282921674812,0.01968035926561881,0.024963677189274863,1
42,E02000044,0.07607958399276508,0.06059235812796744,0.0648880850101741,0.07460999321727334,0.0704273117793353,0.08286231064888085,0.06353153967895094,0.08026226543070314,0.07630567488130229,0.06963599366945512,0.06805335744969478,0.06127063079357902,0.048157359258421885,0.035044087723264755,0.028035270178611803,0.018087271082975358,0.012774135202351345,0.009382771874293466,1
43,E02000045,0.07439429928741093,0.058812351543942994,0.051021377672209024,0.06451306413301662,0.06536817102137767,0.08323040380047506,0.05890736342042755,0.08285035629453681,0.08161520190023754,0.06755344418052256,0.07429928741092637,0.0701187648456057,0.048931116389548696,0.03496437054631829,0.034109263657957245,0.01985748218527316,0.015296912114014252,0.014156769596199525,1
44,E02000046,0.050969131371141424,0.03488872936109117,0.05053840631730079,0.08715003589375449,0.10437903804737976,0.09892318736539842,0.06590093323761666,0.09030868628858578,0.06733668341708543,0.05570710696338837,0.06891600861450108,0.05226130653266332,0.045513280689160086,0.035319454414931804,0.031873653984206746,0.02455132806891601,0.01823402727925341,0.01722900215362527,1
45,E02000047,0.07067365873336022,0.0626865671641791,0.06655909640984267,0.06906010488100041,0.08277531262605889,0.07777329568374344,0.07010891488503429,0.08059701492537313,0.07349737797498991,0.07470754336425978,0.07123840258168616,0.051472367890278335,0.04033884630899556,0.035578862444534086,0.027672448567970957,0.01645824929407019,0.013150463896732554,0.015651472367890277,1
46,E02000048,0.06486433920062239,0.052708353593309346,0.05231936205387533,0.06146066323057473,0.07137994748614218,0.07332490518331226,0.06768452786151902,0.07886803462024701,0.07099095594670816,0.06904599824953807,0.06116891957599922,0.05737625206651755,0.04852669454439366,0.04473402703491199,0.041719342604298354,0.03355052027618399,0.02421472332976758,0.02606243314207916,1
47,E02000049,0.07519939232814281,0.069787314849981,0.06921762248385871,0.0804215723509305,0.08450436764147361,0.08402962400303836,0.0744398025066464,0.07671857197113559,0.08165590581086213,0.07368021268515001,0.06428028864413217,0.055924800607671854,0.03769464489175845,0.025731105203190278,0.0186099506266616,0.013957462969996202,0.008735282947208508,0.005412077478161793,1
48,E02000050,0.06934412019647501,0.059424058557257055,0.06212077434267553,0.07107772320138689,0.07261870365019744,0.07647115477222383,0.05374169315226813,0.07955311566984494,0.07098141192333622,0.06019454878166233,0.07377443898680536,0.06308388712318212,0.049503996918039105,0.03919869016661851,0.03698353077145334,0.02937493980545122,0.01791389771742271,0.014639314263700279,1
49,E02000051,0.05403930131004367,0.04847161572052402,0.05131004366812227,0.06473799126637554,0.07620087336244541,0.08111353711790394,0.05589519650655022,0.07980349344978166,0.06299126637554585,0.06091703056768559,0.061899563318777294,0.06222707423580786,0.04847161572052402,0.04377729257641921,0.04945414847161572,0.03820960698689956,0.026528384279475983,0.03395196506550218,1
50,E02000052,0.06354039788875356,0.04679252943564759,0.03989037758830694,0.08607389362565976,0.0881039382866423,0.08038976857490865,0.057450263905805925,0.0861753958587089,0.07998375964271214,0.05816077953714982,0.07013804303694682,0.057450263905805925,0.04709703613479497,0.038469346325619165,0.03451075923670321,0.03197320341047503,0.018371904181892003,0.015428339423467316,1
51,E02000054,0.05922431865828092,0.0465146750524109,0.0770440251572327,0.09119496855345911,0.0834643605870021,0.08241614255765199,0.05673480083857442,0.07927148846960168,0.07416142557651992,0.059748427672955975,0.05948637316561845,0.055424528301886794,0.044549266247379454,0.046776729559748424,0.03236373165618449,0.024764150943396228,0.011923480083857442,0.014937106918238994,1
52,E02000055,0.06210544275720867,0.0557072171984303,0.09836205425695274,0.09665586077461184,0.09000170619348234,0.07669339703122334,0.05937553318546323,0.0691861457089234,0.06782119092305067,0.05809588807370756,0.05783995905135642,0.04973554001023716,0.04256952738440539,0.030967411704487288,0.02781095376215663,0.021668657225729398,0.014587954274014674,0.02081556048455895,1
53,E02000056,0.07293834191216735,0.05727740663673201,0.03964516482313,0.05147300405213011,0.055853685248056076,0.06187712189245428,0.054648997919176434,0.071952688643084,0.07501916548023217,0.07020041616471362,0.06921476289563028,0.06494359872960245,0.05245865732121345,0.042602124630380024,0.05322527653050049,0.03657868798598182,0.035702551746796624,0.03438834738801884,1
54,E02000057,0.07773895682555527,0.05527826303968056,0.08297978537559271,0.08522585475418018,0.08647367107561767,0.08035937110057399,0.0837284751684552,0.060643873221861745,0.058647367107561764,0.08572498128275517,0.04854005490391814,0.04092837534314949,0.040179685550286996,0.02957324681806838,0.02969802845021213,0.022585475418018468,0.014349887696531071,0.017344646867981033,1
55,E02000058,0.06827073552425665,0.04919796557120501,0.0509585289514867,0.07149843505477309,0.06562989045383412,0.08665884194053208,0.06973787167449139,0.07325899843505478,0.06269561815336464,0.07110719874804382,0.05457746478873239,0.05066510172143975,0.04831768388106416,0.04078638497652582,0.04460093896713615,0.0382433489827856,0.02415884194053208,0.029636150234741785,1
56,E02000059,0.050576294512300016,0.046189575090314815,0.06279029760880785,0.09229313607431619,0.11009805608119731,0.09246516428694306,0.06373645277825564,0.08403578186822638,0.06588680543609152,0.04765181489764321,0.06399449509719594,0.05152244968174781,0.05874763461207638,0.03758816445897127,0.02485807672458283,0.01849303285738861,0.015224496817478067,0.0138482711164631,1
57,E02000060,0.09116858403252313,0.0655652625205432,0.05933742755816971,0.07767494161404723,0.07075512498918779,0.06591125335178617,0.09947236398235447,0.05933742755816971,0.05362857884266067,0.09938586627454372,0.045151803477207854,0.03459908312429721,0.04134590433353516,0.03624253957270132,0.02897673211659891,0.02153792924487501,0.019288988841795692,0.030620188565003027,1
58,E02000061,0.05920421860019175,0.044702780441035476,0.05776605944391179,0.0804170661553212,0.08640939597315436,0.09395973154362416,0.04913710450623202,0.07466442953020135,0.07166826462128476,0.056088207094918505,0.06747363374880154,0.05776605944391179,0.0436241610738255,0.039549376797698946,0.040148609779482265,0.02552732502396932,0.020254074784276127,0.031639501438159155,1
59,E02000062,0.07245543415756182,0.060379528464634846,0.06900517538815411,0.0784933870040253,0.0885566417481311,0.07777458309373203,0.059948246118458885,0.08539390454284071,0.07576193214491087,0.06785508913168488,0.0718803910293272,0.05462909718228867,0.04298447383553766,0.03205865439907993,0.026595744680851064,0.013513513513513514,0.012219666474985624,0.010494537090281772,1
60,E02000063,0.06065400843881857,0.0625,0.06131329113924051,0.07977320675105486,0.07502637130801688,0.08425632911392406,0.05841244725738397,0.08122362869198312,0.07186181434599156,0.06118143459915612,0.06935654008438819,0.061708860759493674,0.04746835443037975,0.0402162447257384,0.03164556962025317,0.021624472573839662,0.015690928270042193,0.01608649789029536,1
61,E02000064,0.06339928057553956,0.05605515587529976,0.06504796163069544,0.08992805755395683,0.09622302158273381,0.08243405275779377,0.06699640287769784,0.07194244604316546,0.0698441247002398,0.05695443645083933,0.06624700239808154,0.05755395683453238,0.04421462829736211,0.03012589928057554,0.02877697841726619,0.023830935251798562,0.015587529976019185,0.014838129496402877,1
62,E02000065,0.09884658315763363,0.07503410641200546,0.0554384224234156,0.059531191864070444,0.06697259084707925,0.06399603125387573,0.06771673074538014,0.07428996651370458,0.08073917896564554,0.0809872255984125,0.08495597172268386,0.06287982140642441,0.05221381619744512,0.030137665881185664,0.019843730621356814,0.01401463475133325,0.006697259084707925,0.005705072553640085,1
63,E02000066,0.07889713679745493,0.06998939554612937,0.06193001060445387,0.06659597030752916,0.06702014846235418,0.06553552492046659,0.06097560975609756,0.07200424178154825,0.0711558854718982,0.07539766702014847,0.07497348886532344,0.06988335100742311,0.054825026511134675,0.035737009544008484,0.03138918345705196,0.02046659597030753,0.014316012725344645,0.008907741251325556,1
64,E02000067,0.06695992179863147,0.05581622678396872,0.05718475073313783,0.0782991202346041,0.09130009775171065,0.08318670576735093,0.07429130009775171,0.07663734115347019,0.0656891495601173,0.07380254154447703,0.06510263929618769,0.059042033235581624,0.04574780058651026,0.03284457478005865,0.02903225806451613,0.019843597262952102,0.013098729227761487,0.012121212121212121,1
65,E02000068,0.07950097847358122,0.059931506849315065,0.058341487279843444,0.07093933463796477,0.08439334637964775,0.08268101761252446,0.08451565557729941,0.07045009784735812,0.06922700587084149,0.08537181996086106,0.05809686888454012,0.05467221135029354,0.042930528375733856,0.030454990215264186,0.02189334637964775,0.015533268101761252,0.016389432485322895,0.014677103718199608,1
66,E02000069,0.06267332224070993,0.05033277870216306,0.05296727676095397,0.07057681641708265,0.0776483638380477,0.07806433721575153,0.06932889628397115,0.06613976705490848,0.06350526899611758,0.0694675540765391,0.058790904048807546,0.06475318912922906,0.05116472545757072,0.0442318358291736,0.041042706600110924,0.0298114254021076,0.025374376039933443,0.024126455906821963,1
67,E02000070,0.06340199827309732,0.051190329345010485,0.050820278771432095,0.0541507339336376,0.06130504502281978,0.06710250400888121,0.05809794005180708,0.06611570247933884,0.06031824349327741,0.05920809177254225,0.07401011471567781,0.07327001356852103,0.06340199827309732,0.04859997532996176,0.051807080300974466,0.0404588627112372,0.027630442827186383,0.02911064512149994,1
68,E02000071,0.07676267431252444,0.06724879447413007,0.05734393327251401,0.0577349146357357,0.06229636387332204,0.06737912159520396,0.05916851296754855,0.06737912159520396,0.06842173856379513,0.06855206568486902,0.07441678613319432,0.06425127068943047,0.0576045875146618,0.04496285677049394,0.04196533298579434,0.02619575133585299,0.02215561058256223,0.01616056301316304,1
69,E02000072,0.08718861209964412,0.06777038526999846,0.06073031100108309,0.0685440198050441,0.07782763422559183,0.07496518644592294,0.07821445149311465,0.07620300170199598,0.07272164629429058,0.08455825468048894,0.07078755995667646,0.06065294754757852,0.04107999381092372,0.025839393470524524,0.01910877301562742,0.012068698746712053,0.011759244932693796,0.009979885502088814,1
70,E02000073,0.06303030303030303,0.05687645687645688,0.05529137529137529,0.050256410256410255,0.05892773892773893,0.06741258741258742,0.05463869463869464,0.06946386946386947,0.0633100233100233,0.05855477855477856,0.07337995337995339,0.07776223776223776,0.05687645687645688,0.048764568764568764,0.0524009324009324,0.035804195804195804,0.03076923076923077,0.02648018648018648,1
71,E02000074,0.07514385648200383,0.06002482229493399,0.05325510549475347,0.06803565384181429,0.07469254202865847,0.07074354056188649,0.06363533792169694,0.0693895972018504,0.06476362405506036,0.07412839896197676,0.06735868216179623,0.06656888186844184,0.05370641994809884,0.03881304298770168,0.038925871601038026,0.02527360938734063,0.019632178720523526,0.015908834480424235,1
72,E02000075,0.05650212979203207,0.05186670007516913,0.04948634427461789,0.0459784515159108,0.05863192182410423,0.06226509646705086,0.04660486093710849,0.06602355299423704,0.057128539213229766,0.059759458782260085,0.07053370082686043,0.0732899022801303,0.06502129792032073,0.060010022550739166,0.06301678777248809,0.044976196441994486,0.03445251816587321,0.03445251816587321,1
73,E02000077,0.06534021125030705,0.06276099238516335,0.05404077622205846,0.05698845492507983,0.0646032915745517,0.07762220584622943,0.057725374600835176,0.07614836649471875,0.06140997297961189,0.05809383443871285,0.07356914762957505,0.06755097027757308,0.056742815033161385,0.04040776222058462,0.044706460329157455,0.028862687300417588,0.028125767624662245,0.0253009088676001,1
74,E02000078,0.05470128560625157,0.05117217040584825,0.04915553314847492,0.05734812200655407,0.07209478195109655,0.07247290143685405,0.0627678346357449,0.07209478195109655,0.062389715149987396,0.0654146710360474,0.06780942777917821,0.06831358709352155,0.05356692714897908,0.05180236954877741,0.04789513486261659,0.036551550289891606,0.028485001260398286,0.025964204688681623,1
75,E02000079,0.057361158626981414,0.045501197399931574,0.0486942638841373,0.06306306306306306,0.07503706237883453,0.074580910023948,0.058957691869084276,0.07708974797582392,0.06374729159539286,0.06408940586155776,0.06443152012772266,0.06579997719238226,0.047211768730756075,0.042308130915725856,0.04276428327061239,0.03500969323754134,0.03204470293077888,0.042308130915725856,1
76,E02000080,0.06268004370716201,0.05423661468163306,0.048375881593324725,0.05999801331081752,0.07221615178305354,0.08056024634945863,0.05562729710936724,0.07450084434290255,0.061090692361180095,0.06695142544948843,0.06595808085824972,0.06575941194000198,0.059203337637826564,0.050064567398430515,0.04360782755537896,0.02910499652329393,0.025727624913082347,0.024336942485348168,1
77,E02000081,0.06841724885569742,0.05336063599132739,0.04950614309804866,0.049747048903878585,0.06504456757407853,0.06962177788484702,0.06167188629245965,0.06829679595278246,0.06347867983618405,0.061069621777884844,0.0705854011081667,0.06962177788484702,0.054565165020476994,0.04625391471934474,0.050710672127198264,0.035894965068658156,0.029390508311250303,0.03276318959286919,1
78,E02000082,0.067173773301907,0.05313906149560746,0.05592457681594172,0.055710306406685235,0.0632097707306621,0.07778015856010286,0.06020998500107135,0.07392329119348617,0.06256695950289265,0.06192414827512321,0.07210199271480608,0.06995928862224127,0.06020998500107135,0.04606813799014356,0.0438182986929505,0.02914077565888151,0.021962716948789374,0.0251767730876366,1
79,E02000083,0.06621105884441289,0.06257211325108725,0.05387414573533327,0.07384396911333985,0.08484956066388569,0.07624034791870063,0.06301588710393184,0.06985000443773853,0.06665483269725747,0.068252418567498,0.07224638324309932,0.06310464187450075,0.047927576107215764,0.03363805804561995,0.03745451318008343,0.027868997958640278,0.017307180260939026,0.015088310996716073,1
80,E02000084,0.06487313298542378,0.05065682922440166,0.04939715673924779,0.04912722692100054,0.06451322656109412,0.07387079359366565,0.05704516825625337,0.07081158898686342,0.06505308619758862,0.0634335072881051,0.06955191650170955,0.07288105092675905,0.06028432607522044,0.051916501709555515,0.05101673564873133,0.03599064243296743,0.026633075400395896,0.022944034551016734,1
81,E02000085,0.06078111264598769,0.05902298128845913,0.05839507723219892,0.058771819665955044,0.07158106241366319,0.0728368705261836,0.061409016702247896,0.06304156724852443,0.06228808238101218,0.06467411779480095,0.06932060781112646,0.06781363807610197,0.053874168027125455,0.04558583448449077,0.048097450709531586,0.034911465528067315,0.023232450081627526,0.024362677382895895,1
82,E02000086,0.062003622683572526,0.0540615856207329,0.0498815661139752,0.05712693325902188,0.053922251637174304,0.06534763828897869,0.04960289814685802,0.062421624634248295,0.06158562073289675,0.060749616831545214,0.0817890483488923,0.07579768705587293,0.0678556499930333,0.05434025358785008,0.05434025358785008,0.04263619896892852,0.024522781106311828,0.02201476940225721,1
83,E02000087,0.06040677140421386,0.0535866520521252,0.04567044208987943,0.053830227743271224,0.06223358908780904,0.06357325538911217,0.05516989404457435,0.06661795152843746,0.0691754962854707,0.05370843989769821,0.07575203994641334,0.07075873827791987,0.06016319571306784,0.047253684082328586,0.049324077457069786,0.04165144318597004,0.036414565826330535,0.034709535988308365,1
84,E02000088,0.06347568055734744,0.04980002580312218,0.05702490001290156,0.05199329118823377,0.06502386788801445,0.06824925816023739,0.057282931234679396,0.06683008644045929,0.06605599277512579,0.05973422784156883,0.07108760159979358,0.07250677331957167,0.05934718100890208,0.04580054186556573,0.047735776028899495,0.04438137014578764,0.028383434395561864,0.025287059734227842,1
85,E02000089,0.06250794054122728,0.05704484817685174,0.05577436158048533,0.04738915004446703,0.05628255621903189,0.06746283826705628,0.05717189683648838,0.06454071909541355,0.06390547579723034,0.06187269724304409,0.07457756320670816,0.06987676280015245,0.05780714013467158,0.04904078261974336,0.04980307457756321,0.03976623046626858,0.03138101893025028,0.03379494346334646,1
86,E02000090,0.047322540473225407,0.058634288086342884,0.07617268576172685,0.07326691573266916,0.08395599833955998,0.07077625570776255,0.050850975508509755,0.06102117061021171,0.06164383561643835,0.05199252801992528,0.061851390618513906,0.05904939809049398,0.04794520547945205,0.040369447903694476,0.046699875466998754,0.03829389788293898,0.030925695309256953,0.03922789539227895,1
87,E02000091,0.05588900915084129,0.05136278657876611,0.057758535865394076,0.06110400472301486,0.06139919315162846,0.061300797008757256,0.0540194824362885,0.06651579258093082,0.06179277772311326,0.0528387287218341,0.06651579258093082,0.06779494243825641,0.05913608186559087,0.047131752435304534,0.05510184000787169,0.042015153006002164,0.035029026862147004,0.043294302863327756,1
88,E02000092,0.0707833555456834,0.05952909817858729,0.058492521842144235,0.05982526284614245,0.06293499185547165,0.06871020287279728,0.06337923885680438,0.061158003850140676,0.06411965052569228,0.07093143787946098,0.06367540352435955,0.06722937953502148,0.05834443950836665,0.04531319413593958,0.0444247001332741,0.034207019102621056,0.022804679401747373,0.024137420405745593,1
89,E02000093,0.05338497810710677,0.05372179184910744,0.07190973391714382,0.08647692825867295,0.09068710003368137,0.08807679353317616,0.05641630178511283,0.07132030986864264,0.06441562815762883,0.054732233075109465,0.06113169417312227,0.05178511283260357,0.055321657123610646,0.04285954866958572,0.03494442573256989,0.025682047827551364,0.02071404513304143,0.01641966992253284,1
90,E02000094,0.06368330464716007,0.06626506024096386,0.06808185121438133,0.08299866131191433,0.0972461273666093,0.07793077070185504,0.06234461656148403,0.07773952954675846,0.07028112449799197,0.051157008988334286,0.05966724039013196,0.058902275769745646,0.045037292025243834,0.035283993115318414,0.029546758462421115,0.021514629948364887,0.01606425702811245,0.016255498183209028,1
91,E02000095,0.05880103260349938,0.051438952098671,0.06864901042164642,0.08050482837747394,0.08681518309589827,0.07954871402619754,0.05402046084711731,0.07973993689645281,0.06358160435988144,0.0558370781145425,0.05889664403862702,0.05698441533607419,0.05507218663352137,0.0481881633043312,0.03719284826465245,0.026006310354718426,0.019887178506549384,0.018835452720145328,1
92,E02000096,0.055955969073515924,0.04507928187655615,0.05346612501638055,0.06434281221334032,0.07377801074564277,0.07652994365089766,0.05779059101035251,0.07561263268247936,0.05936312409906958,0.05464552483291836,0.05399030271261958,0.0533350805923208,0.0640807233652208,0.05648014676975495,0.05726641331411349,0.04009959376228542,0.030533350805923207,0.02765037347660857,1
93,E02000097,0.0607427612253462,0.05717582878724297,0.06682752832563994,0.08445237096097356,0.07459085186739405,0.07679395719681074,0.058329836340746954,0.07280738564834242,0.06672261854804867,0.056651279899286616,0.06378514477549307,0.0688208140998741,0.05434326479227864,0.04154427192614352,0.03147293327738145,0.026332354175409148,0.01888375996642887,0.019723038187159043,1
94,E02000098,0.06165637153969344,0.06668954472660718,0.06840539922214596,0.07458247540608556,0.07320979180965455,0.07229466941203386,0.04998856097002974,0.07824296499656828,0.05776710134980554,0.05616563715396934,0.06485929993136583,0.058796614047128805,0.053534660260809885,0.04118050789293068,0.0425531914893617,0.02756806222832304,0.021505376344086023,0.030999771219400594,1
95,E02000099,0.05986394557823129,0.0554683411826269,0.07629513343799058,0.09607535321821035,0.09911041339612768,0.07776033490319205,0.07629513343799058,0.07116692830978545,0.06635269492412349,0.06268969126111983,0.05934065934065934,0.05117739403453689,0.043432757718472007,0.03254840397697541,0.026687598116169546,0.017373103087388802,0.0141287284144427,0.014233385661957091,1
96,E02000100,0.043279634527530655,0.0688867516229863,0.0858379418129358,0.07850444818465978,0.07706179370040875,0.07117095455638374,0.04255830728540515,0.05902861264727098,0.056744409713873525,0.04303919211348882,0.07261360904063477,0.05698485212791536,0.0617937004087521,0.053017552296225054,0.04255830728540515,0.03438326520798269,0.027290213993748497,0.02524645347439288,1
97,E02000101,0.06943745597262756,0.06903491999597464,0.06702224011271007,0.07446915568078898,0.07537486162825803,0.07356344973331992,0.05705947469055047,0.07678373754654322,0.06692160611854685,0.06168863842205897,0.06682097212438362,0.058468350608835665,0.05102143504075677,0.03803964979370031,0.03351112005635504,0.025460400523296768,0.016000805071953304,0.01932172687933984,1
98,E02000102,0.08744744744744745,0.07411411411411412,0.07039039039039038,0.06858858858858859,0.06630630630630631,0.06414414414414414,0.07411411411411412,0.07435435435435435,0.06198198198198198,0.07423423423423424,0.06714714714714715,0.058258258258258255,0.05261261261261261,0.032192192192192194,0.023543543543543544,0.01945945945945946,0.018138138138138138,0.012972972972972972,1
99,E02000103,0.06827067669172933,0.06255639097744362,0.07258145363408522,0.08040100250626567,0.078796992481203,0.07087719298245614,0.06546365914786967,0.06606516290726817,0.06596491228070175,0.06676691729323309,0.07809523809523809,0.062355889724310776,0.04280701754385965,0.03428571428571429,0.02706766917293233,0.02025062656641604,0.020651629072681706,0.016741854636591478,1
100,E02000104,0.05089261923794298,0.05262456701305622,0.0650146549427125,0.0913935518252065,0.08140154543032241,0.08459898747668532,0.047961630695443645,0.06967759126032508,0.06448174793498535,0.056488142819078074,0.0683453237410072,0.060751398880895285,0.054090061284305886,0.04143351985078604,0.03423927524646949,0.030375699440447643,0.022115640820676793,0.02411404209965361,1
101,E02000105,0.06105862033932744,0.05669003352636391,0.07121812455552169,0.08076805851874429,0.09438179416844458,0.07924413288631514,0.06857665345931119,0.07558671136848522,0.0731484303565986,0.06055064512851773,0.06298892614040434,0.055267702936096716,0.049476785532866,0.033932744082088795,0.02936096718480138,0.01909986792644519,0.015645636492939145,0.01300416539672864,1
102,E02000106,0.06114760432766615,0.0607612055641422,0.0776661514683153,0.07708655332302937,0.0830757341576507,0.08066074188562597,0.061630602782071095,0.0722565687789799,0.06578438948995363,0.06810278207109738,0.07505795981452859,0.05457882534775889,0.046271251931993815,0.03690108191653787,0.02936630602782071,0.019030139103554868,0.01651854714064915,0.01410355486862442,1
103,E02000107,0.055032452692202215,0.04680500959868361,0.07075601060425998,0.09562117195356065,0.09123320230368406,0.10010055763780967,0.05329554803912606,0.08273151110704817,0.06618520888563854,0.05174147545479477,0.07779504525093701,0.05585519700155407,0.046439345461193896,0.034555260992778135,0.029253130999177257,0.019014535149465217,0.01197550050278819,0.011609836365298474,1
