,GEOGRAPHY_CODE,1 person in household,2 people in household,3 people in household,4 people in household,5 people in household,6 people in household,7 people in household,8 or more people in household,Total: All households
0,E02000001,0.50997150997151,0.3595848595848596,0.0754985754985755,0.03866503866503866,0.010582010582010581,0.0022385022385022386,0.0014245014245014246,0.002035002035002035,1
1,E02000002,0.25261324041811845,0.21916376306620208,0.18362369337979095,0.18710801393728224,0.09616724738675958,0.04250871080139373,0.011846689895470384,0.006968641114982578,1
2,E02000003,0.24783715012722646,0.2407124681933842,0.17353689567430025,0.17201017811704836,0.08829516539440203,0.03536895674300254,0.021628498727735368,0.020610687022900764,1
3,E02000004,0.23333333333333334,0.26666666666666666,0.2,0.16147186147186146,0.08225108225108226,0.033766233766233764,0.012121212121212121,0.01038961038961039,1
4,E02000005,0.19465122690929143,0.22663358147229115,0.18775847808105872,0.2213950923628343,0.10504549214226634,0.03915081334436173,0.016542597187758478,0.008822718500137855,1
5,E02000007,0.2912700571117759,0.22110416100081587,0.18384552624422082,0.1571933641555616,0.09301060647266794,0.03290726135436497,0.012238237693772096,0.008430785966820778,1
6,E02000008,0.23313148788927335,0.24783737024221453,0.1870674740484429,0.18360726643598616,0.09083044982698962,0.03525086505190311,0.010813148788927335,0.011461937716262976,1
7,E02000009,0.23765867418899858,0.2162670427832628,0.1861777150916784,0.18218147625763986,0.09473436765397274,0.040432534085566525,0.017865538316878232,0.02468265162200282,1
8,E02000010,0.23527644230769232,0.23347355769230768,0.20432692307692307,0.18118990384615385,0.08954326923076923,0.03786057692307692,0.013822115384615384,0.004507211538461538,1
9,E02000011,0.22524436889077773,0.23799405014874628,0.18572035699107522,0.18572035699107522,0.09519762005949851,0.042498937526561836,0.018699532511687208,0.008924776880577986,1
10,E02000012,0.21100638491942839,0.17421708726056553,0.14898145332927942,0.17786561264822134,0.12982669504408634,0.07692307692307693,0.03253268470659775,0.048647005168744296,1
11,E02000013,0.2427781192378611,0.2347879532882606,0.18377381684081132,0.18070067609096496,0.08973570989551322,0.044253226797787336,0.014443761524277812,0.009526736324523662,1
12,E02000014,0.22373081463990555,0.23789846517119245,0.20425029515938606,0.18270365997638724,0.0885478158205431,0.0410271546635183,0.015938606847697757,0.0059031877213695395,1
13,E02000015,0.3091628213579433,0.20863546473302572,0.1825972313777192,0.15161502966381016,0.09063941990771258,0.03493737640079104,0.013843111404087014,0.008569545154911009,1
14,E02000016,0.27289425347677776,0.23563369194437156,0.19522435056415638,0.1503542377328785,0.08554185253214379,0.030963001836788243,0.015481500918394122,0.013907110994489635,1
15,E02000017,0.22471098265895953,0.18316473988439305,0.17521676300578035,0.17377167630057805,0.10729768786127168,0.07153179190751445,0.03106936416184971,0.033236994219653176,1
16,E02000018,0.2220160791589363,0.22789115646258504,0.20068027210884354,0.1821273964131107,0.10049474335188621,0.04483611626468769,0.012368583797155226,0.0095856524427953,1
17,E02000019,0.1834319526627219,0.23076923076923078,0.23139208969168484,0.19806913734039241,0.10028028651510433,0.03768296480847088,0.012768607910308314,0.005605730302086578,1
18,E02000020,0.22426706612454525,0.22127113203509524,0.1913117911405949,0.18104001711962336,0.10549967900706185,0.04408303017333619,0.01947357158142521,0.013053712818317997,1
19,E02000021,0.22627986348122867,0.22559726962457338,0.19112627986348124,0.1901023890784983,0.09590443686006826,0.04675767918088737,0.013310580204778157,0.010921501706484642,1
20,E02000022,0.2702895959957097,0.2502681444404719,0.17983553807651054,0.15302109402931713,0.0808008580622095,0.033964962459778335,0.025741866285305684,0.006077940650697175,1
21,E02000023,0.23469770935035675,0.21441982726248593,0.17912129177619227,0.1903867818250094,0.10777318813368382,0.04956815621479534,0.018024784078107398,0.0060082613593691325,1
22,E02000024,0.2903730176457449,0.3254411436229618,0.1652892561983471,0.15702479338842976,0.0455662273844092,0.0113915568461023,0.002903730176457449,0.0020102747375474648,1
23,E02000025,0.35077415910304327,0.29391350774159103,0.1609717031500267,0.1366791243993593,0.03683929524826481,0.009877202349172451,0.009877202349172451,0.0010678056593699946,1
24,E02000026,0.25965750696933493,0.29549980087614497,0.1859816806053365,0.17483074472321783,0.06332138590203107,0.01632815611310235,0.001991238550378335,0.0023894862604540022,1
25,E02000027,0.2719131614654003,0.26241519674355496,0.20488466757123475,0.17042062415196743,0.06078697421981004,0.019267299864314788,0.007055630936227951,0.0032564450474898234,1
26,E02000028,0.28592647604901594,0.3152617898254734,0.18083921277385814,0.15707389528406981,0.0415893056071296,0.012253991830672113,0.005569996286669142,0.0014853323431117712,1
27,E02000029,0.2674042093901781,0.28197517539125744,0.2021046950890448,0.1735024284943335,0.04722072315164598,0.015110631408526714,0.002698327037236913,0.009983810037776578,1
28,E02000030,0.21739130434782608,0.3245240125035522,0.18044899119067917,0.17789144643364593,0.06990622335890878,0.02216538789428815,0.004546746234725774,0.00312588803637397,1
29,E02000031,0.2806964875412789,0.311618132692885,0.1762233563494446,0.16271389972981087,0.05073551486040228,0.010807565295706995,0.004202942059441609,0.003002101471029721,1
30,E02000032,0.1782069970845481,0.26494169096209913,0.20954810495626822,0.23505830903790087,0.0794460641399417,0.022230320699708456,0.00619533527696793,0.004373177842565598,1
31,E02000033,0.27962220950200345,0.27676016027475675,0.18918145392100744,0.1788780767029193,0.05266170578133944,0.013737836290784202,0.004865483686319404,0.004293073840870063,1
32,E02000034,0.27118171683389075,0.2976588628762542,0.18979933110367894,0.16137123745819398,0.05351170568561873,0.017837235228539576,0.005852842809364548,0.002787068004459309,1
33,E02000035,0.3155656365182875,0.31981854267082505,0.16983271902466684,0.13751063226538135,0.03997731783385313,0.011341083073433513,0.005103487383045081,0.0008505812305075135,1
34,E02000036,0.2363083164300203,0.26140973630831643,0.18864097363083165,0.17596348884381338,0.07682555780933063,0.03296146044624747,0.012677484787018255,0.015212981744421906,1
35,E02000037,0.2093649085037675,0.2890204520990312,0.18622174381054898,0.15796555435952636,0.0810010764262648,0.035252960172228204,0.021528525296017224,0.019644779332615717,1
36,E02000038,0.2543684473290065,0.28681977034448325,0.1924613080379431,0.17373939091362955,0.06115826260609086,0.021717423864203694,0.00673989016475287,0.0029955067398901645,1
37,E02000039,0.2513089005235602,0.2830964846671653,0.1768885564697083,0.17651458489154825,0.07329842931937172,0.01832460732984293,0.016080777860882575,0.004487658937920718,1
38,E02000040,0.2836374002280502,0.29418472063854045,0.18244013683010263,0.14965792474344355,0.05701254275940707,0.020524515393386546,0.008266818700114024,0.00427594070695553,1
39,E02000041,0.23518796992481203,0.2754887218045113,0.18766917293233082,0.1530827067669173,0.07729323308270676,0.039699248120300755,0.01744360902255639,0.014135338345864662,1
40,E02000042,0.3275350021213407,0.28510818837505303,0.17649554518455665,0.13661434026304625,0.041366143402630465,0.018667798048366567,0.008909630886720407,0.005303351718285956,1
41,E02000043,0.19362101313320826,0.2803001876172608,0.20075046904315197,0.22288930581613509,0.0772983114446529,0.01350844277673546,0.00600375234521576,0.005628517823639775,1
42,E02000044,0.22189638318670576,0.2518735744542196,0.20430107526881722,0.16552623004235908,0.09253828608667318,0.04040404040404041,0.017921146953405017,0.005539263603779733,1
43,E02000045,0.30668570068998335,0.2624315964787057,0.18962645729241018,0.15917201998572447,0.05234356412086605,0.017130620985010708,0.00808945990958839,0.004520580537711158,1
44,E02000046,0.28551580409864535,0.3077457450503647,0.20319555401180966,0.13963181660298715,0.04272316776658562,0.014588398749565822,0.004862799583188607,0.0017367141368530739,1
45,E02000047,0.22789923954372623,0.24857414448669202,0.19391634980988592,0.17252851711026615,0.08008555133079848,0.040399239543726234,0.018773764258555134,0.01782319391634981,1
46,E02000048,0.2643037974683544,0.2908860759493671,0.17443037974683545,0.16759493670886075,0.06911392405063291,0.02329113924050633,0.006329113924050633,0.004050632911392405,1
47,E02000049,0.2694736842105263,0.24657894736842106,0.19657894736842105,0.14657894736842106,0.07552631578947368,0.03921052631578947,0.011578947368421053,0.014473684210526316,1
48,E02000050,0.28433316807139314,0.27540902330193356,0.18914229053049084,0.15592464055528013,0.054784333168071395,0.026276648487853247,0.0066931085770946955,0.0074367873078829945,1
49,E02000051,0.31558133403638283,0.30872660163459004,0.1631953598734511,0.12338518323226998,0.06432902715528606,0.01476403901924598,0.006063801740047456,0.003954653308726601,1
50,E02000052,0.3151240458015267,0.30033396946564883,0.1784351145038168,0.15243320610687022,0.03816793893129771,0.010734732824427481,0.0033396946564885495,0.0014312977099236641,1
51,E02000054,0.3116795691686301,0.27566475934028944,0.17569841804106362,0.12352743184113094,0.0568832043083137,0.029283069673510603,0.010434197239986537,0.01682935038707506,1
52,E02000055,0.296271637816245,0.2789613848202397,0.17887261429205503,0.12561029738126941,0.06968486462494451,0.03195739014647137,0.01087438970261873,0.007767421216156236,1
53,E02000056,0.24520627542126672,0.3076699593259733,0.17141196978500872,0.1673445671121441,0.07902382335851249,0.02149912841371296,0.004357931435212086,0.003486345148169669,1
54,E02000057,0.2535107169253511,0.2531411677753141,0.1607538802660754,0.1345158906134516,0.09164818920916482,0.06541019955654102,0.024390243902439025,0.01662971175166297,1
55,E02000058,0.32471334471822394,0.29641375945352527,0.14369358380092706,0.13100756282020004,0.050500121980970966,0.026591851671139304,0.014637716516223469,0.012442059038789949,1
56,E02000059,0.3007891770011274,0.2696730552423901,0.17497181510710258,0.1298759864712514,0.06674182638105976,0.027733934611048477,0.01217587373167982,0.018038331454340473,1
57,E02000060,0.29894394800974816,0.23774708908746275,0.12672623883021933,0.1083130246412131,0.06823720552396426,0.05226103438938532,0.057676685621445976,0.050094773896561064,1
58,E02000061,0.36467954100195915,0.2941505737475511,0.14609571788413098,0.11586901763224182,0.050937587461516935,0.01623285754268122,0.006717044500419815,0.005317660229499021,1
59,E02000062,0.31063504208110176,0.23603672532517214,0.18706962509563888,0.12318286151491967,0.07918898240244836,0.03825554705432287,0.018362662586074982,0.0072685539403213465,1
60,E02000063,0.3018002117896223,0.2428521002470879,0.17755030003529826,0.14895870102364983,0.07589128132721497,0.03106247793858101,0.012354394634662902,0.00953053300388281,1
61,E02000064,0.30159304851556845,0.30340333091962346,0.20130340333091962,0.12128892107168718,0.05249818971759594,0.01448225923244026,0.0039826212889210715,0.001448225923244026,1
62,E02000065,0.23703170028818443,0.23378962536023054,0.19380403458213258,0.1696685878962536,0.10122478386167147,0.04250720461095101,0.016210374639769452,0.005763688760806916,1
63,E02000066,0.3182971525232591,0.22159571468846914,0.1767691006484353,0.15054976036086834,0.0744290950098675,0.03749647589512264,0.01381449111925571,0.007048209754722301,1
64,E02000067,0.28345468240020083,0.27039919658548833,0.19482801908109465,0.14988701983429575,0.06829023349234245,0.020336429826763747,0.008285212151644489,0.0045192066281697215,1
65,E02000068,0.3002504696305573,0.2517219787100814,0.19223544145272387,0.15184721352536004,0.07263619286161553,0.020350657482780213,0.007514088916718848,0.0034439574201628053,1
66,E02000069,0.2777382645803698,0.29694167852062586,0.17425320056899005,0.14829302987197723,0.0689900426742532,0.020625889046941678,0.009246088193456615,0.0039118065433854906,1
67,E02000070,0.25127388535031847,0.310828025477707,0.17643312101910827,0.16942675159235668,0.06146496815286624,0.021337579617834394,0.0070063694267515925,0.0022292993630573248,1
68,E02000071,0.23112208892025407,0.28440366972477066,0.1993648553281581,0.17572335920959775,0.07127734650670431,0.02611150317572336,0.008115737473535639,0.0038814396612561752,1
69,E02000072,0.24477611940298508,0.25650319829424306,0.19914712153518124,0.1695095948827292,0.08528784648187633,0.02857142857142857,0.009168443496801706,0.0070362473347547975,1
70,E02000073,0.20444781400050543,0.31210513014910285,0.19206469547637098,0.19459186252211272,0.06646449330300733,0.02249178670710134,0.004801617386909275,0.003032600454890068,1
71,E02000074,0.2970353477765108,0.2759407069555302,0.18187001140250855,0.145096921322691,0.06698973774230331,0.022234891676168756,0.0068415051311288486,0.003990877993158495,1
72,E02000075,0.2307936507936508,0.34095238095238095,0.18888888888888888,0.16444444444444445,0.05619047619047619,0.013968253968253968,0.004126984126984127,0.0006349206349206349,1
73,E02000077,0.21083106267029972,0.2847411444141689,0.1955040871934605,0.20844686648501362,0.06743869209809264,0.023841961852861037,0.007493188010899182,0.0017029972752043597,1
74,E02000078,0.21629678701556806,0.33620404107320306,0.1871480622722756,0.1825107651540245,0.052997681351440874,0.016230539913878766,0.004968532626697582,0.00364359059291156,1
75,E02000079,0.2923634336677815,0.3149386845039019,0.18227424749163879,0.15217391304347827,0.04069119286510591,0.011984392419175028,0.004180602006688963,0.0013935340022296545,1
76,E02000080,0.24423480083857443,0.2840670859538784,0.19627882599580712,0.18265199161425577,0.06525157232704402,0.018343815513626835,0.0047169811320754715,0.004454926624737945,1
77,E02000081,0.274862721171446,0.29560707748627213,0.18059792556436852,0.1705308114704088,0.05704697986577181,0.01525320317266626,0.003050640634533252,0.003050640634533252,1
78,E02000082,0.21057217542840545,0.29422015683996516,0.19924484461225675,0.20331106593087422,0.06593087423758351,0.019459773453383677,0.004647110078419983,0.00261399941911124,1
79,E02000083,0.2687204857207106,0.3013267371261525,0.18259500787047447,0.16033280863503485,0.06049021812457837,0.01753991454913425,0.006296379581740499,0.0026984483921744995,1
80,E02000084,0.22275107091861018,0.31294621608757733,0.18443598286530224,0.1934792955735364,0.0606853879105188,0.0159447881960971,0.005949547834364588,0.0038077106139933364,1
81,E02000085,0.24267100977198697,0.3087947882736156,0.1791530944625407,0.18501628664495115,0.06416938110749186,0.014332247557003257,0.004885993485342019,0.000977198697068404,1
82,E02000086,0.22489239598278335,0.32568149210903874,0.19296987087517933,0.18651362984218078,0.05380200860832138,0.012553802008608322,0.002152080344332855,0.0014347202295552368,1
83,E02000087,0.2613670581150256,0.3297199638663053,0.16892502258355918,0.1764528756398675,0.04847937368262571,0.011743450767841012,0.0030111412225233363,0.00030111412225233364,1
84,E02000088,0.20959087860496312,0.33568075117370894,0.1938296445338699,0.19181757209926223,0.04896042924211938,0.014419852448021462,0.004694835680751174,0.001006036217303823,1
85,E02000089,0.20034423407917384,0.3225473321858864,0.1889845094664372,0.21411359724612736,0.054388984509466436,0.014802065404475043,0.0037865748709122204,0.0010327022375215145,1
86,E02000090,0.3540772532188841,0.3283261802575107,0.14544587505960896,0.12136385312350978,0.03791130185979971,0.009298998569384835,0.002145922746781116,0.001430615164520744,1
87,E02000091,0.3459204315576534,0.2993931220498989,0.17015059563946955,0.1276691391323893,0.04495392222971454,0.007642166779051472,0.003146774556080018,0.0011238480557428637,1
88,E02000092,0.2862932940309506,0.2943994104642594,0.19454679439941047,0.1466470154753132,0.05232129697862933,0.01989683124539425,0.0036845983787767134,0.002210759027266028,1
89,E02000093,0.18492784607161947,0.2506680919294495,0.18385889898450028,0.17637626937466597,0.09914484233030466,0.05291288081239979,0.028861571352218066,0.023249599144842332,1
90,E02000094,0.21107266435986158,0.25836216839677045,0.19521337946943484,0.15916955017301038,0.08564013840830449,0.049019607843137254,0.02422145328719723,0.01730103806228374,1
91,E02000095,0.18027638190954773,0.22141959798994976,0.19064070351758794,0.1972361809045226,0.0888819095477387,0.058103015075376886,0.02701005025125628,0.0364321608040201,1
92,E02000096,0.18694955964771817,0.2674139311449159,0.18414731785428343,0.19975980784627703,0.08606885508406725,0.03843074459567654,0.014811849479583666,0.02241793434747798,1
93,E02000097,0.20915678524374176,0.23353096179183136,0.18214756258234518,0.17753623188405798,0.08893280632411067,0.05237154150197629,0.026021080368906456,0.030303030303030304,1
94,E02000098,0.216,0.25565217391304346,0.1822608695652174,0.1666086956521739,0.09321739130434782,0.04626086956521739,0.02191304347826087,0.01808695652173913,1
95,E02000099,0.1912924237230031,0.21906067877956806,0.19746314706890641,0.19574905725059993,0.08399040109701748,0.0407953376756942,0.025368529310935892,0.04628042509427494,1
96,E02000100,0.1992993382639159,0.24017127286882056,0.19384974698326196,0.17633320358115998,0.09692487349163098,0.053717399766446086,0.021798365122615803,0.017905799922148698,1
97,E02000101,0.25694034258712345,0.2297696396928529,0.1887182516243355,0.16804489072652096,0.0800354400472534,0.040460720614294156,0.02067336089781453,0.01535735380980508,1
98,E02000102,0.2578241430700447,0.21050670640834576,0.1721311475409836,0.14046199701937406,0.0935171385991058,0.06520119225037257,0.030923994038748136,0.029433681073025336,1
99,E02000103,0.25541750939034963,0.2571511123952615,0.18405085235481075,0.14966772609072523,0.08234614273331407,0.0361167292689974,0.01762496388327073,0.01762496388327073,1
100,E02000104,0.25444766239139427,0.21803889118742242,0.16052958212660323,0.17625155151013652,0.09557302441042614,0.0430285477865122,0.021100537856847332,0.03103020273065784,1
101,E02000105,0.2204699066623753,0.22111361441905375,0.18120373350498872,0.17766334084325716,0.09430318635339556,0.05246218216929514,0.023817186997103314,0.028966849050531058,1
102,E02000106,0.2838817624093698,0.23898494143892918,0.1634132738427217,0.1388733965421082,0.08003346346904629,0.046848856664807585,0.021193530395984383,0.026770775237032907,1
103,E02000107,0.34342044933516735,0.2677670793214122,0.16139385602934433,0.11095827602017423,0.05960568546538285,0.027510316368638238,0.011691884456671253,0.017652453003209535,1
104,E02000108,0.1917326297273527,0.22955145118733508,0.19129287598944592,0.18601583113456466,0.09234828496042216,0.05980650835532102,0.023306948109058926,0.025945470536499562,1
105,E02000110,0.29993535875888816,0.2656755009696186,0.16806722689075632,0.14059469941822883,0.07045895281189399,0.024886877828054297,0.01906916612798966,0.011312217194570135,1
106,E02000111,0.18546365914786966,0.20050125313283207,0.18233082706766918,0.18201754385964913,0.1105889724310777,0.05701754385964912,0.02662907268170426,0.05545112781954887,1
107,E02000112,0.18564073226544622,0.2528604118993135,0.17906178489702518,0.153604118993135,0.08781464530892448,0.058066361556064074,0.036613272311212815,0.04633867276887872,1
108,E02000113,0.2550865472213787,0.24627998785302155,0.18281202550865472,0.12784694807166716,0.08745824476161555,0.055876100819921046,0.02399028241724871,0.02064986334649256,1
109,E02000114,0.3358510925276504,0.3164283787429188,0.14836795252225518,0.11087132452117615,0.048017264634475317,0.019692473698408416,0.008632317237658484,0.012139196115457242,1
110,E02000115,0.38360402165506574,0.3044599123485434,0.14952307295694767,0.10002577984016499,0.04202113946893529,0.013405516885795308,0.0028357824181490074,0.0041247744263985565,1
111,E02000116,0.2935185185185185,0.2595679012345679,0.19012345679012346,0.1367283950617284,0.06666666666666667,0.026851851851851852,0.013271604938271606,0.013271604938271606,1
112,E02000117,0.33851649506198783,0.21622189535616726,0.1720949779365413,0.13805421306997268,0.06640050430762766,0.03130909855011557,0.017860895146039085,0.019541920571548646,1
113,E02000118,0.1916376306620209,0.2039911308203991,0.1789673740893253,0.15299334811529933,0.10547988596769084,0.07158694963573012,0.030408615774469433,0.06493506493506493,1
114,E02000119,0.3174803946369846,0.2428535289653428,0.17809258790791804,0.1323045788009107,0.0665317480394637,0.032633442954717935,0.01366051100430053,0.016443207690361752,1
115,E02000120,0.40032987747408105,0.31856738925541944,0.1286522148916117,0.0999057492931197,0.0322808671065033,0.011310084825636193,0.004476908576814326,0.004476908576814326,1
116,E02000121,0.20264681555004135,0.221119382409705,0.1838985387372484,0.1662531017369727,0.0931899641577061,0.04935208161014613,0.02729528535980149,0.05624483043837883,1
117,E02000122,0.29958873774122113,0.25877886744701045,0.18380259411578614,0.14900347991142043,0.0677000949066751,0.02341031319202784,0.009807023093957609,0.007908889591901298,1
118,E02000123,0.33832821808990793,0.26069687669254377,0.17837154721068785,0.1270987542877776,0.054883552987903955,0.024372630438707348,0.009568514172233256,0.00667990612023831,1
119,E02000124,0.309375,0.30649038461538464,0.17596153846153847,0.14302884615384615,0.04375,0.011538461538461539,0.005048076923076923,0.004807692307692308,1
120,E02000125,0.2998477929984779,0.271689497716895,0.19051243023845763,0.14789446981227802,0.057584982242516486,0.015728056823947234,0.00684931506849315,0.00989345509893455,1
121,E02000126,0.37298091042584436,0.26666666666666666,0.14713656387665197,0.10748898678414097,0.055212922173274594,0.028781204111600588,0.01145374449339207,0.010279001468428781,1
122,E02000127,0.30435931307793923,0.2731836195508586,0.19920739762219286,0.14108322324966974,0.05891677675033025,0.0166446499339498,0.003963011889035667,0.002642007926023778,1
123,E02000128,0.25334639242572643,0.32092719555990856,0.20437479595168137,0.16030035912504081,0.04603330068560235,0.009467841984982043,0.0039177277179236044,0.001632386549134835,1
124,E02000130,0.3132332878581173,0.33315143246930423,0.16534788540245565,0.1383356070941337,0.0373806275579809,0.009822646657571623,0.0016371077762619372,0.001091405184174625,1
125,E02000131,0.3701657458563536,0.35872138910812945,0.15173638516179952,0.08681925808997633,0.02367797947908445,0.004932912391475927,0.002565114443567482,0.0013812154696132596,1
126,E02000132,0.4125859975718333,0.3405503844597329,0.13901254552812625,0.08053419668150547,0.018818292189397005,0.005868069607446378,0.0024281667341157424,0.00020234722784297855,1
127,E02000133,0.25017325017325015,0.34673134673134676,0.16816816816816818,0.17902517902517903,0.04527604527604528,0.007623007623007623,0.001848001848001848,0.001155001155001155,1
128,E02000134,0.3471698113207547,0.32943396226415095,0.15867924528301885,0.12169811320754717,0.03226415094339623,0.007924528301886792,0.0013207547169811322,0.0015094339622641509,1
129,E02000135,0.37812288993923027,0.299797434166104,0.1679045689849201,0.09633130767499437,0.03623677695250956,0.013954535223947783,0.006527121314427189,0.0011253657438667567,1
130,E02000136,0.2901960784313726,0.31328976034858386,0.17167755991285402,0.1485838779956427,0.05708061002178649,0.011328976034858388,0.006100217864923747,0.0017429193899782135,1
131,E02000137,0.33151878062057705,0.33206314643440393,0.15841045182362548,0.13037561241154055,0.03483941208492107,0.008165487207403375,0.00326619488296135,0.0013609145345672292,1
132,E02000138,0.3863251993235081,0.3476685189659338,0.1425465088185552,0.0903599903358299,0.023677216719014255,0.0067649190625755015,0.0012080212611741967,0.001449625513409036,1
133,E02000139,0.3143893591293833,0.31680773881499397,0.17623941958887546,0.1466142684401451,0.03536880290205562,0.007557436517533253,0.002116082224909311,0.0009068923821039903,1
134,E02000140,0.2960743182499251,0.239736290080911,0.20167815403056638,0.15882529217860353,0.06892418339826191,0.020377584656877435,0.008990110878034162,0.005394066526820497,1
135,E02000141,0.3112261404076351,0.30799094144289874,0.18990617923002265,0.14364283403429312,0.033646069233257844,0.008087997411840828,0.0042057586541572305,0.0012940795858945326,1
136,E02000142,0.25992465951898003,0.2984642132715155,0.18893074471167778,0.1909591422776007,0.04839177050130397,0.010721529991306867,0.0011590843233845263,0.0014488554042306578,1
137,E02000144,0.3010204081632653,0.3205009276437848,0.18692022263450836,0.14981447124304267,0.031771799628942485,0.007189239332096475,0.0016233766233766235,0.0011595547309833025,1
138,E02000145,0.2963279248505551,0.2772559066325078,0.18531169940222034,0.1537147736976943,0.05607742670082551,0.02049530315969257,0.0062624537432393965,0.004554511813265016,1
139,E02000146,0.30774944293141865,0.28719980193117106,0.20054468927952462,0.15895023520673435,0.03664273334983907,0.007179995048279277,0.0002475860361475613,0.0014855162168853676,1
140,E02000147,0.2465277777777778,0.30997474747474746,0.16319444444444445,0.1976010101010101,0.06218434343434343,0.015467171717171718,0.0031565656565656565,0.001893939393939394,1
141,E02000148,0.24916697519437245,0.32839689004072564,0.17475009255831173,0.19326175490559053,0.041836356904850054,0.008885597926693817,0.00259163272861903,0.0011106997408367272,1
142,E02000149,0.27344701583434833,0.30724725943970765,0.1866626065773447,0.16321559074299635,0.0438489646772229,0.018574908647990256,0.004263093788063338,0.0027405602923264312,1
143,E02000150,0.2098844672657253,0.2827342747111682,0.20539152759948653,0.2233632862644416,0.06097560975609756,0.014441591784338896,0.0016046213093709885,0.0016046213093709885,1
144,E02000151,0.21661621257988564,0.3417423477968382,0.1927346115035318,0.19576185671039353,0.04036326942482341,0.010763538513286243,0.0010090817356205853,0.0010090817356205853,1
145,E02000152,0.26647286821705424,0.268733850129199,0.2054263565891473,0.1821705426356589,0.05329457364341085,0.016472868217054265,0.005490956072351421,0.001937984496124031,1
146,E02000153,0.1781767955801105,0.28556629834254144,0.19820441988950277,0.25828729281767954,0.06146408839779006,0.013812154696132596,0.0027624309392265192,0.0017265193370165745,1
147,E02000154,0.2790372236216065,0.3316540722082284,0.18583823117828155,0.15141337811363,0.037223621606493146,0.010355443604813882,0.003638399104394067,0.0008396305625524769,1
148,E02000155,0.2957236842105263,0.3430921052631579,0.1723684210526316,0.12269736842105264,0.04375,0.01644736842105263,0.0029605263157894738,0.0029605263157894738,1
149,E02000156,0.24573308657207485,0.3271643018712729,0.17293851531976145,0.19041743779559941,0.05038042360682706,0.009664815957228049,0.0028788813489615465,0.0008225375282747275,1
150,E02000157,0.2232387923147301,0.33272339127782863,0.19274168953949375,0.19030192131747484,0.04696553827386398,0.010673985971332723,0.0027447392497712718,0.000609942055504727,1
151,E02000158,0.23589574397888485,0.3319036621577037,0.19003629165291983,0.15275486638073243,0.06433520290333224,0.01583635763774332,0.006928406466512702,0.0023094688221709007,1
152,E02000159,0.23431407302375043,0.3452676355902162,0.1804324707550514,0.17086139666784828,0.05069124423963134,0.014179369018078695,0.0021269053527118043,0.0021269053527118043,1
153,E02000160,0.21597633136094674,0.31328073635765946,0.1863905325443787,0.20578566732412887,0.06180144641683103,0.013149243918474688,0.0023011176857330702,0.0013149243918474688,1
154,E02000161,0.22142429682824655,0.317474566128067,0.19239976062238182,0.21095152603231598,0.04518252543387193,0.010472770795930581,0.002094554159186116,0.0,1
155,E02000162,0.3144399460188934,0.2968960863697706,0.1632928475033738,0.1683535762483131,0.04116059379217274,0.012145748987854251,0.003036437246963563,0.0006747638326585695,1
156,E02000163,0.23932181284642973,0.34235409194652755,0.17476361265079882,0.18128464297358982,0.04108249103358331,0.015324421258558853,0.004238669709814151,0.0016302575806977503,1
157,E02000165,0.20656934306569344,0.35,0.18248175182481752,0.17554744525547444,0.061313868613138686,0.01970802919708029,0.0036496350364963502,0.00072992700729927,1
158,E02000166,0.3523697380041213,0.31733882837798055,0.1521931115690315,0.11186340889019723,0.04032970267883427,0.014718869590815425,0.005004415660877244,0.0061819252281424784,1
159,E02000167,0.37740883486510524,0.33857100504002374,0.12273940112659354,0.11384524162466647,0.03557663800770827,0.009190631485324638,0.0020753038837829827,0.0005929439667951378,1
160,E02000168,0.3593705293276109,0.31244635193133047,0.1585121602288984,0.11731044349070101,0.03690987124463519,0.010586552217453506,0.0031473533619456365,0.0017167381974248926,1
161,E02000169,0.29015201586252476,0.33212161269001983,0.17349636483807007,0.14573694646397886,0.044282881692002646,0.011566424322538004,0.0019828155981493722,0.0006609385327164573,1
162,E02000170,0.33429561200923785,0.33169745958429564,0.15242494226327943,0.1226905311778291,0.03897228637413395,0.012413394919168591,0.0037528868360277136,0.0037528868360277136,1
163,E02000171,0.36295406784749323,0.32752927048934255,0.13839687781447013,0.107475232662864,0.047132993095166616,0.009606724707295107,0.002701891323926749,0.004202942059441609,1
164,E02000172,0.35985130111524166,0.26889714993804215,0.16183395291201982,0.11970260223048328,0.05204460966542751,0.024039653035935565,0.0076827757125154895,0.005947955390334572,1
165,E02000173,0.40731219651528133,0.29620108540417023,0.13853184804341617,0.10882604970008569,0.03598971722365039,0.007140816909454442,0.002570694087403599,0.003427592116538132,1
166,E02000174,0.3584905660377358,0.3176569980287243,0.14362151506617854,0.10757533089270628,0.045339341030695576,0.013235708251196845,0.00844832441565756,0.005632216277105041,1
167,E02000175,0.39591552564400095,0.33836156880946855,0.13251334416337898,0.08981202135066141,0.0292411232304479,0.007194244604316547,0.0037131585054537017,0.0032490136922719887,1
168,E02000176,0.4481839386871043,0.319893368877041,0.109296901032989,0.08630456514495169,0.029323558813728758,0.005998000666444518,0.0006664445184938354,0.0003332222592469177,1
169,E02000177,0.3634373289545703,0.30514504652435687,0.1447728516694034,0.10153256704980843,0.04871373836891078,0.02162014230979748,0.009852216748768473,0.0049261083743842365,1
170,E02000178,0.3868876080691643,0.3366954851104707,0.1361671469740634,0.08525456292026898,0.035302593659942365,0.012487992315081652,0.003121998078770413,0.004082612872238232,1
171,E02000179,0.3814756671899529,0.28335949764521196,0.15031397174254318,0.11459968602825746,0.045133437990580845,0.017660910518053376,0.004709576138147566,0.0027472527472527475,1
172,E02000180,0.36674259681093396,0.31748291571753984,0.1520501138952164,0.09168564920273349,0.042710706150341685,0.021924829157175398,0.004555808656036446,0.0028473804100227792,1
173,E02000181,0.34542544678580955,0.3576953854361163,0.15604161109629233,0.10136036276340357,0.02880768204854628,0.005868231528407575,0.0032008535609495867,0.0016004267804747934,1
174,E02000182,0.3567953292247811,0.281868310087577,0.16574764839442102,0.12455400583846903,0.05124878365228673,0.012325656827765165,0.0042166720726565035,0.003243593902043464,1
175,E02000183,0.42470295661785024,0.29510914617297596,0.13208068527217465,0.08786957723127936,0.03896103896103896,0.016302846090080134,0.00303951367781155,0.0019342359767891683,1
176,E02000184,0.36388659510046795,0.316542802091935,0.1475364712358932,0.0957886044591247,0.044866501513900356,0.017891549683457197,0.008257638315441783,0.005229837599779796,1
177,E02000185,0.4298353403784714,0.26296387318751535,0.13295650036864096,0.09805849102973703,0.04325387072990907,0.018923568444335216,0.009584664536741214,0.004423691324649791,1
178,E02000186,0.41196464989802856,0.3327668252889191,0.12882392929979605,0.07443915703602991,0.026172671651937457,0.016315431679129844,0.006798096532970768,0.002719238613188307,1
179,E02000187,0.3597065758449044,0.2740372019910925,0.14487817657846477,0.10924810060256746,0.06340057636887608,0.029080429656798534,0.012051349227141734,0.007597589730154571,1
180,E02000188,0.34461198970209633,0.2526664214784847,0.16550202280250093,0.1154836336888562,0.06767193821257815,0.028687017285766826,0.01471129091577786,0.010665685913938948,1
181,E02000191,0.5068818224964404,0.32273374466065496,0.09254864736592311,0.04698623635500712,0.01613668723303275,0.009017560512577124,0.0023730422401518746,0.0033222591362126247,1
182,E02000192,0.4226036269430052,0.3086139896373057,0.12176165803108809,0.07351036269430052,0.03983160621761658,0.019753886010362695,0.009067357512953367,0.0048575129533678756,1
183,E02000193,0.5259761213294611,0.30784123910939015,0.09035172636334302,0.04356243949661181,0.017102291061632784,0.0090351726363343,0.004194901581155212,0.001936108422071636,1
184,E02000194,0.3622084721561161,0.329128986197049,0.16587339362208472,0.10019038553069967,0.02760590195145169,0.009757258448357925,0.0033317467872441696,0.0019038553069966682,1
185,E02000195,0.23618665903235042,0.2911537360435156,0.18036072144288579,0.16719152590896078,0.07128542799885486,0.03206412825651302,0.012310334955625536,0.009447466361294017,1
186,E02000196,0.25115452930728244,0.28845470692717584,0.17513321492007106,0.13818827708703374,0.07424511545293074,0.037655417406749554,0.018117229129662522,0.01705150976909414,1
187,E02000197,0.25406871609403253,0.2757685352622061,0.19318866787221217,0.1518987341772152,0.07383966244725738,0.03074141048824593,0.010548523206751054,0.009945750452079566,1
188,E02000198,0.3139269406392694,0.2505707762557078,0.1963470319634703,0.1355593607305936,0.06478310502283105,0.02482876712328767,0.007420091324200913,0.006563926940639269,1
189,E02000199,0.25834633385335415,0.2745709828393136,0.21497659906396255,0.14789391575663027,0.06895475819032762,0.0218408736349454,0.008424336973478939,0.0049921996879875195,1
190,E02000200,0.35816045988502876,0.31542114471382154,0.15896025993501625,0.10547363159210198,0.043989002749312674,0.010997250687328168,0.0022494376405898524,0.0047488127968008,1
191,E02000201,0.36047120418848166,0.293717277486911,0.1667539267015707,0.1099476439790576,0.04607329842931937,0.014136125654450262,0.005759162303664921,0.0031413612565445027,1
192,E02000202,0.2385502471169687,0.23986820428336078,0.18352553542009883,0.17199341021416803,0.08336079077429984,0.06062602965403625,0.010873146622734762,0.011202635914332784,1
193,E02000203,0.33632574543122795,0.25521000320615583,0.15517794164796408,0.13401731324142355,0.07021481243988457,0.0323821737736454,0.012183392112856685,0.004488618146841937,1
194,E02000204,0.23041189222669556,0.24651594921028183,0.1796221740476928,0.15887271601114897,0.09569526169092599,0.047383090740167236,0.024775472282440383,0.01672344379064726,1
195,E02000206,0.33512544802867383,0.27262544802867383,0.18346774193548387,0.12948028673835124,0.05085125448028674,0.018369175627240143,0.005376344086021506,0.004704301075268817,1
196,E02000207,0.3056179775280899,0.2794943820224719,0.18679775280898878,0.13258426966292136,0.05589887640449438,0.020224719101123594,0.015168539325842697,0.004213483146067416,1
197,E02000208,0.31137140068326014,0.23011224987798926,0.18887262079062958,0.14812103465104928,0.07101024890190337,0.028306490971205467,0.013909224011713031,0.008296730112249878,1
198,E02000209,0.20861900097943192,0.2317988899771466,0.2118837740777016,0.18837740777015996,0.0969637610186092,0.04146261834802481,0.011426705843943846,0.009467841984982043,1
199,E02000210,0.27096025529445894,0.306063243400058,0.1894400928343487,0.14476356251813172,0.05628082390484479,0.020597621119814332,0.00725268349289237,0.004641717435451117,1
200,E02000211,0.2607771706132362,0.3175470552519733,0.18184578020643594,0.16272009714632665,0.054341226472374014,0.01639344262295082,0.004553734061930784,0.0018214936247723133,1
201,E02000212,0.22004290530186946,0.24302788844621515,0.2154459086730003,0.1719276739197058,0.09071406680968434,0.03830830524057616,0.013484523444682808,0.007048728164266013,1
202,E02000213,0.3498423298089408,0.2904841402337229,0.16045260619551105,0.11129660545353366,0.0515674271934706,0.023186792802819513,0.008347245409015025,0.004822852902986459,1
203,E02000214,0.20783132530120482,0.32358003442340794,0.19965576592082615,0.17685025817555938,0.05938037865748709,0.022375215146299483,0.004733218588640275,0.005593803786574871,1
204,E02000215,0.3654358583936049,0.3121431290445375,0.15626189569851542,0.10030452988199468,0.0401598781880472,0.01655881233346022,0.005709935287400076,0.0034259611724400457,1
205,E02000216,0.31961917715062904,0.28119687181230874,0.17885073104386262,0.15300918055083304,0.046242774566473986,0.01292077524651479,0.0047602856171370285,0.0034002040122407345,1
206,E02000217,0.3286197968532165,0.28759211312487554,0.1836287592113125,0.12348137821151164,0.05098585939055965,0.014738099980083649,0.0073690499900418245,0.0035849432383987254,1
207,E02000218,0.19438536792854105,0.2968949383241174,0.19736282433007232,0.1709910676307954,0.08847299021692896,0.03700552956188856,0.010633772862611655,0.004253509145044662,1
208,E02000219,0.2396112600536193,0.3535522788203753,0.1722520107238606,0.149798927613941,0.05864611260053619,0.01675603217158177,0.005697050938337802,0.003686327077747989,1
209,E02000221,0.2748244734202608,0.25075225677031093,0.1928284854563691,0.1582246740220662,0.0779839518555667,0.02958876629889669,0.012036108324974924,0.003761283851554664,1
210,E02000222,0.3238777196364638,0.33461856237950977,0.16083723492150923,0.12861470669237124,0.03745524648857064,0.009914624070503994,0.002203249793445332,0.0024786560176259984,1
211,E02000223,0.20760129078522768,0.21584797418429544,0.19505198996055934,0.17712441735389028,0.1369666547149516,0.04589458587307279,0.01254930082466834,0.008963786303334529,1
212,E02000224,0.28737389177621525,0.30693977376948944,0.189850198715989,0.14399266279425252,0.04830327117089575,0.0155915622133904,0.005502904310608377,0.0024457352491592784,1
213,E02000225,0.2181271154569387,0.26250470101541934,0.20609251598345243,0.17638209853328318,0.09101165851823995,0.028958254983076345,0.010906355772846935,0.006017299736743136,1
214,E02000226,0.2019403521379806,0.33237513474667624,0.19403521379805966,0.18038088393819618,0.062163133309378366,0.019044196909809557,0.005749191519942508,0.004311893639956881,1
215,E02000227,0.3048150444306675,0.3029551560239719,0.1735895846249225,0.14486464145484604,0.052490183922298,0.014052490183922298,0.0045463938830336845,0.0026865054763380862,1
216,E02000228,0.2085134685733289,0.3438643165946126,0.1825739940139674,0.18456933821084137,0.06052544063851014,0.013967409378117725,0.0036581310276022614,0.002327901563019621,1
217,E02000229,0.24988824318283415,0.248547161376844,0.2087617344658024,0.15958873491282968,0.08448815377738042,0.027715690657130084,0.016092981671881983,0.0049172999552972736,1
218,E02000230,0.2871661545733869,0.3261640274166864,0.17159064051051762,0.14677381233750886,0.04514299220042543,0.015835499881824627,0.004254313401087214,0.0030725596785629874,1
219,E02000231,0.1804949053857351,0.3271470160116448,0.18631732168850074,0.19468704512372634,0.06768558951965066,0.027656477438136828,0.009097525473071324,0.006914119359534207,1
220,E02000232,0.2210970464135021,0.329957805907173,0.18565400843881857,0.18016877637130801,0.059915611814345994,0.016455696202531647,0.0037974683544303796,0.002953586497890295,1
221,E02000233,0.22004175365344467,0.3306889352818372,0.19958246346555322,0.16826722338204592,0.056784968684759914,0.014613778705636743,0.005010438413361169,0.005010438413361169,1
222,E02000234,0.2599462365591398,0.31586021505376344,0.18225806451612903,0.1639784946236559,0.05672043010752688,0.016666666666666666,0.0034946236559139786,0.001075268817204301,1
223,E02000235,0.20451127819548873,0.3605263157894737,0.20150375939849624,0.1586466165413534,0.06015037593984962,0.009398496240601503,0.0037593984962406013,0.0015037593984962407,1
224,E02000236,0.16989117291414751,0.3222490931076179,0.2119105199516324,0.21100362756952842,0.05985489721886336,0.019649334945586457,0.003929866989117291,0.0015114873035066505,1
