,GEOGRAPHY_CODE,All categories: Religion,Buddhist,Christian,Hindu,Jewish,Muslim,No religion,Other religion,Religion not stated,Sikh
0,E02000001,1,0.005845511482254697,0.5497564370215727,0.015170494084899096,0.031454418928322896,0.056089074460681974,0.24592901878914405,0.0072372999304105776,0.08587334725121781,0.0026443980514961724
1,E02000002,1,0.003367003367003367,0.7072310405643739,0.011383678050344717,0.005611672278338945,0.027737694404361073,0.15456148789482121,0.001443001443001443,0.08273208273208273,0.005932339265672599
2,E02000003,1,0.0018498367791077257,0.7183895538628945,0.0264417845484222,0.007181719260065288,0.030467899891186073,0.13307943416757345,0.002176278563656148,0.06158868335146899,0.01882480957562568
3,E02000004,1,0.00277460421086992,0.7695446384853926,0.005222784396931615,0.001958544148849355,0.008976660682226212,0.1490125673249551,0.0008160600620205648,0.05957238452750122,0.0021217561612534683
4,E02000005,1,0.0007616146230007616,0.7225184056867225,0.00456968773800457,0.0024117796395024117,0.02145214521452145,0.16907844630616908,0.0016501650165016502,0.07184564610307184,0.0057121096725057125
5,E02000006,1,0.0015901862789641072,0.6933212176283507,0.013630168105406633,0.005679236710586098,0.03589277601090413,0.1599273057701045,0.002498864152657883,0.07644252612448887,0.01101771921853703
6,E02000007,1,0.0020639834881320948,0.7042053663570691,0.0023219814241486067,0.0024509803921568627,0.02218782249742002,0.19169246646026833,0.0014189886480908153,0.07146542827657379,0.0021929824561403508
7,E02000008,1,0.0017992424242424243,0.7294507575757576,0.002840909090909091,0.002556818181818182,0.014015151515151515,0.15890151515151515,0.0016098484848484848,0.08683712121212121,0.0019886363636363634
8,E02000009,1,0.004740980573543016,0.6659343200740055,0.012141535615171138,0.004509713228492137,0.03919981498612396,0.16766882516188714,0.0018501387604070306,0.09736355226641998,0.006591119333950046
9,E02000010,1,0.00038476337052712584,0.7232268821341542,0.00243683468000513,0.0030781069642170067,0.014749262536873156,0.16621777606771834,0.0017955623957932538,0.08734128510965757,0.0007695267410542517
10,E02000011,1,0.0010449320794148381,0.7485196795541623,0.005050505050505051,0.004528039010797631,0.018286311389759665,0.1422849181469871,0.0022640195053988156,0.06792058516196448,0.010101010101010102
11,E02000012,1,0.002835538752362949,0.7511477180664327,0.019038617337294086,0.007426411018093438,0.03213610586011342,0.10977585741290845,0.0008101539292465569,0.05671077504725898,0.020118822576289493
12,E02000013,1,0.0014488935721812435,0.7195732349841939,0.0017123287671232876,0.001975763962065332,0.015674394099051633,0.16240779768177027,0.0026343519494204425,0.09338777660695469,0.0011854583772391992
13,E02000014,1,0.0018093407214746127,0.7194391043763428,0.002035508311658939,0.001922424516566776,0.01198688227976931,0.1589958158995816,0.0022616759018432657,0.0986090693203664,0.0029401786723962458
14,E02000015,1,0.0007446016381236039,0.6877140729709605,0.005956813104988831,0.002680565897244974,0.023678332092330605,0.1821295606850335,0.003276247207743857,0.09188384214445272,0.00193596425912137
15,E02000016,1,0.007177871148459383,0.5232843137254902,0.030287114845938375,0.0031512605042016808,0.19782913165266106,0.1211484593837535,0.004201680672268907,0.08420868347338936,0.028711484593837534
16,E02000017,1,0.004359313077939234,0.5369881109643329,0.03936591809775429,0.003038309114927345,0.18361955085865259,0.095112285336856,0.0018494055482166448,0.07331571994715984,0.06235138705416116
17,E02000018,1,0.0017605633802816902,0.7174972914409534,0.004198266522210184,0.0016251354279523294,0.026950162513542795,0.15912784398699892,0.001218851570964247,0.08504875406283857,0.0025731310942578548
18,E02000019,1,0.001884760366182014,0.7038233710285406,0.0022886375875067312,0.0012116316639741518,0.0210016155088853,0.16128163704900378,0.0020193861066235864,0.10285406569736133,0.0036348949919224557
19,E02000020,1,0.002493074792243767,0.6695290858725762,0.027562326869806093,0.0015235457063711912,0.05152354570637119,0.1265927977839335,0.0015235457063711912,0.096398891966759,0.022853185595567867
20,E02000021,1,0.0010770059235325794,0.7145934302638665,0.014404954227248249,0.0036348949919224557,0.03257942918686053,0.13691437802907916,0.0008077544426494346,0.07929456112008616,0.01669359181475498
21,E02000022,1,0.0019342359767891683,0.533204384268214,0.013862024500322373,0.0017730496453900709,0.14474532559638942,0.1642488716956802,0.0011283043197936814,0.1342682140554481,0.004835589941972921
22,E02000023,1,0.0026278906797477224,0.6469866853538893,0.007182901191310442,0.002452697967764541,0.04677645409950946,0.19236159775753328,0.002452697967764541,0.09355290819901892,0.005606166783461808
23,E02000024,1,0.004976739153954344,0.6583360380828736,0.020880666450286703,0.04305961267986584,0.02001514659742508,0.16498972195174727,0.006491398896462187,0.07995239640809261,0.0012982797792924375
24,E02000025,1,0.006167169662773914,0.605957223461488,0.02624327516074006,0.0446135677732581,0.029261251804225168,0.19236320692822464,0.0076105497966146175,0.0863403752788348,0.0014433801338407032
25,E02000026,1,0.005511428108283352,0.6180904522613065,0.04052520667855406,0.07440427946182525,0.03825579510455503,0.12854595558437348,0.007618738855568163,0.08542713567839195,0.0016210082671421625
26,E02000027,1,0.006280604641260379,0.6470087289759421,0.032467532467532464,0.020438577815626996,0.04598680008516074,0.1477538854588035,0.005003193527783692,0.09388971684053651,0.00117096018735363
27,E02000028,1,0.005911859548548907,0.5802579720530275,0.043353636689358654,0.08061626657112146,0.03511286277319957,0.14045145109279827,0.013436044428520243,0.09781440343962737,0.003045503403797922
28,E02000029,1,0.005723204994797087,0.6304630593132154,0.0382414151925078,0.0418834547346514,0.032518210197710715,0.17702913631633715,0.007154006243496358,0.06620707596253902,0.0007804370447450572
29,E02000030,1,0.005746491325008288,0.5390650900652005,0.03525251408995469,0.16896894684495525,0.046082440048624156,0.10642059896121119,0.01049839761299591,0.08387667145540943,0.0040888495966405125
30,E02000031,1,0.009550173010380622,0.5730103806228374,0.04166089965397924,0.12705882352941175,0.03695501730103806,0.1098961937716263,0.009550173010380622,0.088719723183391,0.0035986159169550174
31,E02000032,1,0.00853876876463297,0.5460680347059633,0.0670706514254235,0.09723178625533672,0.08841757333700592,0.09172290318137998,0.010053711609971079,0.08690263049166781,0.003993940228618648
32,E02000033,1,0.005535304441744296,0.6419603078169299,0.05251788848386661,0.035371945457000134,0.044417442959362764,0.1275820170109356,0.009450519778587822,0.08073444039422169,0.002430133657351154
33,E02000034,1,0.005276705276705276,0.6051480051480052,0.05624195624195624,0.05868725868725869,0.04543114543114543,0.12496782496782496,0.011583011583011582,0.0906048906048906,0.002059202059202059
34,E02000035,1,0.028394563315839054,0.45821558336697615,0.0608262683353519,0.13362939039160274,0.055712555510698425,0.1465482438433589,0.014399138743103217,0.09769882922890594,0.004575427264163639
35,E02000036,1,0.008783998306699122,0.4435389988358556,0.08455921261509154,0.19853952799238014,0.061382156841993864,0.09101492221399089,0.015345539210498466,0.09281405439729072,0.0040215895861995974
36,E02000037,1,0.005898720089037284,0.23183082915971062,0.0915971062882582,0.42815804117974404,0.04040066777963272,0.05798553144129104,0.020701168614357262,0.11997774067890929,0.0034501947690595437
37,E02000038,1,0.009580703336339045,0.5600766456266907,0.08059062218214608,0.05759693417493237,0.050834084761045985,0.14190712353471596,0.00912984670874662,0.08397204688908927,0.0063119927862939585
38,E02000039,1,0.007476027953843654,0.44368600682593856,0.04501869006988461,0.25516008451162037,0.05054444986185601,0.09475052819762718,0.006338371526084837,0.09182512595481879,0.00520071509832602
39,E02000040,1,0.007976558684681752,0.5515220576265668,0.04395246622171577,0.10874165717076346,0.06430083021325085,0.1318573986651473,0.0076509848608171905,0.08220739052580173,0.0017906560312550871
40,E02000041,1,0.008068714211348256,0.38209266007287873,0.0877147319104633,0.24479437792816242,0.06871421134825612,0.08823529411764706,0.0206923477355544,0.09864653826132223,0.001041124414367517
41,E02000042,1,0.01287411971830986,0.4404709507042254,0.1311619718309859,0.08318661971830986,0.06745158450704225,0.15768045774647887,0.01969630281690141,0.08087588028169014,0.006602112676056338
42,E02000043,1,0.034775111366575656,0.4139962638310102,0.08722517603103894,0.13938784308090243,0.05101307659146429,0.16482253197298463,0.027733869808880585,0.0732863917229487,0.007759735594194568
43,E02000044,1,0.005699138502319417,0.5742876076872101,0.06149768058316766,0.0584493041749503,0.06613651424784625,0.12034459907223327,0.0064943671305500335,0.10510271703114646,0.0019880715705765406
44,E02000045,1,0.008020786262991414,0.5437189335743334,0.06642566651604158,0.03377767736104835,0.07410754631721644,0.16629010393131496,0.00858563036601898,0.092069588793493,0.0070040668775417985
45,E02000046,1,0.01731965696990079,0.4370270724735161,0.10997141415839919,0.09954598957457542,0.04809147469312258,0.18984361863124263,0.020850849167647553,0.07230536404910039,0.005044560282495376
46,E02000047,1,0.010384783559247924,0.5977262789680805,0.07761259291648448,0.0165063401836467,0.08581110625273283,0.1239615216440752,0.005356362046348929,0.08176650634018365,0.0008745080891998251
47,E02000048,1,0.014084507042253521,0.4032820777878279,0.06163587026747642,0.23103760175733298,0.06887194728001034,0.11060860576301848,0.0069776456906577074,0.09794547099108412,0.005556273420338545
48,E02000049,1,0.008553555470445551,0.5870037022852036,0.056044938082471595,0.01493680582152432,0.1280480020426401,0.10442997574364866,0.005489595301927741,0.09255713009064216,0.0029362951614962337
49,E02000050,1,0.00888686339295887,0.5119061182636436,0.12282100945653412,0.052523641335308194,0.06163837302039421,0.14879799475902927,0.013330295089438305,0.07063917055941665,0.009456534123276746
50,E02000051,1,0.012049770792403405,0.30412573673870336,0.0733464309102816,0.31263916175507533,0.05605762933857236,0.11617550753110674,0.008906352324819908,0.1097576948264571,0.006941715782580223
51,E02000052,1,0.007889320832380517,0.4982849302538303,0.05785501943745713,0.06928881774525497,0.049279670706608734,0.21575577406814545,0.00994740452778413,0.08712554310541962,0.00457351932311914
52,E02000053,1,0.023707606190319395,0.46855449456700693,0.14520908791570628,0.027164965426407638,0.11722094171880144,0.12545274942377346,0.004280540006585446,0.08363516628251565,0.004774448468883767
53,E02000054,1,0.014782462623887115,0.36032252645724844,0.08331933478918192,0.23517554174365865,0.08147152696119604,0.10330925583739291,0.011758777087182933,0.10246934318830841,0.007391231311943558
54,E02000055,1,0.016226956617728227,0.3130588365161718,0.07451153548956839,0.2897670824594326,0.05927806601170107,0.09979026382602936,0.006844022519041837,0.137542775140744,0.0029804614195827355
55,E02000056,1,0.008316245158350421,0.2886762360446571,0.024720893141945772,0.42253360674413304,0.04192298929141034,0.09273182957393483,0.005126452494873548,0.11244019138755981,0.0035315561631351104
56,E02000057,1,0.01377984297388239,0.2310527159109117,0.08059605832398654,0.38215029642685466,0.06232975484697965,0.07306521390802756,0.007530844415958981,0.1488543502643807,0.0006409229290177856
57,E02000058,1,0.00784790538299989,0.31104233447551677,0.02741240190118271,0.3350281861390516,0.04719796617663314,0.1315353155742235,0.005084558417154858,0.13407759478280093,0.0007737371504366088
58,E02000059,1,0.01263517359134889,0.4582811610700057,0.17336368810472397,0.04416619237336369,0.13420603301081388,0.09914627205463859,0.008537279453614115,0.06647694934547524,0.0031872509960159364
59,E02000060,1,0.011735029611756964,0.18370256635227022,0.05955253345031805,0.41127440228120205,0.0565913577538934,0.08839657819697302,0.011296336915990348,0.17470936608905463,0.0027418293485413467
60,E02000061,1,0.02462512037419177,0.29935341862704634,0.0376943183381483,0.2750034392626221,0.05048837529233732,0.16026963818957216,0.010592928876048974,0.13977163296189296,0.0022011280781400466
61,E02000062,1,0.012577469923441487,0.5255195041924899,0.07674079475027343,0.03062340503098797,0.10900473933649289,0.13835216915785636,0.008384979948960992,0.09642726941305141,0.002369668246445498
62,E02000063,1,0.013105014852350166,0.48803075310152016,0.06115673597763411,0.0814258256159357,0.12423554080027957,0.11969246898479818,0.00943561069369212,0.10134544819150795,0.0015726017822820198
63,E02000064,1,0.012242725337118524,0.5079843860894251,0.03140525195173882,0.11603974449964514,0.06777856635911994,0.15259048970901348,0.0039034776437189495,0.10699077359829666,0.0010645848119233499
64,E02000065,1,0.009708737864077669,0.6468247652395352,0.007321343307337259,0.0011141174598121915,0.02419226484163616,0.17778131465860258,0.0023873945567404104,0.122075441667993,0.008594620404265478
65,E02000066,1,0.02777482175162286,0.6329679685005853,0.01042886027455571,0.0008513355326167926,0.04043843779929765,0.17941896349898903,0.0020219218899648825,0.09013514951580291,0.01596254123656486
66,E02000067,1,0.0037127128408654462,0.6238637818461145,0.016771220074254255,0.0014082703879144795,0.01305850723338881,0.18025860965305338,0.0025604916143899628,0.11240558187171937,0.045960824478299835
67,E02000068,1,0.00272133526850508,0.6242743105950653,0.011248185776487663,0.001451378809869376,0.015783744557329463,0.18759071117561685,0.002902757619738752,0.10141509433962265,0.052612481857764876
68,E02000069,1,0.0029376188007603247,0.6647658545014689,0.00829445308449974,0.0008640055296353896,0.01589770174529117,0.15534819422844307,0.00673924313115604,0.10385346466217384,0.041299464316571624
69,E02000070,1,0.001049317943336831,0.7490818467995802,0.007869884575026232,0.0015739769150052466,0.008001049317943336,0.12670514165792235,0.002492130115424974,0.07371458551941239,0.029512067156348375
70,E02000071,1,0.0015136920324755746,0.7023531030686666,0.006329984863079675,0.0012384752992981973,0.014448878491812303,0.15136920324755745,0.0015136920324755746,0.09233521398101005,0.028897756983624606
71,E02000072,1,0.0014263978699125142,0.6547166222898441,0.0063712438189425635,0.0011411182959300114,0.017211867630277673,0.20673259794598706,0.0033282616964625334,0.10232027386839103,0.0067516165842525675
72,E02000073,1,0.002226093689508324,0.7665505226480837,0.007646147890050329,0.0005807200929152149,0.010356174990321331,0.12330623306233063,0.0018389469608981804,0.06852497096399536,0.018970189701897018
73,E02000074,1,0.001628001628001628,0.709266042599376,0.007868674535341203,0.000814000814000814,0.011260344593677927,0.16836250169583503,0.001628001628001628,0.0870980870980871,0.012074345407678742
74,E02000075,1,0.002041858090862685,0.7697805002552323,0.007401735579377233,0.0005104645227156713,0.00701888718734048,0.12978560490045943,0.002679938744257274,0.07044410413476264,0.010336906584992343
75,E02000076,1,0.004280540006585446,0.7393809680605861,0.007408626934474811,0.0006585446163977609,0.012347711557458018,0.13450773789924267,0.0018109976950938427,0.08198880474152123,0.017616068488640106
76,E02000077,1,0.003054448871181939,0.7463479415670651,0.010225763612217796,0.001195219123505976,0.013944223107569721,0.12270916334661354,0.00199203187250996,0.08592297476759628,0.014608233731739707
77,E02000078,1,0.00250164581961817,0.7686635944700461,0.008294930875576038,0.0005266622778143515,0.004476629361421988,0.1411454904542462,0.0026333113890717576,0.06728110599078341,0.004476629361421988
78,E02000079,1,0.0021353263045509143,0.7358868277058588,0.009742426264513547,0.0021353263045509143,0.01307887361537435,0.14960629921259844,0.0024022420926197783,0.07460296276524757,0.010409715734685706
79,E02000080,1,0.004161979752530934,0.7268841394825647,0.009561304836895388,0.0020247469066366703,0.015635545556805398,0.1422947131608549,0.0021372328458942632,0.07952755905511812,0.01777277840269966
80,E02000081,1,0.002871205906480722,0.7618266338528848,0.006562756357670222,0.0009570686354935739,0.006015859994531037,0.14547443259502324,0.0013672409078479629,0.06316652994257588,0.01175827180749248
81,E02000082,1,0.004198819791193827,0.747843849296414,0.009986382206082615,0.0013617793917385383,0.019632319564230595,0.13719927371765775,0.0012482977757603268,0.0727417158420336,0.005787562414888788
82,E02000083,1,0.002491224096931265,0.7490657909636508,0.004416260899105424,0.0013588495074170536,0.006567772619182425,0.15513531876344694,0.002491224096931265,0.07417053561318084,0.004303023440154003
83,E02000084,1,0.0030332681017612526,0.7658512720156556,0.007925636007827789,0.0015655577299412916,0.011448140900195695,0.1258317025440313,0.0009784735812133072,0.06986301369863014,0.01350293542074364
84,E02000085,1,0.0011817226890756302,0.7683823529411765,0.009585084033613446,0.0005252100840336134,0.015493697478991597,0.1408876050420168,0.0013130252100840337,0.06066176470588235,0.0019695378151260504
85,E02000086,1,0.0036976170912078883,0.7822514379622021,0.010818953711311969,0.0010955902492467817,0.01602300739523418,0.12161051766639278,0.0015064365927143248,0.0599835661462613,0.0030128731854286495
86,E02000087,1,0.004278812974465148,0.758040027605245,0.014630779848171153,0.001932367149758454,0.008557625948930296,0.13706004140786748,0.000966183574879227,0.06625258799171843,0.008281573498964804
87,E02000088,1,0.0018944519621109607,0.7707713125845738,0.008930987821380243,0.0008119079837618403,0.015020297699594046,0.12611637347767254,0.0013531799729364006,0.07158322056833559,0.0035182679296346412
88,E02000089,1,0.0032021347565043363,0.7781187458305537,0.009206137424949967,0.001067378252168112,0.00733822548365577,0.11967978652434956,0.0020013342228152103,0.07591727818545697,0.0034689793195463643
89,E02000090,1,0.002152171160906444,0.7484491707811115,0.009241676161539435,0.003418154196733764,0.012533232054690467,0.14913280162045828,0.0035447525003164957,0.06937587036333713,0.002152171160906444
90,E02000091,1,0.003496885586274724,0.7579499508250465,0.010709212107966342,0.0031690525625614687,0.014643208392525408,0.1381269806578516,0.0028412195388482133,0.06775215823407278,0.0013113320948530216
91,E02000092,1,0.002975148757437872,0.7385369268463423,0.006300315015750788,0.0010500525026251313,0.021876093804690234,0.15365768288414422,0.00280014000700035,0.07087854392719636,0.0019250962548127406
92,E02000093,1,0.0098958870219565,0.36686939490774145,0.35614885063395524,0.01133903721265849,0.11328728997010618,0.052881146273580044,0.017111637975466446,0.06834346974538708,0.0041232862591485415
93,E02000094,1,0.009949588750331653,0.4765189705492173,0.2060228177235341,0.02122578933404086,0.1483152029716105,0.06500397983550013,0.010214911117007165,0.059432210135314405,0.0033165295834438843
94,E02000095,1,0.010569195199823847,0.33116811626114717,0.33513156446108117,0.053946933832434214,0.11967411648133877,0.05328635913244523,0.028845095232852582,0.059341627215677636,0.008036992183199384
95,E02000096,1,0.01350111416961594,0.3207497706121379,0.25717656311443177,0.13527329925285098,0.07130685542010748,0.06291781360597719,0.058461135142220476,0.06213134093590248,0.0184821077467558
96,E02000097,1,0.011357702349869452,0.49921671018276764,0.21475195822454307,0.025587467362924284,0.11449086161879896,0.05287206266318538,0.013446475195822455,0.060574412532637074,0.007702349869451697
97,E02000098,1,0.026025888185072982,0.4143486642798127,0.19209584136601487,0.06995318094188929,0.1250344257780226,0.0874414761773616,0.014321123657394658,0.062241806664830625,0.00853759294960066
98,E02000099,1,0.011551625784369652,0.4140045636052481,0.2335995436394752,0.04064460924130063,0.11936679977181974,0.08328579577866514,0.02424415288077581,0.06503137478608101,0.00827153451226469
99,E02000100,1,0.010978167016158875,0.4163068952756877,0.24485012951770074,0.017762427531762673,0.10904156901443197,0.07314666337732824,0.026766991488836808,0.06019489330208462,0.04095226347600839
100,E02000101,1,0.010900282599919257,0.46225272507064996,0.14372224465078726,0.04481227291077917,0.16188938231731934,0.07213026510563854,0.010496568429551878,0.08693311801910913,0.006863140896245458
101,E02000102,1,0.012021429504769372,0.48556121782307593,0.19168953351626813,0.005226708480334509,0.16568665882660394,0.056317783875604335,0.006533385600418136,0.07526460211681693,0.0016986802561087156
102,E02000103,1,0.007474639615589963,0.6003737319807795,0.0714095034703684,0.01615056059797117,0.15269620928990923,0.07781633742658836,0.0058729311265349705,0.06660437800320342,0.001601708489054992
103,E02000104,1,0.010481099656357388,0.3788659793814433,0.2259450171821306,0.08195876288659794,0.13006872852233678,0.0774914089347079,0.017697594501718213,0.06718213058419244,0.010309278350515464
104,E02000105,1,0.010589812332439679,0.42319034852546916,0.25093833780160857,0.0160857908847185,0.1447721179624665,0.06501340482573727,0.014477211796246649,0.05924932975871314,0.015683646112600536
105,E02000106,1,0.009743938363924768,0.513256288239293,0.1434398368456832,0.009517335146159076,0.1483118060276456,0.08996147745297983,0.0036256514842510764,0.07851801495581237,0.0036256514842510764
106,E02000107,1,0.0074678308823529415,0.5234375,0.04744944852941176,0.030330882352941176,0.13798253676470587,0.17601102941176472,0.004136029411764706,0.07077205882352941,0.002412683823529412
107,E02000108,1,0.00670465973851827,0.4544083137780758,0.23700972175662086,0.005866577271203486,0.1535367080120684,0.05799530673818304,0.008213208179684881,0.06604089842440496,0.010224606101240362
108,E02000109,1,0.007173795343800758,0.4497834325933947,0.24350297780184083,0.011911207363291824,0.12845154304277207,0.058067135896047645,0.006497022198159177,0.0886572820790471,0.005955603681645912
109,E02000110,1,0.011739594450373533,0.4991995731056563,0.07764140875133405,0.023479188900747065,0.11005869797225187,0.16848986125933832,0.003735325506937033,0.10312166488794024,0.002534685165421558
110,E02000111,1,0.008583124257229631,0.36049121880364454,0.34939918130199393,0.0067344513402878645,0.12953915225141951,0.05189488973986531,0.018222633038425987,0.05942162947312822,0.01571371979400502
111,E02000112,1,0.006485771012574454,0.40423560555923227,0.3199205823957644,0.004897418927862343,0.1315684976836532,0.04156187954996691,0.009794837855724686,0.0743878226340172,0.0071475843812045005
112,E02000113,1,0.0039102932719954,0.6064404830362277,0.07774583093732029,0.004715353651523865,0.13294997124784358,0.07636572742955722,0.005980448533640023,0.09085681426106958,0.0010350776308223116
113,E02000114,1,0.008402222523377152,0.4798753218593305,0.0813118308713918,0.01910828025477707,0.11221032660252067,0.17644667299092018,0.005962867597235398,0.11112616885756878,0.005556308442878439
114,E02000115,1,0.007686191359660748,0.49509673999469916,0.03697323085078187,0.07182613305062285,0.08759607739199576,0.20487675589716406,0.0055658627087198514,0.08719851576994433,0.0031804929764113437
115,E02000116,1,0.01056444310292786,0.5028674916993662,0.09870208270449743,0.006489586477512828,0.12979172955025656,0.12964080893450045,0.003018412315122246,0.11756715967401148,0.0013582855418050107
116,E02000117,1,0.0058861301369863015,0.6215753424657534,0.056292808219178085,0.002889554794520548,0.1312071917808219,0.08936215753424658,0.00449486301369863,0.08679366438356165,0.0014982876712328766
117,E02000118,1,0.013682864450127877,0.3776214833759591,0.34680306905370845,0.004475703324808184,0.12634271099744246,0.04808184143222506,0.007800511508951407,0.06624040920716112,0.008951406649616368
118,E02000119,1,0.0052428256070640175,0.5842991169977925,0.058084988962472404,0.0052428256070640175,0.1683222958057395,0.07312362030905077,0.0040011037527593815,0.10113134657836645,0.0005518763796909492
119,E02000120,1,0.011551588343397217,0.5463376214229456,0.02677868206878446,0.017983722761879758,0.08847466526647414,0.21856130217904962,0.005775794171698608,0.0820425308479916,0.0024940929377789446
120,E02000121,1,0.012220221250321585,0.29624388988937483,0.4108567018266015,0.008232570105479805,0.14278363776691536,0.046694108567018264,0.011577051710830975,0.05994340108052482,0.011448417802932853
121,E02000122,1,0.007413398032079795,0.5194770184661005,0.06186817630408411,0.04785011457069686,0.09920474457474053,0.1586467178865076,0.0063350855910500065,0.09623938536190861,0.002965359212831918
122,E02000123,1,0.005910036116887381,0.604574805734924,0.06457261683265843,0.002736127831892306,0.10265951625259932,0.13199080661048485,0.004487249644303382,0.08120827405056365,0.001860566925686768
123,E02000124,1,0.007954837054144213,0.5624839620220683,0.03707980497818835,0.020656915576084168,0.06081601231716705,0.22042596869386707,0.0056453682319733125,0.0833974852450603,0.001539645881447267
124,E02000125,1,0.005352851212584662,0.5662005680576797,0.10159493117762727,0.008193139611098974,0.05800742844658073,0.16998033646493335,0.00622678610443522,0.08324229844876557,0.001201660476294516
125,E02000126,1,0.00595056454073848,0.6164174549893195,0.034025022886786695,0.004424778761061947,0.13838877021666157,0.10894110466890448,0.0047299359169972535,0.08651205370765945,0.0006103143118706134
126,E02000127,1,0.004409887431820819,0.6855053963096205,0.00974817221770918,0.0017407450388766392,0.01775559939654172,0.17952883834281072,0.003365440408494836,0.09620517581524893,0.0017407450388766392
127,E02000128,1,0.0014786933727651565,0.7053367388089797,0.01142626697136712,0.004973786799300981,0.03508536093560963,0.16063987095039656,0.002150826724022046,0.07393466863825783,0.004973786799300981
128,E02000129,1,0.003960666484567058,0.7280797596285168,0.012974597104616225,0.0034143676591095328,0.0248565965583174,0.15091505053264134,0.002185195301830101,0.06924337612674132,0.004370390603660202
129,E02000130,1,0.006845776285197623,0.6365280289330922,0.011237406354947042,0.0034874709377421854,0.0379746835443038,0.22113149057091191,0.0037458021183156805,0.07775768535262206,0.0012916559028674762
130,E02000131,1,0.006392918613228424,0.598229653307106,0.011556429800835996,0.0034423407917383822,0.03565281534300467,0.23911974428325547,0.004302925989672977,0.10031964593066142,0.0009835259404966806
131,E02000132,1,0.004214021197803601,0.6481930787894267,0.01672838717915975,0.007406461499169965,0.020814710764908696,0.20482696973566594,0.005746392542459456,0.0905376069467501,0.0015323713446558549
132,E02000133,1,0.004412089124200309,0.7422236929185969,0.023053165673946614,0.009044782704610633,0.01632472975954114,0.1341275093756894,0.001544231193470108,0.06629163909110965,0.0029781601588352085
133,E02000134,1,0.0041189471569218405,0.6583283102270444,0.015169780992565803,0.006027727546714889,0.018886879646373318,0.2033353425758489,0.004219409282700422,0.08820574643359454,0.001707856138235885
134,E02000135,1,0.0040757876184181535,0.5960564000881251,0.01696408900638907,0.0028640669751046487,0.0518836748182419,0.2132628332231769,0.0038554747741793346,0.11026657854152896,0.0007710949548358669
135,E02000136,1,0.0030619596541786743,0.7359510086455331,0.0111671469740634,0.0036023054755043226,0.011527377521613832,0.13904899135446686,0.0019812680115273776,0.09005763688760807,0.0036023054755043226
136,E02000137,1,0.0033579583613163196,0.7114842175957018,0.014372061786433849,0.005910006715916722,0.011685695097380792,0.17649429147078577,0.00241773002014775,0.0722632639355272,0.0020147750167897917
137,E02000138,1,0.0038441145281018028,0.7120890774125133,0.015509013785790032,0.011134676564156946,0.013785790031813362,0.1740455991516437,0.0019883351007423116,0.06694061505832449,0.000662778366914104
138,E02000139,1,0.003197553176699569,0.6613374113721674,0.012790212706798277,0.003197553176699569,0.014736549423050188,0.2177116641178924,0.002502432920895315,0.08355345474767134,0.0009731683581259558
139,E02000140,1,0.0022463002114164903,0.6955602536997886,0.006342494714587738,0.000660676532769556,0.007267441860465116,0.18816067653276955,0.0033033826638477802,0.09606236786469345,0.0003964059196617336
140,E02000141,1,0.0043395714673176026,0.6703281800922158,0.012069433143477082,0.0033902902088418767,0.03024138866286954,0.18524545701112016,0.004203959858963927,0.08584214808787632,0.0043395714673176026
141,E02000142,1,0.004167752018754884,0.7237561865069029,0.016410523573847355,0.005079447772857515,0.02135972909611878,0.1569419119562386,0.0026048450117218025,0.06668403230007815,0.002995571763480073
142,E02000143,1,0.005027173913043478,0.7123641304347826,0.010733695652173914,0.002989130434782609,0.014402173913043478,0.17323369565217392,0.002173913043478261,0.07608695652173914,0.002989130434782609
143,E02000144,1,0.004540598290598291,0.7095352564102564,0.014289529914529914,0.005742521367521368,0.02123397435897436,0.16506410256410256,0.0025373931623931625,0.07451923076923077,0.0025373931623931625
144,E02000145,1,0.0015946843853820599,0.6762790697674419,0.0027906976744186047,0.00106312292358804,0.013289036544850499,0.19588039867109636,0.007574750830564784,0.09993355481727574,0.0015946843853820599
145,E02000146,1,0.0041272799893489545,0.7181467181467182,0.012914392224737052,0.0023964851551058447,0.017973638663293837,0.17454400213020901,0.0027958993476234857,0.06470509918785781,0.0023964851551058447
146,E02000147,1,0.0023828435266084196,0.7577442414614773,0.019592268996558113,0.007678051363516018,0.015356102727032035,0.13396875827376226,0.004236166269526079,0.05652634365898861,0.002515223722531109
147,E02000148,1,0.0022935779816513763,0.7524574049803407,0.014416775884665793,0.007699868938401048,0.014580602883355177,0.13351900393184796,0.002785058977719528,0.07093709043250328,0.001310615989515072
148,E02000149,1,0.001753202966958867,0.7166554281861093,0.004045853000674309,0.0012137559002022927,0.011867835468644639,0.16884693189480782,0.004855023600809171,0.0887390424814565,0.0020229265003371545
149,E02000150,1,0.0028509367363562313,0.7496606027694814,0.01330437143632908,0.0027151778441487917,0.01642682595710019,0.14702688026065708,0.0028509367363562313,0.06407819712191148,0.0010860711376595167
150,E02000151,1,0.003194462930919739,0.779182749900173,0.012511646479435645,0.002795155064554772,0.006255823239717823,0.12817782510315454,0.0010648209769732464,0.06455477172900306,0.0022627445760681486
151,E02000152,1,0.0031620553359683794,0.7105138339920949,0.009486166007905139,0.0009486166007905138,0.021976284584980237,0.1641106719367589,0.0023715415019762848,0.08584980237154151,0.0015810276679841897
152,E02000153,1,0.0024865312888520514,0.7746926371045725,0.008841000138140627,0.002900953170327393,0.008426578256665285,0.13731178339549663,0.0037297969332780773,0.060920016576875256,0.0006907031357922365
153,E02000154,1,0.0027184993883376377,0.7561506048661139,0.0077477232567622675,0.004757373929590866,0.008155498165012914,0.14747859181731685,0.004213674051923339,0.06741878483077342,0.0013592496941688189
154,E02000155,1,0.0029787234042553193,0.7521985815602837,0.005957446808510639,0.001276595744680851,0.011347517730496455,0.14468085106382977,0.002553191489361702,0.07758865248226951,0.0014184397163120568
155,E02000156,1,0.002070393374741201,0.7740683229813664,0.012163561076604554,0.002070393374741201,0.012336093857832988,0.1307798481711525,0.0027605244996549345,0.062284334023464456,0.001466528640441684
156,E02000157,1,0.0020552344251766217,0.7901091843288375,0.011432241490044959,0.0024405908798972383,0.006551059730250481,0.11766217084136159,0.001798330122029544,0.06615285806037251,0.001798330122029544
157,E02000158,1,0.0028905531467612665,0.7444488240704243,0.0064380501905137305,0.0026277755879647877,0.020628038365523585,0.14505321245565628,0.0024963868085665485,0.07476021547759822,0.0006569438969911969
158,E02000159,1,0.00109460516028147,0.798436278342455,0.013604378420641126,0.003909304143862392,0.006411258795934324,0.11790461297888975,0.001563721657544957,0.05426114151681001,0.0028146989835809225
159,E02000160,1,0.001471571906354515,0.7690969899665552,0.0049498327759197325,0.0025418060200668897,0.005351170568561873,0.142876254180602,0.0024080267558528427,0.07090301003344482,0.0004013377926421405
160,E02000161,1,0.0027387028507406944,0.7705713930038591,0.010954811402962778,0.003112162330387153,0.009087514004730486,0.1309597908626914,0.002987675837171667,0.06697373334993154,0.0026142163575252086
161,E02000162,1,0.0018823529411764706,0.7471372549019608,0.00815686274509804,0.0025098039215686275,0.009254901960784314,0.14792156862745098,0.001568627450980392,0.07670588235294118,0.0048627450980392155
162,E02000163,1,0.0035280282242257936,0.7706781654253234,0.007448059584476676,0.003266692800209068,0.00287468966418398,0.14190513524108192,0.0018293479681170783,0.06664053312426499,0.0018293479681170783
163,E02000164,1,0.0019672131147540984,0.7795081967213114,0.000819672131147541,0.0009836065573770492,0.002622950819672131,0.13524590163934427,0.0011475409836065574,0.07704918032786885,0.0006557377049180328
164,E02000165,1,0.0011159157483609987,0.7367833728553494,0.004045194587808621,0.0005579578741804993,0.00976426279815874,0.16920072534523645,0.0013948946854512485,0.07295299204910029,0.004184684056353746
165,E02000166,1,0.007699455728129564,0.5223682463825833,0.0067702110712863405,0.05044470994291783,0.04885171910261516,0.2673569626974645,0.005973715651135006,0.08867649011018186,0.0018584893136864462
166,E02000167,1,0.010744234800838574,0.45414046121593293,0.009040880503144654,0.11962788259958071,0.018605870020964362,0.26899895178197064,0.005241090146750524,0.11189727463312368,0.0017033542976939203
167,E02000168,1,0.012719239523363235,0.4687374481188914,0.008033203909492569,0.031061721783371268,0.051412505020752446,0.33096800107109386,0.007497656982193065,0.08769580934529388,0.0018744142455482662
168,E02000169,1,0.01384083044982699,0.4167474048442907,0.024083044982698962,0.2017993079584775,0.05273356401384083,0.18463667820069204,0.007058823529411765,0.09674740484429066,0.002352941176470588
169,E02000170,1,0.008844740781058647,0.4735338141243707,0.016192679276091984,0.09633963804599265,0.06082460198666485,0.24112124098516804,0.005306844468635189,0.09620356511089945,0.0016328752211185195
170,E02000171,1,0.012098400322624008,0.47896222610565936,0.012636107003629521,0.05256082806828875,0.07191826858448716,0.26643366043823097,0.00887216023659094,0.09181341578169108,0.004704933458798226
171,E02000172,1,0.007548445245606129,0.5376295628661559,0.009351059035601622,0.011604326273095988,0.14409643983776477,0.1915277151870212,0.006872465074357819,0.09024335286164939,0.0011266336187471834
172,E02000173,1,0.015016233766233766,0.4337121212121212,0.019615800865800864,0.11620670995670995,0.08116883116883117,0.2077922077922078,0.007575757575757576,0.1139069264069264,0.005005411255411255
173,E02000174,1,0.009417462666487287,0.48432665141934617,0.011300955199784744,0.018027714247275662,0.09726893582671868,0.26960850262343605,0.0047087313332436435,0.10439930041705905,0.0009417462666487286
174,E02000175,1,0.0126861555432984,0.48772752344180914,0.015857694429123,0.07363485934914506,0.06425813568670712,0.2520683949255378,0.006480970766685052,0.08604522890237176,0.0012410369553226695
175,E02000176,1,0.019751404733526306,0.44406606504341906,0.017367614507066236,0.12940575515068958,0.03711901924059254,0.25029797377830754,0.0049378511833815765,0.0955218797888643,0.001532436574152903
176,E02000177,1,0.01039475312461329,0.5008043558965475,0.009899764880584087,0.028338076970671946,0.12659324341046901,0.20863754485830963,0.005197376562306645,0.10902116074743225,0.0011137235490657096
177,E02000178,1,0.011073598919648885,0.5182984469952735,0.019176232275489535,0.03727211343686698,0.11060094530722485,0.2036461850101283,0.005671843349088454,0.09277515192437542,0.001485482781904119
178,E02000179,1,0.013321799307958477,0.43166089965397925,0.01730103806228374,0.10034602076124567,0.10519031141868512,0.2083044982698962,0.00726643598615917,0.11505190311418685,0.0015570934256055363
179,E02000180,1,0.018898931799506986,0.44193371678992055,0.008627773212818405,0.023007395234182416,0.11503697617091208,0.26787181594083814,0.005751848808545604,0.11791290057518489,0.000958641468090934
180,E02000181,1,0.015139003578309936,0.4746765758326452,0.013762730525736306,0.10707404349022846,0.050233966418937515,0.23974676575832646,0.0053674649050371595,0.09289843104872006,0.0011010184420589045
181,E02000182,1,0.024983004758667573,0.37661454792658056,0.026512576478585997,0.16247450713800135,0.11471787899388171,0.1711420802175391,0.006118286879673691,0.1114887831407206,0.005948334466349422
182,E02000183,1,0.008551649246640423,0.5033256413736935,0.009773313424731913,0.05117415501561015,0.0880955612868196,0.23089452965929144,0.006651282747386996,0.09963350074657255,0.0019003664992534273
183,E02000184,1,0.012268266085059978,0.4783260632497274,0.013904034896401308,0.012404580152671756,0.16453107960741548,0.20801526717557253,0.005043620501635769,0.1037350054525627,0.001772082878953108
184,E02000185,1,0.011038701955047213,0.5105732145232079,0.01396462295518021,0.03976592631998936,0.14350312541561377,0.1650485436893204,0.005585849182072084,0.10892405905040564,0.0015959569091634526
185,E02000186,1,0.010491257285595338,0.46411323896752704,0.015653621981681933,0.04562864279766861,0.10274771024146545,0.20949208992506244,0.004829308909242298,0.14504579517069108,0.0019983347210657783
186,E02000187,1,0.008095117632178092,0.4987351378699722,0.010371869466228182,0.0061978244371363525,0.26359726789779914,0.12193270933468252,0.003794586390083481,0.08575765241588666,0.0015178345560333923
187,E02000188,1,0.007823037496628,0.45967089290531427,0.012813595899649312,0.00957647693552738,0.27178311302940383,0.1348799568384138,0.002158079309414621,0.09886700836255732,0.0024278392230914487
188,E02000189,1,0.020283266305298128,0.3979716733694702,0.019408987585242177,0.008917642944570729,0.2907851022906102,0.1759048784752579,0.006644518272425249,0.07885994054904703,0.0012239902080783353
189,E02000190,1,0.01929171834091222,0.44660327959211793,0.023976849937990905,0.015708970649028525,0.1522667769050572,0.2389417114510128,0.007578889348215516,0.09122226815488493,0.004409535620779937
190,E02000191,1,0.021587404642103555,0.45414705404966726,0.04155169615322188,0.0219120272683006,0.12351890926797598,0.2382730076286317,0.007304009089433534,0.08472650543742899,0.006979386463236488
191,E02000192,1,0.0118148999015425,0.4665244502789629,0.013619954053167049,0.014768624876928127,0.20331473580571052,0.17279291106005906,0.0036101083032490976,0.1130620282244831,0.0004922874958976042
192,E02000193,1,0.020823004462072386,0.48851429515782513,0.01983143282102132,0.023632457445050405,0.10147083126755908,0.22971409684349695,0.00495785820525533,0.10758552305404065,0.0034705007436787306
193,E02000194,1,0.011528150134048258,0.5950402144772118,0.031099195710455763,0.008579088471849867,0.05080428954423592,0.20361930294906166,0.004557640750670241,0.09316353887399464,0.0016085790884718498
194,E02000195,1,0.0033644859813084112,0.6346417445482866,0.08772585669781932,0.006853582554517134,0.06928348909657321,0.11825545171339563,0.010342679127725856,0.06454828660436138,0.004984423676012461
195,E02000196,1,0.005296950240770465,0.6004815409309792,0.0754414125200642,0.0033707865168539327,0.12921348314606743,0.08876404494382023,0.014446227929373997,0.07142857142857142,0.011556982343499198
196,E02000197,1,0.004898169631348285,0.5734725444702243,0.09564320701211652,0.004382572828048466,0.11278680072183553,0.10827532869296211,0.011858726475895849,0.08146429492137149,0.007218355246197474
197,E02000198,1,0.004263512584238757,0.6567184706367762,0.030532251409709808,0.0013753266400770184,0.07192958327602805,0.1284555081831935,0.007151698528400495,0.09613533214138358,0.0034383166001925457
198,E02000199,1,0.002778145257309168,0.6802487101468448,0.031882524143405214,0.0015875115756052388,0.05966397671649689,0.13189575340653525,0.0029104378886096044,0.08506416192618071,0.003968778939013097
