,GEOGRAPHY_CODE,"1. Managers, directors and senior officials",2. Professional occupations,3. Associate professional and technical occupations,4. Administrative and secretarial occupations,5. Skilled trades occupations,"6. Caring, leisure and other service occupations",7. Sales and customer service occupations,8. Process plant and machine operatives,9. Elementary occupations,All categories: Occupation
0,E02000001,0.1780071624183695,0.3989888350537181,0.23109332209816727,0.07057088687592164,0.02401516747419423,0.026964398567516326,0.02296187065515062,0.010954286918053507,0.03644406993890879,1
1,E02000002,0.06558704453441296,0.1360323886639676,0.09271255060728745,0.13076923076923078,0.12550607287449392,0.12226720647773279,0.10566801619433198,0.08825910931174089,0.1331983805668016,1
2,E02000003,0.08628318584070796,0.15398230088495576,0.11438053097345133,0.1579646017699115,0.11128318584070797,0.09690265486725663,0.09026548672566372,0.07654867256637168,0.11238938053097346,1
3,E02000004,0.07516684229012996,0.13558131366350545,0.12118018967334036,0.1650860554970144,0.13523006673691607,0.09483667017913593,0.08465050930804355,0.08991921320688444,0.09834913944502986,1
4,E02000005,0.06811836962590731,0.11585706309324399,0.07984366275823562,0.1440536013400335,0.13819095477386933,0.12116136236739251,0.09547738693467336,0.10078168620882189,0.13651591289782244,1
5,E02000007,0.05374396135265701,0.1473429951690821,0.07669082125603864,0.12107487922705314,0.11503623188405797,0.12983091787439613,0.09601449275362318,0.10295893719806763,0.15730676328502416,1
6,E02000008,0.06494936151475121,0.11404667547335975,0.09114927344782034,0.13232056362835756,0.12241303390576838,0.12703654777631,0.08564509026860415,0.10568031704095113,0.1567591369440775,1
7,E02000009,0.06051046745053054,0.13392601089761974,0.07829079437912245,0.12933753943217666,0.12618296529968454,0.10868941783768282,0.0986521365070261,0.09176942930886149,0.17264123888729566,1
8,E02000010,0.0566588785046729,0.12207943925233646,0.08060747663551401,0.12529205607476634,0.13434579439252337,0.12353971962616822,0.09258177570093458,0.0995911214953271,0.16530373831775702,1
9,E02000011,0.06977584960231381,0.1272595806218366,0.09689081706435286,0.15798987707881418,0.1334056399132321,0.10556760665220535,0.08496023138105567,0.08821402747650037,0.13593637020968907,1
10,E02000012,0.0974056603773585,0.1554245283018868,0.11674528301886793,0.14693396226415095,0.10165094339622642,0.08985849056603773,0.0938679245283019,0.09599056603773586,0.10212264150943397,1
11,E02000013,0.05958862673926195,0.11161524500907441,0.07773744706594071,0.13430127041742287,0.13127646702964307,0.11857229280096794,0.102843315184513,0.10193587416817906,0.16212946158499697,1
12,E02000014,0.05636411749139984,0.10452500661550675,0.081503043133104,0.11590367822175178,0.13469171738555175,0.13442709711563905,0.09446943635882508,0.1071712093146335,0.17094469436358825,1
13,E02000015,0.06625043357613597,0.11793270898369754,0.07284079084287201,0.1293791189732917,0.11897329171002428,0.13250086715227194,0.09781477627471384,0.10440513354144988,0.15990287894554284,1
14,E02000016,0.07358374384236453,0.19519704433497537,0.1022167487684729,0.09852216748768473,0.08897783251231527,0.09359605911330049,0.1062192118226601,0.0668103448275862,0.1748768472906404,1
15,E02000017,0.07522005868231528,0.16617764737263271,0.10189383835689517,0.10642838090157375,0.11336356361696452,0.08535609495865565,0.10989597225926914,0.08508935716190984,0.15657508668978395,1
16,E02000018,0.062280701754385964,0.11900584795321638,0.0871345029239766,0.13567251461988303,0.14415204678362573,0.11695906432748537,0.08859649122807017,0.0912280701754386,0.15497076023391812,1
17,E02000019,0.059114735002912054,0.13249854397204427,0.09405940594059406,0.12492719860221316,0.11560861968549796,0.10687245195107746,0.09813628421665696,0.11182294700058241,0.15695981362842168,1
18,E02000020,0.06648351648351648,0.13406593406593406,0.09395604395604396,0.12774725274725274,0.11950549450549451,0.10192307692307692,0.10137362637362637,0.09230769230769231,0.16263736263736264,1
19,E02000021,0.06666666666666667,0.1248868778280543,0.0832579185520362,0.134841628959276,0.13604826546003015,0.10829562594268477,0.09321266968325792,0.0971342383107089,0.15565610859728507,1
20,E02000022,0.05757071547420965,0.13643926788685523,0.08386023294509151,0.1048252911813644,0.09484193011647254,0.11314475873544093,0.0978369384359401,0.09217970049916806,0.21930116472545758,1
21,E02000023,0.05860349127182045,0.1259351620947631,0.08478802992518704,0.1172069825436409,0.10640066500415628,0.12926018287614296,0.10099750623441396,0.09725685785536159,0.17955112219451372,1
22,E02000024,0.14365599691477055,0.30485923640570767,0.1652526031623602,0.10971847281141535,0.07231006556112611,0.07211723871962977,0.0541843424604705,0.031237948322406478,0.04666409564211338,1
23,E02000025,0.11771964461994076,0.28208292201382035,0.15029615004935834,0.12586377097729518,0.07996051332675222,0.08588351431391905,0.06095755182625864,0.039486673247778874,0.057749259624876606,1
24,E02000026,0.13988095238095238,0.2490079365079365,0.1583994708994709,0.1359126984126984,0.0796957671957672,0.08498677248677249,0.05588624338624339,0.041005291005291,0.055224867724867725,1
25,E02000027,0.09692898272552783,0.19937619961612285,0.12979846449136276,0.12667946257197696,0.10652591170825336,0.10676583493282149,0.08973128598848369,0.0559021113243762,0.08829174664107485,1
26,E02000028,0.14182842830306824,0.2539135879774577,0.17564182842830306,0.14527238572323106,0.07795867251095805,0.06981840951784596,0.05353788353162179,0.029743268628678772,0.05228553537883532,1
27,E02000029,0.11323003575685339,0.22908224076281286,0.16209773539928488,0.133015494636472,0.10178784266984506,0.09272943980929678,0.0567342073897497,0.04815256257449344,0.0631704410011919,1
28,E02000030,0.20909528392685275,0.24061597690086622,0.14990375360923966,0.11934552454282965,0.07050048123195381,0.07507218479307026,0.05221366698748797,0.03344562078922041,0.049807507218479305,1
29,E02000031,0.14804229779937125,0.2829379822806516,0.17062017719348385,0.12432123463846813,0.06401829094026865,0.07487853672477851,0.05744498428122321,0.026864818519577022,0.050871677622177765,1
30,E02000032,0.14113009198423127,0.2533508541392904,0.14875164257555848,0.14034165571616294,0.08462549277266754,0.08173455978975033,0.05519053876478318,0.04204993429697766,0.05282522996057819,1
31,E02000033,0.11239547466797836,0.1955238563698967,0.14977865223807182,0.14608952287260207,0.10059026069847515,0.09370388588293163,0.07525823905558288,0.05017215937038859,0.0764879488440728,1
32,E02000034,0.14128352490421456,0.2377873563218391,0.1446360153256705,0.13553639846743296,0.09099616858237548,0.08477011494252873,0.06704980842911877,0.038314176245210725,0.05962643678160919,1
33,E02000035,0.14477946673311737,0.28532270122103165,0.17044605033640667,0.11338151009220035,0.06877647645153252,0.06927485671567406,0.06130077248940942,0.03089957637677548,0.05581858958385248,1
34,E02000036,0.12507601864990878,0.22237989053314414,0.1382525846340969,0.13541455503750252,0.09547942428542469,0.09568214068518142,0.06811271031826474,0.04743563754307723,0.07216703831339956,1
35,E02000037,0.14654188541428897,0.27733394202236933,0.13375941565852545,0.13581374115498746,0.05478201323898653,0.08468386213193335,0.06391234877881762,0.043825610591189224,0.05934718100890208,1
36,E02000038,0.13230595752678068,0.2381131366284533,0.16801353129111068,0.1157677128359331,0.0860740462319113,0.08043600826912234,0.06784439015222703,0.042849088517196016,0.06859612854726554,1
37,E02000039,0.18832731648616124,0.2851985559566787,0.16305655836341756,0.10499398315282792,0.060770156438026475,0.06768953068592058,0.04362214199759326,0.03279181708784597,0.05354993983152828,1
38,E02000040,0.14532098371127436,0.23379112104758862,0.15745768125199616,0.10571702331523475,0.07984669434685404,0.08942829766847653,0.06739061002874482,0.05078249760459917,0.07026509102523155,1
39,E02000041,0.12293086660175268,0.21080817916260955,0.11903602726387537,0.12852969814995133,0.08909444985394352,0.08714703018500487,0.0752190847127556,0.056718597857838365,0.11051606621226874,1
40,E02000042,0.11545421643141512,0.2777777777777778,0.1563517915309446,0.11454940282301845,0.08052841114730365,0.0722041259500543,0.07093738689829895,0.03782120883098082,0.0743756786102063,1
41,E02000043,0.1633306645316253,0.3293301307712837,0.17107018948492128,0.11422471310381639,0.05204163330664532,0.059781158259941285,0.04723779023218575,0.022151054176674675,0.04083266613290633,1
42,E02000044,0.09292035398230089,0.17892699115044247,0.10315265486725664,0.12168141592920353,0.09983407079646017,0.11836283185840708,0.09153761061946902,0.06388274336283185,0.1297013274336283,1
43,E02000045,0.10434269994104932,0.2310866574965612,0.15857732363922186,0.11436431518962469,0.09785812536844174,0.0921595598349381,0.07074081351935547,0.04932206720377284,0.08154843780703479,1
44,E02000046,0.1296954314720812,0.29314720812182743,0.1736040609137056,0.1182741116751269,0.07411167512690356,0.06116751269035533,0.05456852791878172,0.022588832487309644,0.07284263959390863,1
45,E02000047,0.07232323232323232,0.14181818181818182,0.0905050505050505,0.11333333333333333,0.12525252525252525,0.11838383838383838,0.10505050505050505,0.07454545454545454,0.15878787878787878,1
46,E02000048,0.16846473029045644,0.28236514522821576,0.1636929460580913,0.10643153526970954,0.06680497925311203,0.07095435684647303,0.05892116182572614,0.032157676348547715,0.05020746887966805,1
47,E02000049,0.0665625,0.1315625,0.0978125,0.0996875,0.10375,0.1425,0.108125,0.0896875,0.1603125,1
48,E02000050,0.11861350430775396,0.2538569424964937,0.16048887998397116,0.1025846523742737,0.08815868563414145,0.07733921057904228,0.07353235824484071,0.04067321178120617,0.0847525545982769,1
49,E02000051,0.17942076760065928,0.28184600894749234,0.1761243230515658,0.09653873322345184,0.05344949376030139,0.07040263715563927,0.06216152578290558,0.021897810218978103,0.05815870025900636,1
50,E02000052,0.12775735294117646,0.3088235294117647,0.21415441176470587,0.10110294117647059,0.06047794117647059,0.05477941176470588,0.05073529411764706,0.021875,0.060294117647058824,1
51,E02000053,0.10165825522710886,0.17928382600336457,0.12953616919009853,0.10334054313866858,0.1194424417207402,0.07978851237683249,0.10694544580629656,0.06032203797164143,0.11968276856524873,1
52,E02000054,0.1316301027492363,0.2477089697306304,0.1291307970008331,0.11718966953623994,0.09219661205220772,0.08108858650374896,0.06525965009719523,0.04637600666481533,0.08941960566509304,1
53,E02000055,0.1442454268292683,0.22865853658536586,0.12766768292682926,0.10804115853658537,0.0857469512195122,0.08746189024390244,0.0741234756097561,0.03429878048780488,0.10975609756097561,1
54,E02000056,0.2260650480989464,0.32249198350893266,0.18621163536417773,0.08497480531378837,0.03092075125973431,0.06344480073293633,0.03504351809436555,0.011910215300045808,0.03893724232707284,1
55,E02000057,0.14031971580817051,0.2640615748963884,0.12048549437537004,0.11782119597394908,0.08170515097690942,0.09177027827116636,0.06956779159265838,0.03049141503848431,0.0837773830669035,1
56,E02000058,0.17524732485362407,0.3095093882495457,0.1742378356551585,0.09973753280839895,0.04784978800726832,0.060973147587320815,0.0541086210377549,0.022208762366242682,0.05612759943468605,1
57,E02000059,0.09232009675468655,0.1602499496069341,0.09131223543640395,0.10884902237452126,0.12719209836726467,0.09635154202781697,0.11912920782100384,0.0715581535980649,0.13303769401330376,1
58,E02000060,0.15712383488681758,0.27030625832223704,0.13138038171327118,0.12383488681757657,0.06857523302263649,0.07323568575233022,0.06524633821571238,0.022858411007545494,0.08743897026187306,1
59,E02000061,0.17515078407720144,0.31845597104945716,0.1775633293124246,0.09167671893848009,0.048009650180940895,0.06369119420989143,0.04390832328106152,0.015922798552472858,0.06562123039806997,1
60,E02000062,0.08474004051316678,0.15833896016205268,0.12390276839972991,0.10094530722484807,0.12592842673869006,0.10972316002700878,0.09520594193112762,0.05671843349088454,0.14449696151249156,1
61,E02000063,0.1250775915580385,0.1893234016139044,0.1303538175046555,0.1191806331471136,0.10366232153941651,0.08069522036002483,0.0856610800744879,0.059279950341402855,0.10676598386095593,1
62,E02000064,0.1288064403220161,0.21246062303115157,0.15295764788239413,0.09765488274413721,0.08575428771438572,0.10185509275463774,0.06405320266013301,0.04025201260063003,0.11620581029051452,1
63,E02000065,0.06536346976175932,0.19303604153940135,0.09804520464263898,0.1264508246792914,0.08430054978619425,0.11728772144166158,0.09132559560171044,0.08124618204031765,0.14294441050702505,1
64,E02000066,0.055762081784386616,0.12540272614622058,0.09690210656753408,0.12837670384138786,0.10012391573729863,0.13432465923172243,0.10408921933085502,0.08302354399008674,0.17199504337050806,1
65,E02000067,0.08499630450849963,0.1271249076127125,0.12441488051244148,0.1520078837152008,0.11751662971175167,0.0975609756097561,0.08672086720867209,0.09263365360926337,0.11702389751170239,1
66,E02000068,0.0890452876376989,0.13953488372093023,0.11046511627906977,0.15177478580171358,0.10128518971848226,0.10097919216646267,0.09822521419828642,0.08139534883720931,0.12729498164014688,1
67,E02000069,0.09767441860465116,0.15348837209302327,0.10232558139534884,0.15670840787119858,0.11699463327370305,0.09516994633273702,0.08407871198568873,0.08550983899821109,0.10805008944543829,1
68,E02000070,0.09121976866456362,0.138801261829653,0.1222397476340694,0.16824395373291273,0.1264458464773922,0.09647739221871714,0.08464773922187172,0.07965299684542587,0.09227129337539432,1
69,E02000071,0.08934124964659315,0.11195928753180662,0.1077184054283291,0.17217981340118746,0.1422109132032796,0.09754028837998303,0.10178117048346055,0.0853830930166808,0.09188577890867967,1
70,E02000072,0.06204535729567822,0.12430466409927257,0.09242618741976893,0.13714163457424047,0.10740265297389816,0.11125374411638853,0.10419341035515618,0.09927257167308515,0.16195977749251178,1
71,E02000073,0.09583171016751071,0.14355278535255162,0.12660693416439422,0.19887027658745618,0.12485391507596416,0.08609271523178808,0.0839501363459291,0.06934164394234515,0.07089988313206078,1
72,E02000074,0.07153457999406353,0.11071534579994063,0.09943603443158207,0.15138023152270705,0.12763431285247848,0.10685663401602849,0.10240427426536064,0.09735826654793707,0.13268032056990206,1
73,E02000075,0.09107097430679216,0.1541592470109387,0.13482574408547443,0.1930806410582549,0.129483591961333,0.08572882218265072,0.08089544645128466,0.0635970490969219,0.06715848384634952,1
74,E02000077,0.09566787003610108,0.12712738525012893,0.11165549252191852,0.18076328004125838,0.13537906137184116,0.1000515729757607,0.08793192367199587,0.07246003094378546,0.08896338318720991,1
75,E02000078,0.09040959040959042,0.14585414585414586,0.13511488511488512,0.19755244755244755,0.1381118881118881,0.07192807192807193,0.07767232767232768,0.062187812187812185,0.08116883116883117,1
76,E02000079,0.10261672652642381,0.17598768599281683,0.14802462801436633,0.1806054386865059,0.11646998460749101,0.0797845048742945,0.07619291944586967,0.056695741405849154,0.06362237044638276,1
77,E02000080,0.0975076519457805,0.13008307826847398,0.11390467861827722,0.19720157411456055,0.14385658067337123,0.0905115872321819,0.08132925229558373,0.06340183646698731,0.08220376038478355,1
78,E02000081,0.09724196758601081,0.14102928632357123,0.12709695763434745,0.1879442706852431,0.12368495877168041,0.08729030423656525,0.07733864088711971,0.0642593119135627,0.09411430196189935,1
79,E02000082,0.09290210549164316,0.1367484263077925,0.11851530280008682,0.1988278706316475,0.13870197525504666,0.08139787280225744,0.07770783590188843,0.07597134794877361,0.0792272628608639,1
80,E02000083,0.09427828348504551,0.1352405721716515,0.1315561335067187,0.16298222800173384,0.12873862158647595,0.08279150411790204,0.0858257477243173,0.07824013870827914,0.10034677069787602,1
81,E02000084,0.11885924563017479,0.15712971481140756,0.14903403863845446,0.18380864765409383,0.13045078196872126,0.07304507819687213,0.06991720331186753,0.055381784728610856,0.06237350505979761,1
82,E02000085,0.09004739336492891,0.11898228984784236,0.12521825891743577,0.1983038164130706,0.15440259416313296,0.08630581192317287,0.08356198553255176,0.0688450985283113,0.07433275130955351,1
83,E02000086,0.11009174311926606,0.14259501965923985,0.14416775884665792,0.19187418086500654,0.12267365661861075,0.07837483617300131,0.08230668414154653,0.05923984272608126,0.06867627785058977,1
84,E02000087,0.1402455661664393,0.2062755798090041,0.15552523874488403,0.1806275579809004,0.0946793997271487,0.0592087312414734,0.06275579809004093,0.047748976807639835,0.0529331514324693,1
85,E02000088,0.09903991915108641,0.1452753916119252,0.14047498736735725,0.19782718544719555,0.12228398180899444,0.08160687215765539,0.07200606366851946,0.06139464375947448,0.08009095502779182,1
86,E02000089,0.08678552700576822,0.17645516518091242,0.15049816465652857,0.18904037755637126,0.11955951756685894,0.08468799160985842,0.06869428421604615,0.05663345568956476,0.06764551651809124,1
87,E02000090,0.11246771542615637,0.19042028645221884,0.1643578304766377,0.18267198872974877,0.09650152617985443,0.06973467950223057,0.07184785160835877,0.03944587931439305,0.0725522423104015,1
88,E02000091,0.10736607142857142,0.20044642857142858,0.1546875,0.17723214285714287,0.10647321428571428,0.0765625,0.07098214285714285,0.04397321428571429,0.062276785714285715,1
89,E02000092,0.08017179670722978,0.14387974230493916,0.11739441660701504,0.15748031496062992,0.12848962061560487,0.09663564781675017,0.0901932712956335,0.08303507516105942,0.10272011453113815,1
90,E02000093,0.10227925684734725,0.17046542807891207,0.10745067994637043,0.13790461597395134,0.13656387665198239,0.06665389772074315,0.11128136372342463,0.05975866692204559,0.10764221413522314,1
91,E02000094,0.09271523178807947,0.16384596517046848,0.09001716948736817,0.11969585479519254,0.1483934265391219,0.08241353936718175,0.10497915133676723,0.07603630120186411,0.12190336031395634,1
92,E02000095,0.10319195452557936,0.1810231744643638,0.10756449497157848,0.13817227809357235,0.12111937035417578,0.06864888500218627,0.11237428946217752,0.05881066899868824,0.10909488412767818,1
93,E02000096,0.1381405176967776,0.2871104067617538,0.1278394083465399,0.14421553090332806,0.08003169572107766,0.055995773903856315,0.07580559957739039,0.03169572107765452,0.05916534601162177,1
94,E02000097,0.09329089128305583,0.1454456415279138,0.0842311459353575,0.13981390793339862,0.14520078354554358,0.0785994123408423,0.10994123408423115,0.07639569049951028,0.1270812928501469,1
95,E02000098,0.12198427758200055,0.2184873949579832,0.11141230685822716,0.1257793439956628,0.1092436974789916,0.06668473841149362,0.08484684196259148,0.0558416915153158,0.1057197072377338,1
96,E02000099,0.09484029484029484,0.19582309582309582,0.12063882063882064,0.13071253071253072,0.10884520884520885,0.0800982800982801,0.09336609336609336,0.05626535626535627,0.1194103194103194,1
97,E02000100,0.12529776083849453,0.31634111481657934,0.12005717008099095,0.12410671748451643,0.06264888041924727,0.06336350643163412,0.07908527870414483,0.041686517389232965,0.0674130538351596,1
98,E02000101,0.10472801220132182,0.19801728520589731,0.09532282663955262,0.12760549059481444,0.10345704117946111,0.07981698017285206,0.10167768174885612,0.06634468734112862,0.12302999491611591,1
99,E02000102,0.07670273711012095,0.11330362826225335,0.08179503500954806,0.11075747931253978,0.16295353278166771,0.09420751113940165,0.10821133036282622,0.0919796308084023,0.16008911521323999,1
100,E02000103,0.09500138083402375,0.15382491024578845,0.09582988124827396,0.11433305716652858,0.12731289698978182,0.09003037834852251,0.10383871858602596,0.07732670533001933,0.14250207125103562,1
101,E02000104,0.11230120090879585,0.17429406037000975,0.12625770853618956,0.11554690035702694,0.09996754300551769,0.07075624797143784,0.10970464135021098,0.0727036676403765,0.11846802986043492,1
102,E02000105,0.10613751730503,0.15828334102445776,0.09690816797415783,0.1121365943700969,0.09229349330872173,0.07544993077988002,0.12505768343331794,0.08029533917858792,0.1534379326257499,1
103,E02000106,0.08221925133689839,0.12522281639928698,0.08065953654188948,0.10049019607843138,0.16332442067736186,0.089349376114082,0.09848484848484848,0.08801247771836007,0.17223707664884136,1
104,E02000107,0.09866338374956032,0.2075272599366866,0.13946535349982414,0.09848751319029195,0.101301442138586,0.08635244460077383,0.07703130495954977,0.04854027435807246,0.14263102356665494,1
105,E02000108,0.09376010345942451,0.1542192046556741,0.09246686065308762,0.12285806660200453,0.10572259941804074,0.07597801487229228,0.11768509537665697,0.08664726802457161,0.15066278693824767,1
106,E02000109,0.08067262664963815,0.1868880374627501,0.1068539804171988,0.10664112388250319,0.1111111111111111,0.06939123031077055,0.10344827586206896,0.09025117071094083,0.1447424435930183,1
107,E02000110,0.10805818517663357,0.2283537289309628,0.16647425536827523,0.11036712075733086,0.09166474255368275,0.07226968367582544,0.07365504502424382,0.041791734010621105,0.10736550450242438,1
108,E02000111,0.08499364137346334,0.1354387452310301,0.0854175498092412,0.10576515472657906,0.0907164052564646,0.07884696905468419,0.13162356930902924,0.1030097498940229,0.18418821534548538,1
109,E02000112,0.06769949066213922,0.12712224108658743,0.08149405772495756,0.10823429541595925,0.11820882852292021,0.07852292020373515,0.1148132427843803,0.09571307300509338,0.2081918505942275,1
110,E02000113,0.060106069534472596,0.09752504419563936,0.07248084855627578,0.10989982321744254,0.10312315851502651,0.12934590453741898,0.14790807307012374,0.1075427224513848,0.17206835592221567,1
111,E02000114,0.09478577202910267,0.19987873888439775,0.17340339531123686,0.099232012934519,0.09862570735650768,0.07720291026677445,0.07053354890864996,0.04890864995957963,0.137429264349232,1
112,E02000115,0.10911016949152542,0.2961864406779661,0.21843220338983052,0.09894067796610169,0.06334745762711864,0.05974576271186441,0.05847457627118644,0.029872881355932204,0.06588983050847458,1
113,E02000116,0.06303191489361702,0.12898936170212766,0.10638297872340426,0.09095744680851064,0.13856382978723406,0.10718085106382978,0.09840425531914894,0.07313829787234043,0.19335106382978723,1
114,E02000117,0.06752905064678799,0.11006358254768692,0.08484981363736023,0.11291383468537601,0.11795658846744135,0.10852883139662355,0.1043630782723087,0.09361982021486516,0.2001754001315501,1
115,E02000118,0.06531531531531531,0.0963963963963964,0.0722972972972973,0.0981981981981982,0.1259009009009009,0.07612612612612613,0.11576576576576576,0.15067567567567566,0.19932432432432431,1
116,E02000119,0.0550931430836306,0.15021799445105033,0.09314308363059849,0.10384462940943322,0.090764962346413,0.12247324613555291,0.1304003170828379,0.08838684106222751,0.16567578279825604,1
117,E02000120,0.1160844250363901,0.2643740902474527,0.2134279475982533,0.08569868995633188,0.06932314410480349,0.07587336244541484,0.05658660844250364,0.03111353711790393,0.08751819505094614,1
118,E02000121,0.07397383852052324,0.10915651781686965,0.08479927830401443,0.10081190798376184,0.11389264772214705,0.06630581867388363,0.13125845737483086,0.12110960757780785,0.19869192602616148,1
119,E02000122,0.14368370298939248,0.2507232401157184,0.21287367405978785,0.08968177434908389,0.07280617164898746,0.07328833172613308,0.05785920925747348,0.030617164898746385,0.06846673095467695,1
120,E02000123,0.0715587967183227,0.1295958675174719,0.12473412336675782,0.08994226678821027,0.11166818596171377,0.11227590398055302,0.09115770282588878,0.07520510483135825,0.19386204800972348,1
121,E02000124,0.13639467395015364,0.24376920450665757,0.23164902697166267,0.08859679071355411,0.06708774325708433,0.07357459883919426,0.051382724479344485,0.028337316490269715,0.07920792079207921,1
122,E02000125,0.11467576791808874,0.21860068259385665,0.19965870307167236,0.09300341296928327,0.09402730375426621,0.08037542662116041,0.06348122866894199,0.042320819112627986,0.09385665529010238,1
123,E02000126,0.07,0.164375,0.1371875,0.1103125,0.0759375,0.1115625,0.1128125,0.08125,0.1365625,1
124,E02000127,0.09997253501785223,0.1472123043120022,0.1148036253776435,0.15078275199121122,0.1318319143092557,0.11040922823400165,0.07580335072782203,0.0565778632243889,0.11260642680582257,1
125,E02000128,0.13548387096774195,0.19811827956989247,0.15940860215053765,0.1510752688172043,0.10564516129032259,0.07096774193548387,0.06854838709677419,0.04758064516129032,0.06317204301075269,1
126,E02000130,0.11564948943243886,0.2640702920921396,0.1610068867252434,0.1353597720256471,0.07789123723581097,0.07955355022559962,0.06008074091664688,0.03918309190216101,0.06720493944431251,1
127,E02000131,0.1036903329322102,0.24428399518652227,0.19775371038908945,0.12113918973124749,0.08223024468511833,0.0798235058162856,0.05595667870036101,0.036101083032490974,0.07902125952667469,1
128,E02000132,0.13423645320197045,0.2619047619047619,0.20340722495894908,0.15558292282430214,0.07163382594417077,0.055008210180623976,0.04597701149425287,0.028530377668308703,0.0437192118226601,1
129,E02000133,0.21524469467301863,0.28237332178432223,0.19120831528800347,0.13728886964053702,0.0443915114768298,0.04309224772628844,0.04179298397574708,0.018189692507579038,0.026418362927674317,1
130,E02000134,0.14083290133056853,0.2534992223950233,0.18921721099015035,0.1423881112839122,0.07257646448937273,0.06117159149818559,0.054777950578883704,0.027820978054259548,0.05771556937964403,1
131,E02000135,0.07511848341232227,0.16445497630331754,0.13033175355450238,0.13412322274881516,0.10023696682464454,0.11327014218009479,0.09549763033175356,0.05639810426540284,0.1305687203791469,1
132,E02000136,0.15834400341442595,0.17370892018779344,0.1391378574477166,0.14852752880921896,0.09432351685872813,0.09603072983354674,0.06359368331199317,0.046094750320102434,0.08023900981647461,1
133,E02000137,0.15418394730422055,0.2637228592339595,0.17760429373017808,0.156135642839717,0.07245669675530617,0.055623322761649184,0.05245181751646743,0.030739204684069286,0.03708221517443279,1
134,E02000138,0.15849056603773584,0.27405660377358493,0.2025943396226415,0.15589622641509435,0.061556603773584906,0.04174528301886792,0.04433962264150943,0.026650943396226416,0.034669811320754716,1
135,E02000139,0.1329268292682927,0.24682926829268292,0.17878048780487804,0.15024390243902438,0.08146341463414634,0.0675609756097561,0.05682926829268293,0.033658536585365856,0.05170731707317073,1
136,E02000140,0.079764121663563,0.11266294227188083,0.10335195530726257,0.13128491620111732,0.12693978895096214,0.11297330850403477,0.11173184357541899,0.0834885164494103,0.1378026070763501,1
137,E02000141,0.11271834061135372,0.21206331877729256,0.15283842794759825,0.14929039301310043,0.09033842794759825,0.09661572052401747,0.06741266375545851,0.048034934497816595,0.0706877729257642,1
138,E02000142,0.14655380894800485,0.25562273276904474,0.18331318016928658,0.1347037484885127,0.07787182587666264,0.06529625151148731,0.06118500604594922,0.031197097944377267,0.04425634824667473,1
139,E02000144,0.13744977796574329,0.27616832311270884,0.1801649397335589,0.14844576020300274,0.06470712624233453,0.05519137238316769,0.061535208289278914,0.024106576443222668,0.05223091562698245,1
140,E02000145,0.08824418253248716,0.13025083106678756,0.10849199153822907,0.13901480809912362,0.12722877002115443,0.10093683892414627,0.10275007555152614,0.07343608340888486,0.12964641885766093,1
141,E02000146,0.12291666666666666,0.2310185185185185,0.1726851851851852,0.15856481481481483,0.09074074074074075,0.07013888888888889,0.05925925925925926,0.03634259259259259,0.058333333333333334,1
142,E02000147,0.17560715238857752,0.2636776087536696,0.1686682679476915,0.151854817187083,0.06618628235922071,0.059247397918334666,0.05604483586869496,0.025353616226314386,0.03336002135041367,1
143,E02000148,0.15604890604890606,0.24066924066924067,0.17213642213642213,0.15218790218790218,0.07657657657657657,0.06177606177606178,0.06338481338481339,0.03861003861003861,0.03861003861003861,1
144,E02000149,0.10077951002227171,0.15005567928730512,0.12165924276169265,0.15033407572383073,0.14170378619153676,0.08992204899777283,0.09020044543429843,0.06542316258351893,0.08992204899777283,1
145,E02000150,0.13417035942885278,0.19251600196947316,0.16494337764647957,0.17232890201870998,0.09625800098473658,0.08419497784342689,0.06671590349581487,0.03865091088133924,0.050221565731166914,1
146,E02000151,0.15866329682673405,0.22662173546756528,0.17579331648413368,0.16287559674248805,0.07497893850042123,0.05925301881493962,0.06571187868576242,0.036787419264251615,0.03931479921370402,1
147,E02000152,0.09469302809573361,0.15608740894901144,0.13596947624002775,0.13978494623655913,0.13423517169614985,0.10336455081512314,0.08914325355532432,0.05064169268123483,0.09608047173083593,1
148,E02000153,0.12506486766995328,0.1896730669434354,0.16554229372080956,0.17669953295277632,0.09807991696938247,0.08432797093928386,0.06953814218993254,0.042812662169174884,0.048261546445251685,1
149,E02000154,0.1251881585549423,0.22403411941796286,0.1532865027596588,0.15153035624686403,0.08479678876066232,0.07099849473156046,0.07501254390366283,0.04390366281986954,0.07124937280481686,1
150,E02000155,0.103287841191067,0.15384615384615385,0.1346153846153846,0.17028535980148884,0.11228287841191067,0.09429280397022333,0.0859181141439206,0.06048387096774194,0.08498759305210918,1
151,E02000156,0.1373796423658872,0.20890646492434664,0.16678129298486932,0.16506189821182943,0.08820495185694635,0.07857634112792297,0.07152682255845942,0.03404401650618982,0.04951856946354883,1
152,E02000157,0.13405698778833108,0.22469470827679783,0.1666214382632293,0.18453188602442333,0.07869742198100407,0.06675712347354139,0.06702849389416554,0.03283582089552239,0.04477611940298507,1
153,E02000158,0.10624597553122987,0.1905988409529942,0.14005151320025758,0.1577591757887959,0.103026400515132,0.07115260785576304,0.08403090792015454,0.056664520283322604,0.09047005795235029,1
154,E02000159,0.1925368454060834,0.19316400125431168,0.16086547507055504,0.14989024772656004,0.08372530573847602,0.06647851991219818,0.06773283160865474,0.0370021950454688,0.04860457823769207,1
155,E02000160,0.12705761316872427,0.20344650205761317,0.16152263374485595,0.1640946502057613,0.10725308641975309,0.0763888888888889,0.06147119341563786,0.04526748971193416,0.053497942386831275,1
156,E02000161,0.1140119760479042,0.23784431137724552,0.15592814371257485,0.17077844311377247,0.08622754491017964,0.0725748502994012,0.07688622754491017,0.037125748502994015,0.04862275449101797,1
157,E02000162,0.12392880685563612,0.1862228081740277,0.14502307185234015,0.15721819380355967,0.1084377059986816,0.08009228740936059,0.06954515491100857,0.05042847725774555,0.07910349373764008,1
158,E02000163,0.14865577227200844,0.20795993674222457,0.16684238270954138,0.15445440168687402,0.09356879283078545,0.073537163943068,0.06773853452820243,0.04059040590405904,0.04665260938323669,1
159,E02000165,0.10961342828077314,0.13758901322482198,0.14547304170905392,0.1683621566632757,0.14572736520854526,0.10452695829094609,0.0633265513733469,0.05595116988809766,0.06943031536113937,1
160,E02000166,0.1415478615071283,0.3335030549898167,0.2235234215885947,0.08630346232179226,0.040987780040733196,0.06008146639511202,0.042515274949083505,0.019348268839103868,0.05218940936863544,1
161,E02000167,0.21042830540037244,0.3784916201117318,0.2502327746741155,0.055865921787709494,0.018854748603351956,0.03910614525139665,0.0223463687150838,0.007216014897579144,0.017458100558659217,1
162,E02000168,0.11472103965942192,0.3553663455075062,0.24378220927627156,0.08469639256105758,0.041900067219359176,0.047949809545149005,0.04750168048397939,0.01702890432444544,0.04705355142280977,1
163,E02000169,0.23953098827470687,0.3210496929089894,0.21887213847012843,0.0695142378559464,0.026521496370742602,0.053880513679508656,0.031825795644891124,0.00809603573422669,0.030709101060859854,1
164,E02000170,0.14288585209003216,0.35731511254019294,0.22407556270096463,0.08239549839228295,0.03838424437299035,0.05044212218649518,0.04320739549839228,0.014469453376205787,0.04682475884244373,1
165,E02000171,0.14536817102137767,0.37244655581947744,0.23159144893111638,0.07268408551068883,0.03824228028503563,0.04655581947743468,0.04085510688836105,0.016152019002375298,0.036104513064133016,1
166,E02000172,0.09315589353612168,0.2421577946768061,0.1960551330798479,0.10218631178707224,0.06677756653992395,0.08317490494296578,0.07557034220532319,0.04206273764258555,0.09885931558935361,1
167,E02000173,0.20352341214649977,0.38456189151599446,0.2267037552155772,0.06838201205377839,0.019935095039406582,0.03477051460361613,0.027584608252202134,0.005795085767269356,0.028743625405656004,1
168,E02000174,0.10496515679442509,0.3233885017421603,0.23628048780487804,0.08297038327526132,0.04965156794425087,0.06489547038327526,0.05357142857142857,0.02613240418118467,0.05814459930313589,1
169,E02000175,0.13626453488372092,0.3617369186046512,0.23382994186046513,0.08121366279069768,0.036337209302325583,0.044876453488372096,0.0501453488372093,0.013263081395348836,0.0423328488372093,1
170,E02000176,0.20086558044806518,0.36481670061099797,0.2479633401221996,0.06695519348268839,0.025967413441955193,0.035641547861507125,0.02571283095723014,0.006873727087576375,0.025203665987780042,1
171,E02000177,0.12203472731719246,0.2677916360968452,0.20176082171680118,0.09391049156272928,0.05796038151137197,0.07141110295915871,0.07116654438738078,0.02959158718513084,0.08437270726338958,1
172,E02000178,0.11022331489448883,0.3181725056340914,0.2099979512395001,0.08625281704568737,0.05121901249743905,0.05531653349723417,0.060028682646998566,0.0247900020487605,0.08399918049580005,1
173,E02000179,0.16885245901639345,0.3173770491803279,0.24163934426229508,0.0760655737704918,0.029180327868852458,0.05147540983606557,0.04590163934426229,0.02262295081967213,0.046885245901639346,1
174,E02000180,0.11130609175231888,0.2867886688393081,0.2366507896715969,0.0854850839809476,0.05013787916771121,0.061669591376284784,0.06868889445976435,0.02531962897969416,0.07395337177237403,1
175,E02000181,0.1648671096345515,0.39244186046511625,0.23318106312292358,0.07495847176079734,0.022632890365448504,0.03301495016611296,0.0377906976744186,0.011004983388704318,0.03010797342192691,1
176,E02000182,0.21102106969205836,0.30405186385737437,0.213290113452188,0.08103727714748785,0.035980551053484605,0.047974068071312805,0.03500810372771475,0.019124797406807132,0.05251215559157212,1
177,E02000183,0.19212635549269214,0.3347477604903347,0.2376237623762376,0.06412069778406412,0.03371051390853371,0.04738330975954738,0.035124941065535126,0.017208863743517207,0.037953795379537955,1
178,E02000184,0.09748110831234257,0.25994962216624684,0.18916876574307304,0.1052896725440806,0.059445843828715365,0.06675062972292191,0.07405541561712846,0.03929471032745592,0.10856423173803527,1
179,E02000185,0.11042944785276074,0.24939983995732196,0.19418511603094157,0.0938917044545212,0.06241664443851694,0.08135502800746866,0.07735396105628167,0.033075486796479064,0.09789277140570819,1
180,E02000186,0.1504745951982133,0.30178671133445,0.23171412618648798,0.07649357900614182,0.047459519821328865,0.053042992741485204,0.05443886097152429,0.02121719709659408,0.06337241764377442,1
181,E02000187,0.07489597780859916,0.17718446601941748,0.13488210818307905,0.11789181692094314,0.07246879334257975,0.10194174757281553,0.10783633841886268,0.058599167822468795,0.15429958391123438,1
182,E02000188,0.08507765023632681,0.21033085752869682,0.14686022957461176,0.1100607697501688,0.06583389601620526,0.08845374746792707,0.10567184334908845,0.06313301823092506,0.12457798784604997,1
183,E02000189,0.08917197452229299,0.2584167424931756,0.17652411282984531,0.13694267515923567,0.05732484076433121,0.05732484076433121,0.09326660600545951,0.025932666060054597,0.10509554140127389,1
184,E02000190,0.10092724679029957,0.31633380884450785,0.1733238231098431,0.10271041369472182,0.055991440798858774,0.06526390870185449,0.0702567760342368,0.026034236804564907,0.0891583452211127,1
185,E02000191,0.11492392359987051,0.3577209452897378,0.21398510844933635,0.08287471673680803,0.02945937196503723,0.04888313370022661,0.06474587245063128,0.010359339592101004,0.07704758821625121,1
186,E02000192,0.12979521199884628,0.29074127487741563,0.21892125757138736,0.08710700894144793,0.052494952408422266,0.06460917219498125,0.06403230458609749,0.02942024805307182,0.06287856936832997,1
187,E02000193,0.13972736124634857,0.3305744888023369,0.21908471275559882,0.08179162609542356,0.037244401168451804,0.04892891918208374,0.05428432327166505,0.010467380720545278,0.07789678675754626,1
188,E02000194,0.11340659340659341,0.25560439560439563,0.18483516483516482,0.1156043956043956,0.07428571428571429,0.07824175824175825,0.0665934065934066,0.03296703296703297,0.07846153846153846,1
189,E02000195,0.13134261338123035,0.21890435563538393,0.1329142343960485,0.13807813201616526,0.0958688819039066,0.08823529411764706,0.07723394701392007,0.05006735518634935,0.0673551863493489,1
190,E02000196,0.09722222222222222,0.19680851063829788,0.12677304964539007,0.13297872340425532,0.09663120567375887,0.10076832151300237,0.0933806146572104,0.057919621749408984,0.0975177304964539,1
191,E02000197,0.09433962264150944,0.17706821480406387,0.1269956458635704,0.14997581035316884,0.11296565070149976,0.08901790033865506,0.09216255442670537,0.05563618771165941,0.10183841315916788,1
192,E02000198,0.07846916299559471,0.1665748898678414,0.10930616740088106,0.14647577092511013,0.0974669603524229,0.1183920704845815,0.09140969162995595,0.07020925110132159,0.12169603524229075,1
193,E02000199,0.08789808917197452,0.17248407643312103,0.13910828025477706,0.14751592356687898,0.09477707006369426,0.1159235668789809,0.08866242038216561,0.05401273885350318,0.09961783439490446,1
194,E02000200,0.09445129469790382,0.20715166461159062,0.13662145499383477,0.1506781750924784,0.0939580764488286,0.10431565967940813,0.07053020961775586,0.05228113440197287,0.09001233045622688,1
195,E02000201,0.08104505465209277,0.16022394028259132,0.12823247134097573,0.14529458810983736,0.093841642228739,0.1133031191682218,0.093841642228739,0.065049320181285,0.119168221807518,1
196,E02000202,0.07417721518987341,0.1640506329113924,0.10835443037974683,0.15341772151898733,0.09645569620253165,0.10860759493670886,0.12025316455696203,0.060759493670886074,0.11392405063291139,1
197,E02000203,0.09148446490218642,0.15736478711162255,0.11536248561565017,0.13434982738780207,0.09666283084004602,0.12025316455696203,0.10327963176064442,0.05149597238204833,0.12974683544303797,1
198,E02000204,0.09419228892142509,0.1617862371888726,0.10883357735480723,0.1486090775988287,0.07906295754026355,0.10834553440702782,0.1285993167398731,0.06442166910688141,0.1061493411420205,1
199,E02000206,0.07430639324487334,0.16863691194209893,0.11556091676718938,0.14089264173703256,0.1006031363088058,0.12328106151990349,0.10687575392038601,0.06513872135102533,0.10470446320868516,1
200,E02000207,0.08490099009900991,0.1618811881188119,0.12475247524752475,0.16881188118811882,0.10198019801980197,0.10767326732673267,0.10346534653465346,0.055693069306930694,0.09084158415841584,1
201,E02000208,0.07795634444710962,0.16550731590309425,0.10458143439673782,0.1295274646198129,0.08731110578076277,0.11513552410650035,0.13120652434636604,0.06812185176301272,0.12065243463660351,1
202,E02000209,0.07738095238095238,0.14637445887445888,0.09117965367965368,0.14042207792207792,0.09009740259740259,0.0992965367965368,0.15367965367965367,0.07224025974025974,0.12932900432900432,1
203,E02000210,0.08998615597600369,0.20073834794646978,0.14051684356252883,0.1601292108906322,0.09321642824180895,0.09598523304107061,0.08144900784494694,0.046608214120904476,0.09137055837563451,1
