,GEOGRAPHY_CODE,All usual residents aged 3 and over,Can speak Welsh,Can speak and read but cannot write Welsh,Can speak but cannot read or write Welsh,"Can speak, read and write Welsh",Can understand spoken Welsh only,No skills in Welsh,Other combination of skills in Welsh
0,W02000001,1,0.6167146974063401,0.040345821325648415,0.06556195965417867,0.5076849183477425,0.0866954851104707,0.28530259365994237,0.01440922190201729
1,W02000002,1,0.5605798014810146,0.034189380809831416,0.05703481959981094,0.46809516306916654,0.08035292264061761,0.34536001260438004,0.014967701276193478
2,W02000003,1,0.4123574918566775,0.0500814332247557,0.09731270358306189,0.2619096091205212,0.1987988599348534,0.36197068403908794,0.02992671009771987
3,W02000004,1,0.5109103544127866,0.04558721334259903,0.06824183460736623,0.3949965253648367,0.1210562890896456,0.34746351633078526,0.0226546212647672
4,W02000005,1,0.4932448171441882,0.04274400186349872,0.0692988586070347,0.37933845795481014,0.11029583042161659,0.37607733519683206,0.02224551595620778
5,W02000006,1,0.7895973680087733,0.04480651731160896,0.06783644054519818,0.6730377565408115,0.06376312078959737,0.1384928716904277,0.012063293122356258
6,W02000007,1,0.5589595375722544,0.03627167630057804,0.0588150289017341,0.461271676300578,0.08439306358381503,0.34205202312138727,0.017196531791907513
7,W02000008,1,0.630130448615972,0.0467706013363029,0.07206490614062998,0.508749602290805,0.10101813553929367,0.25596563792554883,0.015431116767419662
8,W02000009,1,0.6693655428723122,0.044332359968144414,0.06410937085213698,0.5573400584019114,0.07778072736925935,0.2403769577913459,0.016060525617202018
9,W02000010,1,0.27180126805945326,0.020164224093129613,0.03679451200498909,0.21432283546408898,0.07338114541107993,0.6340297266396424,0.02130755638706995
10,W02000011,1,0.5170985840235105,0.04702110606465402,0.07507347047822602,0.39233235372695696,0.13999465669249264,0.3169917178733636,0.028586695164306706
11,W02000012,1,0.7256736526946108,0.03954590818363273,0.06711576846307385,0.6157684630738522,0.07609780439121756,0.1840069860279441,0.01746506986027944
12,W02000013,1,0.7683794466403162,0.029407114624505928,0.05754940711462451,0.6790513833992095,0.052964426877470355,0.169802371541502,0.011225296442687747
13,W02000014,1,0.7085705723703926,0.034462091699130955,0.060233742882828886,0.6105783637998202,0.08240934971531315,0.1956847467785436,0.0166317051243632
14,W02000015,1,0.8659513960703206,0.04188210961737332,0.08712512926577043,0.7317735263702172,0.04653567735263702,0.0811789038262668,0.011504653567735263
15,W02000016,1,0.800229057591623,0.04237565445026178,0.06119109947643979,0.6933900523560209,0.05448298429319372,0.13890706806282724,0.009653141361256544
16,W02000017,1,0.779112130616651,0.03157468627715558,0.05761705572797193,0.6866819592497638,0.05248954257185265,0.1592227769531777,0.012413979220078262
17,W02000018,1,0.7719635141622659,0.030564890382461195,0.05776924307889262,0.6820291246599456,0.04624739958393343,0.1721875500080013,0.011201792286765882
18,W02000019,1,0.6862256124394895,0.028311574006161067,0.05500953498606425,0.5996772773947484,0.06131729499779962,0.24321549068505208,0.012468827930174564
19,W02000020,1,0.7348927875243665,0.030589293747188485,0.05248163142899985,0.6492727545359124,0.060128954865796974,0.1938821412505623,0.01364522417153996
20,W02000021,1,0.7653194263363755,0.033116036505867016,0.056714471968709254,0.6735332464146023,0.05371577574967405,0.1730117340286832,0.009908735332464147
21,W02000022,1,0.5738198861734182,0.03080013391362571,0.050552393706059594,0.49029126213592233,0.07264814194844325,0.34198192166052893,0.013726146635420154
22,W02000023,1,0.6468129571577848,0.023859282479972134,0.045802856147683736,0.5757575757575758,0.0513758272378962,0.2941483803552769,0.009056078021595262
23,W02000024,1,0.7108806404657934,0.0336608442503639,0.060953420669577874,0.6146288209606987,0.05804221251819505,0.21925036390101893,0.013464337700145561
24,W02000025,1,0.5566930355203971,0.039708391499922446,0.0660772452303397,0.44858073522568637,0.09151543353497751,0.33379866604622305,0.020319528462850938
25,W02000026,1,0.3857570806100218,0.03363289760348584,0.04030501089324619,0.31004901960784315,0.08660130718954248,0.5104847494553377,0.018927015250544663
26,W02000027,1,0.17145850308462343,0.01862414154347573,0.030031428238854616,0.1203585147247119,0.09044348737050402,0.7123734140379467,0.028169014084507043
27,W02000028,1,0.2242962962962963,0.019407407407407408,0.04014814814814815,0.16177777777777777,0.11051851851851852,0.6382222222222222,0.029925925925925925
28,W02000029,1,0.22156074014481095,0.02268704746580853,0.03411102172164119,0.16299275945293645,0.09525341914722446,0.6567980691874498,0.02815768302493966
29,W02000030,1,0.1808599631922369,0.020411577714572526,0.031286598628074286,0.12698678266688973,0.07913669064748201,0.7170821482349005,0.025096202108080976
30,W02000031,1,0.11313155967781303,0.011837930192824017,0.026482792287039297,0.07249206736636564,0.050158652672687334,0.8201122772760556,0.018916280205028068
31,W02000032,1,0.26222808174027684,0.02860909690177983,0.04007910349373764,0.19208965062623598,0.1015161502966381,0.6080421885299934,0.02966381015161503
32,W02000033,1,0.18301361386138615,0.0171720297029703,0.03387995049504951,0.1297957920792079,0.09019183168316831,0.7000309405940595,0.028929455445544556
33,W02000034,1,0.20058062813407232,0.018210609659540775,0.034969648983900765,0.1456848772763262,0.09382422802850356,0.6774874637107416,0.029823172340987067
34,W02000035,1,0.20780590717299577,0.02062822315986873,0.03680262541022035,0.1482653539615565,0.09786685419596812,0.663033286451008,0.03340365682137834
35,W02000036,1,0.19593345656192238,0.018581574083082013,0.031034147290592472,0.1451503064500438,0.0745208677886954,0.7078509582644226,0.022862146123163733
36,W02000037,1,0.29147448296384465,0.028864752269007588,0.05118285969349799,0.20934384764171998,0.1218568665377176,0.5563160244011308,0.03243564945692605
37,W02000038,1,0.3306873838878568,0.032426954906265834,0.049822665090356356,0.24708664077014017,0.13376118898834657,0.5086978550920452,0.028204695152845804
38,W02000039,1,0.39712918660287083,0.04086383033751455,0.06995991206517523,0.2835898099055994,0.1337126600284495,0.44213112634165264,0.02974266132160869
39,W02000040,1,0.597544542596197,0.027848480311423864,0.04671357987722713,0.5210360832459949,0.06647701751759245,0.3240005988920497,0.013924240155711932
40,W02000041,1,0.5608465608465608,0.03927101704879483,0.06407995296884186,0.4551440329218107,0.10605526161081717,0.31299235743680187,0.022457378012933567
41,W02000042,1,0.12558727864112756,0.014636790748102639,0.026020961329960245,0.08221900975786049,0.05204192265992049,0.8001445608962776,0.02493675460787857
42,W02000043,1,0.156794425087108,0.017228029423151374,0.023035230352303523,0.11536972512582269,0.07084785133565621,0.7504839334107627,0.023035230352303523
43,W02000044,1,0.15405940594059406,0.01287128712871287,0.02712871287128713,0.11247524752475248,0.06594059405940594,0.7558415841584158,0.02574257425742574
44,W02000045,1,0.1285072270132394,0.011053079072027207,0.022713470180978988,0.0930402040568444,0.04518401554718814,0.8063889226284465,0.02162030851451476
45,W02000047,1,0.13734326018808776,0.01195141065830721,0.026057993730407524,0.09737460815047022,0.05975705329153605,0.7840909090909091,0.020768025078369907
46,W02000049,1,0.21689825906404728,0.019964861843156045,0.035936751317680884,0.15908001916626738,0.0881648298993771,0.6652291966139594,0.03162434115955918
47,W02000050,1,0.18952981095492002,0.018419777023751818,0.02892228146711908,0.1387946356438843,0.08078849571820973,0.7062530295685895,0.026821780578445628
48,W02000051,1,0.24970941495544363,0.020728399845021308,0.03796977915536614,0.19004261913986828,0.09259976753196436,0.6327005036807439,0.025958930647036034
49,W02000052,1,0.3215833005120126,0.03465931469082316,0.05179204411185506,0.23198109491925956,0.13410791650256007,0.519495864513588,0.027963765261914138
50,W02000053,1,0.4301559234849703,0.032952901462787336,0.05063494615013663,0.34479987140331136,0.12184536248191609,0.4197074425333548,0.03005947596849381
51,W02000054,1,0.3116065350578625,0.027399591558883593,0.04373723621511232,0.2392784206943499,0.10976855003403677,0.5485023825731791,0.031313818924438394
52,W02000055,1,0.41690408357075026,0.03513770180436847,0.05584045584045584,0.32326685660018994,0.12022792022792023,0.43475783475783475,0.03076923076923077
53,W02000056,1,0.5039385584875935,0.039582512800315085,0.06025994486018117,0.40173296573454115,0.09610082709728239,0.37948011027963763,0.022843639228042535
54,W02000057,1,0.31271647699158833,0.027214250371103414,0.0400791687283523,0.24311396998185716,0.09269338611248557,0.5711693880917038,0.025729836714497772
55,W02000058,1,0.2206058190514149,0.021522518931845355,0.04284575528098844,0.15284974093264247,0.07971303308090873,0.680350737345556,0.022718214428058988
56,W02000059,1,0.18678024925067047,0.017983909133932798,0.038018614923489506,0.12935794289320082,0.07540621549140243,0.7133617289793343,0.025871588578640164
57,W02000060,1,0.12947658402203857,0.015249901613537977,0.023907910271546637,0.08874458874458875,0.06109799291617474,0.7791223927587564,0.031877213695395513
58,W02000061,1,0.11946692051404094,0.010788513406314454,0.02268760907504363,0.08361097889893701,0.0461684911946692,0.8123115976519117,0.02443280977312391
59,W02000062,1,0.12316715542521994,0.011404366243075921,0.020853698273053112,0.08813945910720104,0.05001629195177582,0.7989573150863474,0.03062886933854676
60,W02000063,1,0.1890333660451423,0.022939156035328753,0.033856722276741906,0.1295387634936212,0.0813297350343474,0.6990922473012757,0.03324337585868498
61,W02000064,1,0.09489302967563837,0.007246376811594203,0.020186335403726708,0.06504485852311939,0.039164941338854384,0.8462732919254659,0.022084195997239476
62,W02000065,1,0.0977234869516935,0.007079400333148251,0.020682953914491948,0.06871182676290949,0.03539700166574126,0.8460577456968351,0.02207107162687396
63,W02000066,1,0.08804620246267844,0.006647052413642803,0.02135774218154081,0.058406886782172825,0.029530347608150813,0.865424430641822,0.018633540372670808
64,W02000067,1,0.10730593607305935,0.009295499021526418,0.019243313763861708,0.07795172863666014,0.03913894324853229,0.8359425962165689,0.01842791911285062
65,W02000068,1,0.09306637004078606,0.009269558769002595,0.015387467556544309,0.06618464961067853,0.030774935113088618,0.8613274008157211,0.017055988134964777
66,W02000069,1,0.14332080628629998,0.015544926545951486,0.022719508028698324,0.10334813802528185,0.06030064912880082,0.7729757430816536,0.02511103518961394
67,W02000070,1,0.11059907834101383,0.00970683400333366,0.021570742229630357,0.07647808608687126,0.046573193450338266,0.8206686930091185,0.025002451220707912
68,W02000071,1,0.13896230351926556,0.011406315203783558,0.025038252886354154,0.09945750452079566,0.05411044651550981,0.7810543886493253,0.028933092224231464
69,W02000072,1,0.07878958216226345,0.006932733745549934,0.017425519955030916,0.05255761663856099,0.025482480794453814,0.8847667228780214,0.012834925988382987
70,W02000073,1,0.21146509949479328,0.015259305082998248,0.02855964532426023,0.1652747705949067,0.06258377152283741,0.7017218269924734,0.02660068048252397
71,W02000074,1,0.09713073573741209,0.008373339287707938,0.020989170481187897,0.0649771128726136,0.04376465334375349,0.8349893937702356,0.02690633024450151
72,W02000075,1,0.1109268472452552,0.01271420674405749,0.019163442049014188,0.07628524046434494,0.04735581352496775,0.8190528837295007,0.02542841348811498
73,W02000076,1,0.1842724629655268,0.015367575799529281,0.034196317319673264,0.1318011906410079,0.07226914024643499,0.7154921777654714,0.030873598227883152
74,W02000077,1,0.13607863074055246,0.009659379766141332,0.025758346043043553,0.09862735129639044,0.05371970852397898,0.7781731909845789,0.0340620233858668
75,W02000080,1,0.113107822410148,0.008324524312896407,0.021273784355179706,0.08152748414376321,0.04849365750528541,0.815406976744186,0.024973572938689216
76,W02000081,1,0.11988666548609882,0.012750132813883479,0.02479192491588454,0.07968833008677173,0.05241721267929874,0.8037896228085709,0.026562776695590578
77,W02000082,1,0.10798254258763902,0.010136562016049556,0.02027312403209911,0.07630578628748416,0.05223145149936646,0.8138814585386457,0.02717161762635506
78,W02000083,1,0.16132556445739257,0.01638747268754552,0.02415634862830784,0.11932507890264628,0.06797766448167031,0.7330662782228696,0.03908715707696043
79,W02000084,1,0.097013429544999,0.009821607536580478,0.014231308879534978,0.07215874924834637,0.047905391862096615,0.8276207656845059,0.02826217678893566
80,W02000085,1,0.12457874634913503,0.01134576499662997,0.022803864300157267,0.08941810829027184,0.05234778701415412,0.7991462592675803,0.024938216131206472
81,W02000086,1,0.11230706742485784,0.011169780666125102,0.017059301380991064,0.08326563769293258,0.05199025182778229,0.8125507717303005,0.0239642567018684
82,W02000087,1,0.08224920497253542,0.006504770164787511,0.01647875108412836,0.056663775657704536,0.04191962995085285,0.8605088175773344,0.01792425556519225
83,W02000088,1,0.11810334042287002,0.01226072813711998,0.020517953209057926,0.08444889278118353,0.04629050419116727,0.8107093706993619,0.025772550982109347
84,W02000089,1,0.11349654739485247,0.011048336472065285,0.022598870056497175,0.07897049591964846,0.043565599497802886,0.8239799121155054,0.019836785938480855
85,W02000090,1,0.18531654548678844,0.019329668380918603,0.032807235325412305,0.1317609505231424,0.10001773364071644,0.6786664302181238,0.03741798191168647
86,W02000091,1,0.17286874154262516,0.018267929634641408,0.02774018944519621,0.1256765899864682,0.08812584573748308,0.7090663058186739,0.03112313937753721
87,W02000092,1,0.24909855769230768,0.024939903846153848,0.04251802884615385,0.17833533653846154,0.10591947115384616,0.6159855769230769,0.032301682692307696
88,W02000093,1,0.1202125996560888,0.011255275910583085,0.02141628888541504,0.08582147881819603,0.06471783648585275,0.7869313740816007,0.029857745818352353
89,W02000094,1,0.11768082663605052,0.01079219288174512,0.023880597014925373,0.08208955223880597,0.07474167623421354,0.7777267508610792,0.03076923076923077
90,W02000095,1,0.08523086654016446,0.008380771663504111,0.01881720430107527,0.056451612903225805,0.03763440860215054,0.8605313092979127,0.018184693232131562
91,W02000096,1,0.17501169864295743,0.017625955389174854,0.03026048978318515,0.12603338012790516,0.07112774918109499,0.7306192481672126,0.024333177351427236
92,W02000097,1,0.3173531397704254,0.023520144046815215,0.03972541075849651,0.2517443169029935,0.08665316227774027,0.5690974566734188,0.029259509340535676
93,W02000098,1,0.1262848751835536,0.010605318975363029,0.02414749551313428,0.08892152063958231,0.05922662750856583,0.7875673029858052,0.029531734377549357
94,W02000099,1,0.12195121951219512,0.012272797887214542,0.016156594686965977,0.09119154885816375,0.053285692092589716,0.8047226969084977,0.022370669566568278
95,W02000100,1,0.5384487901889294,0.03065959562479284,0.05585018230029831,0.44713291349022205,0.08352668213457076,0.35349685117666557,0.029333775273450446
96,W02000101,1,0.11888243015188449,0.009750609413088317,0.019313707106694167,0.08850553159572473,0.04856553534595912,0.8061128820551284,0.027751734483405212
97,W02000102,1,0.2745868106692849,0.01718213058419244,0.037637047946326295,0.21633120602192768,0.08394698085419734,0.6090656193748977,0.035837015218458515
98,W02000103,1,0.10707869205892921,0.0064678404599353215,0.019223859144807762,0.0801293568091987,0.057132590729428674,0.8151275601868487,0.021918792669780814
99,W02000104,1,0.1448935099781989,0.011235955056179775,0.029347643803454636,0.10229750125775616,0.06422941472413214,0.7632064397115546,0.02968304544692269
100,W02000105,1,0.15017343399306263,0.013466639461334421,0.03305447867782085,0.10201999591920016,0.0634564374617425,0.7622934095082636,0.02570903897163844
101,W02000106,1,0.1794871794871795,0.01724941724941725,0.03527583527583528,0.12463092463092464,0.08376068376068375,0.6966588966588967,0.04242424242424243
102,W02000107,1,0.08595841054148651,0.0074119827053736875,0.016574016882849495,0.0596046942557134,0.023265390158534075,0.8764669549104386,0.016676961087090797
103,W02000108,1,0.11703833260457659,0.008890832240198222,0.017344410435796532,0.08788806296458242,0.048535198950590296,0.810085993295438,0.027255502113394548
104,W02000109,1,0.12461059190031153,0.013434579439252336,0.023559190031152647,0.08586448598130841,0.04244548286604361,0.8095794392523364,0.02511682242990654
105,W02000110,1,0.15270646912131436,0.011882059556989878,0.022443890274314215,0.11603344579727153,0.05618307173243362,0.7622121167669063,0.031245415872084494
106,W02000111,1,0.09774896011744556,0.0066063126988010765,0.020185955468558846,0.06948862246146317,0.04024957181306582,0.8364325911426475,0.027036946415463666
107,W02000113,1,0.12695826544679784,0.010903622007770397,0.02017796716380499,0.09399674144629652,0.055019425993232236,0.7835568366963278,0.03634540669256799
108,W02000114,1,0.09986762759229298,0.009854390351522283,0.01426680394175614,0.07339314605088984,0.04294749227827622,0.8271804677158405,0.03235769966171496
109,W02000116,1,0.5082165948275862,0.038389008620689655,0.054014008620689655,0.41204202586206895,0.09159482758620689,0.3760775862068966,0.027882543103448277
110,W02000117,1,0.27380350096124656,0.019629667105130023,0.023272285743195387,0.2297885257512901,0.05484164727309521,0.6452494181928564,0.027218455934432863
111,W02000118,1,0.32851842035515505,0.02703419029949642,0.04757487410548635,0.2504638218923933,0.11144977471508084,0.5304797243572754,0.032997614630267694
112,W02000120,1,0.551265911316268,0.04070499370541335,0.05497272345782627,0.4541893971184781,0.07931179185900127,0.3522170932997622,0.018604000559518812
113,W02000122,1,0.48551724137931035,0.03325670498084291,0.045057471264367814,0.40521072796934865,0.08383141762452108,0.41118773946360154,0.021455938697318006
114,W02000123,1,0.5244279529993816,0.0329004329004329,0.050340136054421766,0.43883735312306743,0.06456400742115027,0.39183673469387753,0.021521335807050092
115,W02000124,1,0.5197713752478712,0.046891403242738834,0.06940394261052141,0.40067654263385044,0.1035810101481395,0.3541350752362067,0.0253120261285431
116,W02000125,1,0.5462265443089988,0.0313655663607725,0.054923983016025205,0.4582933844678811,0.07190795781399809,0.3676208738528969,0.01588823448842624
117,W02000126,1,0.5349364220067985,0.04406395568425028,0.05816442150321038,0.4294347223970792,0.08044819337781695,0.36610852322799947,0.02178018380964371
118,W02000127,1,0.3726550079491256,0.04197138314785374,0.06422893481717011,0.2652888182299947,0.11118177000529941,0.4850026497085321,0.03232644409114997
119,W02000128,1,0.33169734151329244,0.03967280163599182,0.05698704839809134,0.2331288343558282,0.1116564417177914,0.5277436946148603,0.030811179277436946
120,W02000129,1,0.33728530171758625,0.034047727618179056,0.04088767289861681,0.25991792065663477,0.08344733242134063,0.5588995288037696,0.022799817601459188
121,W02000130,1,0.14984107764492205,0.014227334645073407,0.032995308006659604,0.10004540638716512,0.04964431663387316,0.7793249583774784,0.023762675949750265
122,W02000131,1,0.138743846039087,0.013874384603908697,0.030135760107414592,0.09309264508429062,0.05519916455318514,0.7824854542742056,0.025212591376995375
123,W02000132,1,0.20114850853405647,0.020098899345988196,0.03238156005742543,0.14707289838889775,0.07417450949114691,0.7009092359227947,0.02536289679374701
124,W02000133,1,0.1290983606557377,0.012038934426229508,0.022797131147540985,0.09221311475409837,0.0585297131147541,0.7935450819672131,0.020876024590163935
125,W02000134,1,0.11610802990113335,0.012177477694719075,0.023631540872920184,0.07812876778394019,0.04497226911020014,0.8187846636122498,0.02230528092597058
126,W02000135,1,0.08964474678760392,0.011035525321239607,0.02161753590325019,0.055782312925170066,0.036281179138321996,0.8612244897959184,0.014058956916099773
127,W02000136,1,0.11239470517448857,0.010830324909747292,0.02045728038507822,0.07906137184115523,0.05306859205776173,0.8141997593261131,0.022382671480144403
128,W02000137,1,0.08934707903780069,0.00956222919468101,0.01703272075302555,0.059614522635589424,0.03436426116838488,0.8629911848199612,0.016435081428357985
129,W02000138,1,0.09253125333903195,0.008334223741852761,0.020301314242974676,0.06250667806389572,0.04263275991024682,0.8450689176194038,0.021156106421626242
130,W02000139,1,0.11180870959123698,0.011755276516163505,0.019369489714133048,0.07787870691958322,0.04274646005877638,0.8286134117018434,0.0196366550895004
131,W02000140,1,0.1055753262158956,0.01319691577698695,0.01972123368920522,0.07132265717674971,0.04033214709371293,0.8348161328588375,0.02061091340450771
132,W02000141,1,0.10898261429491307,0.00901481004507405,0.0206052801030264,0.07775273663876368,0.049420476497102385,0.8216355441081777,0.021571152607855762
133,W02000142,1,0.5803013597941933,0.036751194413818446,0.06651966188901139,0.47464167585446526,0.07001102535832414,0.3337008452774715,0.018375597206909223
134,W02000143,1,0.4355579096045198,0.0368997175141243,0.048728813559322036,0.3481638418079096,0.09781073446327683,0.4429731638418079,0.025423728813559324
135,W02000144,1,0.5258597707278059,0.03745667821914156,0.05758464409490802,0.42881898160490534,0.07944548120501199,0.3802985870434551,0.016395627832577978
136,W02000145,1,0.5109740352890546,0.04576100989814948,0.064840051642519,0.3977908477980204,0.1091665471237986,0.3586286042174724,0.023812939320040166
137,W02000146,1,0.5373157486423584,0.04266873545384019,0.05865011636927851,0.4330488750969744,0.08378588052754073,0.35453840186190844,0.02730799069045772
138,W02000147,1,0.43581976524043925,0.03332071185157137,0.05452480121166225,0.3458286002776726,0.1146030543985864,0.4253439353780134,0.026378896882494004
139,W02000148,1,0.37426782468188247,0.03595233286204807,0.06948091294687941,0.26661280549383964,0.14077964047667138,0.46010906887497477,0.02706523934558675
140,W02000149,1,0.4195746095048189,0.04469923562645397,0.07211698238617481,0.3002658690594882,0.13791957460950482,0.4132602193419741,0.03173811897640412
141,W02000151,1,0.6293091416608514,0.05596650383810189,0.10104675505931612,0.4697836706210747,0.09546406140963015,0.26210746685275643,0.015631542219120727
142,W02000152,1,0.5570991588070354,0.05786387968391537,0.09903135355595208,0.39803721641600814,0.12108080550599032,0.3023196533265358,0.021667091511598267
143,W02000153,1,0.5503649635036496,0.054280026542800265,0.06688785666887857,0.42733908427339085,0.10471134704711348,0.3263437292634373,0.020437956204379562
144,W02000154,1,0.5203052602889071,0.05928045789043336,0.09403107113654947,0.36195148541837013,0.14663396020714092,0.30553284273644044,0.03257018261106569
145,W02000156,1,0.6349307232744376,0.06114147705605694,0.09266556501843143,0.47921698233125715,0.09037752637600102,0.26223465107410704,0.014363798144146435
146,W02000157,1,0.6384739140427488,0.05607906228453229,0.07837278786485866,0.5019535738910595,0.07952194897724661,0.2674097908526775,0.016662836129625373
147,W02000158,1,0.452072302355304,0.05039255066642322,0.07741464305276612,0.32280445499360966,0.12981559247763375,0.39035968595946685,0.02921307285010042
148,W02000159,1,0.46908097027673384,0.052101127434233,0.08558250768705158,0.33020157157499147,0.1400751622822002,0.365732832251452,0.026306798770071745
149,W02000160,1,0.37616951018161804,0.035635663181067694,0.06150247660979637,0.2779306549257017,0.13511282333516786,0.45762245459548706,0.032195927352779305
150,W02000161,1,0.27363367799113736,0.03212703101920236,0.06222304283604136,0.17725258493353027,0.13903249630723782,0.551698670605613,0.03766617429837518
151,W02000162,1,0.31622696060715577,0.036622093723647754,0.054571738344777736,0.22262378026743765,0.13877846042645464,0.5064450066257078,0.04095892061197446
152,W02000163,1,0.28145885048692,0.03207943479091083,0.05251097956845522,0.19572274202787857,0.1309910253962192,0.5491693717777354,0.03952644643880084
153,W02000164,1,0.30845697329376853,0.032047477744807124,0.0572700296735905,0.21839762611275965,0.14317507418397626,0.5149851632047477,0.03412462908011869
154,W02000165,1,0.2302601200554102,0.025858088348468523,0.046790826535323994,0.15653378482376482,0.13529321225180851,0.5953517007849777,0.04017238725565646
155,W02000166,1,0.2845107714526417,0.02948609941027801,0.05620411601877482,0.1966542303526297,0.13599711156577204,0.549644963292815,0.03201347935973041
156,W02000167,1,0.2014202711426727,0.022164837529588984,0.04777275661717237,0.12986873251560146,0.1262104583602324,0.63998278459221,0.03400043038519475
157,W02000168,1,0.3158591036877791,0.03075905407640152,0.05787994046634695,0.225070282784852,0.11377542583099057,0.5442368116421366,0.028278485199272365
158,W02000169,1,0.23879272081668887,0.024411895250776743,0.03994673768308921,0.17299156679982247,0.10008877052818464,0.6354860186418109,0.027075011096316024
159,W02000170,1,0.12724177071509649,0.013734392735527809,0.02122587968217934,0.09160045402951192,0.0623155505107832,0.7821793416572077,0.02894438138479001
160,W02000171,1,0.16317108560875873,0.01490568526579607,0.027041287429099062,0.11990502572220024,0.07136261706898826,0.7425141801873104,0.02427120432660599
161,W02000172,1,0.14060197853083561,0.01873289833719217,0.033571879604293836,0.08724479057040622,0.08566617554199116,0.7423700273626604,0.03241422858345611
162,W02000173,1,0.14537695590327168,0.015362731152204837,0.02503556187766714,0.10384068278805121,0.059743954480796585,0.7644381223328591,0.031578947368421054
163,W02000174,1,0.16407307171853858,0.017027514659449707,0.029769959404600813,0.11535859269282815,0.08964817320703654,0.7142534957149301,0.033942264321154714
164,W02000175,1,0.10812975570684821,0.011613936724068883,0.024295821652649846,0.07101855560005339,0.05473234548124416,0.8121746095314377,0.026164731010545988
165,W02000176,1,0.0977906976744186,0.009302325581395349,0.01627906976744186,0.07104651162790698,0.05197674418604651,0.8254651162790698,0.025930232558139536
166,W02000177,1,0.13177721967794356,0.014920963214655044,0.022159846358398582,0.09410548086866598,0.052444969714876645,0.7922883734672773,0.02408036637612646
167,W02000178,1,0.07445412241975898,0.00847154277532514,0.013602195442071353,0.05094857415582866,0.03519866364395657,0.8734041283856342,0.018374895597184106
168,W02000179,1,0.13130699088145897,0.0121580547112462,0.024620060790273558,0.09316109422492401,0.0688449848024316,0.7671732522796353,0.03404255319148936
169,W02000180,1,0.08583247156153051,0.010211995863495346,0.013314374353671148,0.060496380558428126,0.042269906928645296,0.8565149948293692,0.0171923474663909
170,W02000181,1,0.08783579837005735,0.006036824630244492,0.01992152127980682,0.06051916691820103,0.047087232115907034,0.8451554482342288,0.021279806821611832
171,W02000182,1,0.06743185078909612,0.006260597365331942,0.011477761836441894,0.0481283422459893,0.04578061823398983,0.864484152862919,0.02386852745532803
172,W02000183,1,0.06134900011298158,0.006213987120099424,0.009603434640153655,0.04372387300869958,0.03536323579256581,0.8863405264941815,0.01875494294430008
173,W02000184,1,0.09307875894988067,0.009248210023866348,0.01685560859188544,0.0659307875894988,0.05608591885441527,0.8274164677804295,0.024463007159904536
174,W02000185,1,0.1390258331690002,0.017747978702425556,0.030960362847564583,0.08814829422204694,0.08006310392427529,0.7456123052652337,0.03746795503845395
175,W02000186,1,0.05818624467437614,0.0064516129032258064,0.013877054169202678,0.036518563603164945,0.03566646378575776,0.8953134510042605,0.012172854534388313
176,W02000187,1,0.07674418604651163,0.008586762075134168,0.015742397137745976,0.05134168157423971,0.0445438282647585,0.8527728085867621,0.02701252236135957
177,W02000188,1,0.06674354908461871,0.004901254144442843,0.012541444428427273,0.04843592330978809,0.035606169814040654,0.8800634279948104,0.018451780308490703
178,W02000189,1,0.10033444816053512,0.010290712631849755,0.01775147928994083,0.07023411371237458,0.048494983277591976,0.8266014921533316,0.026627218934911243
179,W02000190,1,0.0852505796326021,0.008917424647761726,0.01141430354913501,0.06313536650615302,0.044230426252898164,0.8435883716782593,0.02871410736579276
180,W02000191,1,0.11302110138960371,0.00833762223365929,0.015131240349974267,0.0871847658260422,0.04076170869788986,0.8215131240349974,0.027071538857436954
181,W02000192,1,0.07058025110281642,0.006899671982807375,0.012215812690872073,0.051238547675602306,0.0332541567695962,0.8724126230064473,0.02397918787467481
182,W02000193,1,0.09335324869305452,0.009708737864077669,0.011522458124399872,0.07062840072548811,0.031793449269177425,0.8475408087058572,0.02880614531099968
183,W02000194,1,0.12001281845858036,0.010575228328793462,0.014580996635154622,0.09389520910110559,0.0445441435667361,0.8117288896010255,0.024675532767184746
184,W02000195,1,0.10061919504643962,0.010663914688682491,0.016855865153078776,0.0718954248366013,0.05194358445132439,0.8176814585483316,0.030959752321981424
185,W02000196,1,0.08173384516954575,0.008957133717210493,0.015355086372360844,0.05598208573256558,0.046065259117082535,0.8469289827255279,0.026711452335252718
186,W02000197,1,0.10001613163413454,0.011614776576867237,0.019035328278754638,0.06726891434102275,0.048556218744958864,0.8272301984190998,0.02629456363929666
187,W02000198,1,0.10218676935772246,0.010039884472562233,0.01856690964103975,0.07234218126805116,0.04937422637876496,0.8239581900701417,0.025718608169440244
188,W02000200,1,0.22841335704406243,0.0306263584271883,0.040110650069156296,0.15589804386484885,0.09998024105907924,0.6393993281960086,0.03398537838371863
189,W02000201,1,0.1857278782112274,0.018648905803996193,0.03158896289248335,0.13434823977164606,0.07269267364414843,0.6959086584205518,0.04681255946717412
190,W02000202,1,0.2969195156695157,0.03418803418803419,0.053863960113960115,0.2077991452991453,0.12108262108262108,0.5513710826210826,0.0316951566951567
191,W02000203,1,0.11833867766071156,0.011452130096197893,0.01923957856161246,0.08657810352725608,0.05787143075278668,0.7796610169491526,0.04519774011299435
192,W02000204,1,0.12933195693850463,0.01548444182274001,0.018286388438283438,0.09482377230496977,0.07078601976109718,0.7606547706827902,0.03996460699011945
193,W02000205,1,0.11746415615823112,0.012091898428053204,0.016928657799274487,0.08654344446363793,0.05907756089134566,0.7845914665745379,0.040766971843150805
194,W02000206,1,0.09247148288973384,0.010190114068441065,0.01779467680608365,0.06220532319391635,0.05186311787072243,0.8266159695817491,0.03133079847908745
195,W02000207,1,0.10216535433070865,0.00984251968503937,0.015748031496062992,0.07618110236220473,0.05295275590551181,0.8106299212598426,0.03464566929133858
196,W02000208,1,0.11490576813249571,0.010850942318675044,0.017018846373500856,0.08635065676756139,0.05276984580239863,0.7969160479725871,0.03609366076527699
197,W02000209,1,0.0674931129476584,0.007280598189689099,0.01338055883510429,0.0448642266824085,0.03325462416371507,0.8648170011806375,0.03640299094844549
198,W02000210,1,0.08645533141210375,0.007845020813320525,0.01921229586935639,0.057957092539225104,0.04178674351585014,0.846141530579571,0.027057316682676913
199,W02000211,1,0.08935559613879468,0.006391860161753196,0.017740673102008872,0.06457083224628228,0.04813462040177407,0.8395512653274197,0.023610748760761805
200,W02000212,1,0.16149402122799947,0.019212683057906757,0.029423619508262798,0.110708047830176,0.08249361816471852,0.7187961843342738,0.0393658471046621
201,W02000213,1,0.08405009808359741,0.007243096423721141,0.015391579900407425,0.05960464765353855,0.045722046174739704,0.8303908254111966,0.04164780443639656
202,W02000214,1,0.07921626461603287,0.008427262193194986,0.012430211734962605,0.0573053829137259,0.038344042979037186,0.860423469925208,0.023069630253871272
203,W02000215,1,0.0769661662558817,0.008178355366345508,0.015124355814474568,0.05164687429979834,0.03764284113824781,0.8613040555680036,0.02610351781313018
204,W02000216,1,0.08934054686357655,0.007164790174002047,0.01359847930984062,0.06696885509577423,0.047375347272993126,0.8347711653750548,0.030121362772335136
205,W02000217,1,0.09025974025974026,0.009577922077922078,0.014935064935064935,0.06412337662337662,0.047402597402597405,0.8353896103896103,0.02857142857142857
206,W02000218,1,0.09543071161048688,0.008838951310861423,0.012284644194756554,0.07250936329588015,0.03895131086142322,0.8356554307116105,0.03176029962546816
207,W02000219,1,0.12103505843071787,0.010712298274902615,0.013494713411240956,0.09543683917640512,0.04660545353366723,0.7881190873678353,0.045631608235948806
208,W02000220,1,0.07419481027513365,0.0069109401486504105,0.016560177337332116,0.048767766331985915,0.031946798800365106,0.8525231451297431,0.043291172251923325
209,W02000221,1,0.0950920245398773,0.006268338223526274,0.015070685516137636,0.07281941851160309,0.03134169111763137,0.8378234195785543,0.03667644705254735
210,W02000222,1,0.12639096495598737,0.009632951336987211,0.016940707523667164,0.09848862315230028,0.04849692742069424,0.7722969606377678,0.05414382992858329
211,W02000223,1,0.0883310979114773,0.009771986970684038,0.014562176662195824,0.06284728875263461,0.04272849204828511,0.8350258670243341,0.035064188541866256
212,W02000224,1,0.10041407867494824,0.009316770186335404,0.012249827467218772,0.0779848171152519,0.03761214630779848,0.832815734989648,0.030020703933747412
213,W02000225,1,0.0881221587597622,0.009325096165054203,0.013637953141391771,0.06399347243268447,0.04009791350973307,0.8295838675836344,0.04336169716750204
214,W02000226,1,0.11170486075429041,0.009146028157435001,0.018086527592231016,0.08323913266879046,0.04203062377967321,0.8138937416503956,0.03360394615147467
215,W02000227,1,0.10281065088757396,0.008875739644970414,0.015088757396449704,0.07751479289940828,0.042455621301775145,0.8218934911242604,0.0341715976331361
216,W02000228,1,0.08741721854304636,0.0075055187637969095,0.012950699043414275,0.06578366445916115,0.04415011037527594,0.8347314201618837,0.03487858719646799
217,W02000229,1,0.07622259696458684,0.006239460370994941,0.013322091062394605,0.0551433389544688,0.034401349072512646,0.8561551433389545,0.03473861720067454
218,W02000230,1,0.11559392006004879,0.012385062863576657,0.015387502345655845,0.08707074498029649,0.04466128729592794,0.8040908237943329,0.03640457872021017
219,W02000231,1,0.0857251714503429,0.0095250190500381,0.0127000254000508,0.06235712471424943,0.03962407924815849,0.8462026924053848,0.029591059182118365
220,W02000232,1,0.0943526170798898,0.008264462809917356,0.012913223140495868,0.07214187327823691,0.040289256198347105,0.8367768595041323,0.029614325068870524
221,W02000233,1,0.09787873726407216,0.008852513779856356,0.017705027559712712,0.06948388174377819,0.03774845498580257,0.8388174377818607,0.027392684148989477
222,W02000234,1,0.11574858053590995,0.009961151509114453,0.01862735332204403,0.08626357206893116,0.04691702360792908,0.805657934057177,0.032572965434804264
223,W02000235,1,0.09019830028328613,0.0084985835694051,0.01461756373937677,0.06617563739376771,0.04498583569405099,0.8284419263456091,0.03728045325779037
224,W02000236,1,0.07959542656112577,0.00732922896511287,0.01289944297859865,0.058340662562298445,0.04206977425974787,0.8447669305189094,0.034593960715332744
225,W02000237,1,0.12565343659244918,0.009874152952565343,0.02032913843175218,0.09506292352371733,0.048015488867376575,0.7918683446272992,0.03484995159728945
226,W02000238,1,0.11943018055325492,0.01027000165645188,0.018883551432830877,0.08928275633592844,0.0414112970018221,0.8088454530395892,0.03130694053337751
227,W02000239,1,0.12575034631368323,0.008157611205171618,0.017084808373095273,0.09927658919501309,0.03601662305679544,0.8139141142065569,0.025550253963367707
228,W02000240,1,0.10508274231678487,0.007565011820330969,0.016430260047281323,0.08026004728132388,0.040780141843971635,0.8356973995271868,0.019267139479905437
229,W02000241,1,0.11442889956149509,0.010649404886197537,0.01795782000417624,0.08488202129880977,0.03643766965963667,0.8283566506577573,0.021716433493422425
230,W02000242,1,0.09988140730003953,0.008828567663723811,0.011200421662933193,0.07919356964026882,0.02977994465674002,0.8484648833838451,0.02253261299248913
231,W02000243,1,0.10077874484654145,0.007329363261566651,0.012711864406779662,0.07947778286761338,0.02565277141548328,0.8544434264773247,0.02038479157123225
232,W02000244,1,0.09888980263157894,0.0069901315789473685,0.014905427631578948,0.07586348684210527,0.030941611842105265,0.8499177631578947,0.02138157894736842
233,W02000245,1,0.10671404067630483,0.007106101445724087,0.01666258270031855,0.081720166625827,0.02646410193580005,0.8518745405537859,0.016172506738544475
234,W02000246,1,0.10726256983240223,0.008007448789571695,0.017877094972067038,0.08063314711359404,0.0297951582867784,0.839292364990689,0.024394785847299812
235,W02000247,1,0.09653265752793457,0.009906692777329801,0.017048727105172214,0.06819490842068886,0.034558230618592325,0.8466766501555121,0.023614790922704756
236,W02000248,1,0.11141304347826086,0.010384316770186336,0.01688664596273292,0.08258928571428571,0.030182453416149068,0.8402562111801242,0.01970108695652174
237,W02000249,1,0.1186499652052888,0.00951055439573185,0.016585479007190908,0.09069821387149153,0.03363488749710044,0.8254465321271167,0.024124333101368592
238,W02000250,1,0.09158347834050737,0.005861342613792472,0.01501969044784321,0.06859602527704002,0.029398296547302867,0.8600604450957048,0.021064200018316697
239,W02000251,1,0.11756789821384879,0.011010521164668462,0.014803034010276486,0.09040861267433326,0.03768045020797651,0.8250550526058233,0.021042329336921947
240,W02000252,1,0.1431068640018646,0.011537116886143806,0.02179233189604941,0.10861204987763663,0.06129821699102669,0.7587693741988113,0.03799091015033213
241,W02000253,1,0.11878907535373479,0.010200723922342876,0.01793353076669957,0.08769332017110892,0.05955906548206647,0.7833168805528135,0.04129647910496874
242,W02000254,1,0.11507618283881316,0.010024057738572574,0.016840417000801924,0.08740978348035285,0.06107992515370222,0.7759957230686982,0.048650093557872226
243,W02000255,1,0.11227894561227894,0.00850850850850851,0.019352686019352687,0.08291624958291625,0.05005005005005005,0.7994661327994661,0.03970637303970637
244,W02000256,1,0.09244501115715652,0.008181914780575922,0.014769950058442248,0.0676867495484008,0.04537243651046648,0.8300924450111572,0.03389650409095739
245,W02000257,1,0.10402024177677818,0.009277481023334271,0.015040764689344954,0.07857745290975542,0.040202417767781835,0.8228844531908912,0.034017430418892325
246,W02000258,1,0.15573323641650008,0.013083772487733963,0.01671815373432673,0.12520443394512085,0.05451571869889151,0.7501362892967472,0.04034163183717972
247,W02000259,1,0.08824586628324946,0.007009345794392523,0.014737598849748382,0.06434219985621854,0.025341480948957586,0.8641265276779295,0.024442846872753415
248,W02000260,1,0.10796054948925678,0.006164142303628038,0.014617823177175061,0.08647411060232477,0.03663261711870377,0.8187742162733357,0.03733709052483269
249,W02000261,1,0.14534494306764903,0.011386470194239785,0.01929002009377093,0.11373074346952444,0.05840589417280643,0.7521768251841929,0.045010046885465504
250,W02000262,1,0.1211519364448858,0.007745779543197617,0.018669314796425026,0.09414101290963257,0.044687189672293945,0.7964250248262165,0.03833167825223436
251,W02000263,1,0.09012244897959183,0.005061224489795919,0.015020408163265307,0.06873469387755102,0.03869387755102041,0.8421224489795919,0.03036734693877551
252,W02000264,1,0.1046793760831889,0.007105719237435009,0.015424610051993068,0.08145580589254767,0.030155979202772965,0.8292894280762565,0.0365684575389948
253,W02000265,1,0.11064788732394366,0.006309859154929577,0.013971830985915493,0.08867605633802816,0.03707042253521127,0.8205070422535211,0.03346478873239437
254,W02000266,1,0.13798363611149633,0.008736652336707807,0.01830536680072112,0.10900013867702121,0.032866454028567464,0.8029399528498128,0.0281514353071696
